3 0.396875 0.22812500000000008 0.3875 0.22812500000000008 0.3875 0.2593750000000001 0.396875 0.2593750000000001
0 0.12343750000000005 0.5 0.11718750000000004 0.5 0.11718750000000004 0.5109375 0.12343750000000005 0.5109375
2 0.5109375 0.3671875000000001 0.4921875 0.3671875000000001 0.4921875 0.4125 0.5109375 0.4125
2 0.19687500000000005 0.39375 0.17968750000000006 0.39375 0.17968750000000006 0.4484375 0.19687500000000005 0.4484375
2 0.8671875 0.4265625000000002 0.853125 0.4265625000000002 0.853125 0.4859375000000002 0.8671875 0.4859375000000002
2 0.17812500000000003 0.4453125 0.15312500000000004 0.4453125 0.15312500000000004 0.4984375 0.17812500000000003 0.4984375
2 0.3234375000000001 0.384375 0.3046875000000001 0.384375 0.3046875000000001 0.4328125 0.3234375000000001 0.4328125
2 0.8453125 0.5953125000000001 0.828125 0.5953125000000001 0.828125 0.6703125000000002 0.8453125 0.6703125000000002
2 0.5625 0.30156250000000007 0.5453125 0.30156250000000007 0.5453125 0.3375000000000001 0.5625 0.3375000000000001
2 0.33906250000000004 0.3296875 0.3203125 0.3296875 0.32031250000000006 0.36875 0.3390625000000001 0.36875
2 0.7421875 0.3843750000000001 0.728125 0.3843750000000001 0.728125 0.4390625000000002 0.7421875 0.4390625000000002
2 0.5546875 0.415625 0.534375 0.415625 0.534375 0.4703125 0.5546875 0.4703125
2 0.6453125 0.3312500000000001 0.6265625 0.3312500000000001 0.6265625 0.3781250000000001 0.6453125 0.3781250000000001
2 0.2140625000000001 0.4421875 0.18906250000000005 0.4421875 0.18906250000000005 0.5 0.2140625000000001 0.5
2 0.4890625 0.4234375 0.4734375 0.4234375 0.4734375 0.475 0.4890625 0.475
3 0.3781250000000001 0.4578125 0.3546875000000001 0.4578125 0.3546875000000001 0.5140625 0.3781250000000001 0.5140625
2 0.6890625 0.434375 0.6765625 0.434375 0.6765625 0.490625 0.6890625 0.490625
2 0.5640625 0.4875 0.5453125 0.4875 0.5453125 0.5453125 0.5640625 0.5453125
2 0.66875 0.5734375 0.6484375 0.5734375 0.6484375 0.6375 0.66875 0.6375
2 0.71875 0.4609375 0.7 0.4609375 0.7 0.521875 0.71875 0.521875
2 0.20312500000000008 0.51875 0.18593750000000003 0.51875 0.18593750000000006 0.584375 0.20312500000000008 0.584375
2 0.18593750000000006 0.5359375 0.16406250000000006 0.5359375 0.16406250000000006 0.6015625 0.1859375000000001 0.6015625
2 0.6765625 0.50625 0.653125 0.50625 0.653125 0.5625 0.6765625 0.5625