2 0.284375 0.2546875 0.259375 0.2546875 0.259375 0.3046875 0.284375 0.3046875
3 0.2796875 0.17968750000000006 0.2625 0.17968750000000006 0.2625 0.21875 0.2796875 0.21875
2 0.5796875 0.1781250000000001 0.56875 0.1781250000000001 0.56875 0.2218750000000001 0.5796875 0.2218750000000001
2 0.534375 0.2171875000000001 0.525 0.2171875000000001 0.525 0.2562500000000001 0.534375 0.2562500000000001
2 0.2734375 0.2640625 0.2546875 0.2640625 0.2546875 0.31875 0.2734375 0.31875
2 0.621875 0.2156250000000001 0.6078125 0.2156250000000001 0.6078125 0.2609375000000001 0.621875 0.2609375000000001
2 0.459375 0.2000000000000001 0.4484375 0.2000000000000001 0.4484375 0.2406250000000001 0.459375 0.2406250000000001
2 0.5375 0.2453125000000001 0.521875 0.2453125000000001 0.521875 0.2968750000000001 0.5375 0.2968750000000001
2 0.38750000000000007 0.34843750000000007 0.3609375 0.3484375 0.3609375 0.4078125 0.38750000000000007 0.4078125
2 0.4125 0.2671875000000001 0.3984375 0.2671875000000001 0.3984375 0.3187500000000001 0.4125 0.3187500000000001
3 0.459375 0.3781250000000001 0.4484375 0.3781250000000001 0.4484375 0.4421875 0.459375 0.4421875
2 0.3828125 0.2296875000000001 0.371875 0.2296875000000001 0.371875 0.27812500000000007 0.3828125 0.27812500000000007
2 0.5640625 0.2468750000000001 0.553125 0.2468750000000001 0.553125 0.3000000000000001 0.5640625 0.3000000000000001
2 0.22031250000000005 0.3625 0.203125 0.3625 0.20312500000000006 0.4234375 0.22031250000000008 0.4234375
2 0.7328125 0.2578125000000001 0.7203125 0.2578125000000001 0.7203125 0.3125000000000001 0.7328125 0.3125000000000001
2 0.30312500000000003 0.3453125 0.2890625 0.3453125 0.28906250000000006 0.40625 0.3031250000000001 0.40625
2 0.3078125 0.2296875 0.2875 0.2296875 0.2875 0.2796875 0.3078125 0.2796875
2 0.6421875 0.3031250000000001 0.6296875 0.3031250000000001 0.6296875 0.3625000000000001 0.6421875 0.3625000000000001
2 0.19218750000000007 0.4890625 0.17343750000000005 0.4890625 0.17343750000000008 0.559375 0.1921875000000001 0.559375
2 0.2406250000000001 0.396875 0.2218750000000001 0.396875 0.2218750000000001 0.465625 0.2406250000000001 0.465625
2 0.18125000000000008 0.6484375 0.1593750000000001 0.6484375 0.1593750000000001 0.74375 0.18125000000000008 0.74375
2 0.803125 0.48437500000000017 0.7828125 0.48437500000000017 0.7828125 0.5656250000000002 0.803125 0.5656250000000002
0 0.6140625 0.2484375000000001 0.6078125 0.2484375000000001 0.6078125 0.2609375000000001 0.6140625 0.2609375000000001