0 0.73125 0.5453125000000001 0.71875 0.5453125 0.71875 0.5578125 0.73125 0.5578125000000002
2 0.13750000000000004 0.2421875 0.12343750000000005 0.2421875 0.12343750000000005 0.2890625 0.13750000000000004 0.2890625
2 0.328125 0.19531250000000006 0.3109375 0.19531250000000006 0.3109375 0.246875 0.328125 0.246875
3 0.10312500000000005 0.1859375 0.08906250000000002 0.1859375 0.08906250000000002 0.2328125 0.10312500000000005 0.2328125
2 0.5171875 0.19375000000000003 0.5046875 0.19375000000000003 0.5046875 0.2390625000000001 0.5171875 0.2390625000000001
2 0.478125 0.21093750000000008 0.4671875 0.21093750000000008 0.4671875 0.2578125000000001 0.478125 0.2578125000000001
2 0.5890625 0.2406250000000001 0.5734375 0.2406250000000001 0.5734375 0.2968750000000001 0.5890625 0.2968750000000001
3 0.475 0.2875000000000001 0.4625 0.2875000000000001 0.4625 0.3421875000000001 0.475 0.3421875000000001
2 0.615625 0.5046875 0.596875 0.5046875 0.596875 0.571875 0.615625 0.571875
2 0.484375 0.30937500000000007 0.46875 0.30937500000000007 0.46875 0.3703125000000001 0.484375 0.3703125000000001
2 0.7046875 0.3281250000000001 0.6921875 0.3281250000000001 0.6921875 0.39531250000000007 0.7046875 0.39531250000000007
2 0.28906250000000006 0.3375 0.2734375 0.3375 0.27343750000000006 0.4 0.2890625000000001 0.4
2 0.2140625 0.2765625 0.19843750000000004 0.2765625 0.19843750000000004 0.3375 0.2140625 0.3375
2 0.3328125 0.284375 0.3171875 0.284375 0.3171875 0.3484375 0.3328125 0.3484375
2 0.08437500000000005 0.3640625 0.07187500000000005 0.3640625 0.07187500000000005 0.4296875 0.08437500000000005 0.4296875
2 0.575 0.3937500000000001 0.5546875 0.3937500000000001 0.5546875 0.4640625 0.575 0.4640625
2 0.23593750000000008 0.55625 0.2171875000000001 0.55625 0.2171875000000001 0.6421875 0.23593750000000008 0.6421875
2 0.403125 0.3343750000000001 0.3875 0.3343750000000001 0.38750000000000007 0.39531250000000007 0.403125 0.39531250000000007
2 0.6875 0.3609375000000001 0.671875 0.3609375000000001 0.671875 0.43125 0.6875 0.43125
2 0.7984375 0.5343750000000002 0.778125 0.5343750000000002 0.778125 0.6093750000000002 0.7984375 0.6093750000000002
2 0.3078125000000001 0.434375 0.2906250000000001 0.434375 0.2906250000000001 0.5109375 0.3078125000000001 0.5109375
2 0.7515625 0.3765625000000001 0.73125 0.3765625000000001 0.73125 0.44843750000000016 0.7515625 0.44843750000000016
2 0.8375 0.5609375000000002 0.8015625 0.5609375000000002 0.8015625 0.6312500000000002 0.8375 0.6312500000000002