3 0.4140625 0.2015625000000001 0.4015625 0.2015625000000001 0.4015625 0.2375000000000001 0.4140625 0.2375000000000001
2 0.7625 0.2828125000000001 0.7546875 0.2828125000000001 0.7546875 0.3281250000000001 0.7625 0.3281250000000001
2 0.5921875 0.2375000000000001 0.5796875 0.2375000000000001 0.5796875 0.2765625000000001 0.5921875 0.2765625000000001
3 0.628125 0.3031250000000001 0.615625 0.3031250000000001 0.615625 0.3546875000000001 0.628125 0.3546875000000001
2 0.6265625 0.3500000000000001 0.6109375 0.3500000000000001 0.6109375 0.403125 0.6265625 0.403125
2 0.753125 0.3031250000000001 0.7421875 0.3031250000000001 0.7421875 0.3546875000000001 0.753125 0.3546875000000001
2 0.4328125 0.2921875000000001 0.4203125 0.2921875000000001 0.4203125 0.34062500000000007 0.4328125 0.34062500000000007
2 0.7734375 0.3468750000000001 0.7609375 0.3468750000000001 0.7609375 0.40625000000000017 0.7734375 0.40625000000000017
2 0.590625 0.37187500000000007 0.578125 0.37187500000000007 0.578125 0.434375 0.590625 0.434375
2 0.803125 0.3500000000000001 0.7890625 0.3500000000000001 0.7890625 0.4078125000000002 0.803125 0.4078125000000002
2 0.6671875 0.40625 0.6546875 0.40625 0.6546875 0.4671875 0.6671875 0.4671875
2 0.83125 0.3859375000000001 0.8203125 0.3859375000000001 0.8203125 0.4515625000000002 0.83125 0.4515625000000002
2 0.5 0.4078125 0.484375 0.4078125 0.484375 0.46875 0.5 0.46875
2 0.89375 0.4890625000000002 0.878125 0.4890625000000002 0.878125 0.5593750000000002 0.89375 0.5593750000000002
2 0.4484375000000001 0.653125 0.43125 0.653125 0.4312500000000001 0.728125 0.44843750000000016 0.728125
2 0.3515625000000001 0.4078125 0.3375000000000001 0.4078125 0.3375000000000001 0.46875 0.3515625000000001 0.46875
2 0.51875 0.5140625 0.503125 0.5140625 0.503125 0.5859375 0.51875 0.5859375
3 0.07343750000000006 0.4234375 0.06250000000000004 0.4234375 0.06250000000000006 0.484375 0.07343750000000007 0.484375
2 0.9046875 0.5906250000000002 0.8875 0.5906250000000002 0.8875 0.6609375000000002 0.9046875 0.6609375000000002
2 0.440625 0.4734375 0.4234375 0.4734375 0.4234375 0.540625 0.440625 0.540625
2 0.5953125000000001 0.6546875 0.5703125 0.6546875 0.5703125000000001 0.740625 0.5953125000000001 0.740625
2 0.6671875 0.484375 0.6515625 0.484375 0.6515625 0.5546875 0.6671875 0.5546875
2 0.7890625 0.6203125000000002 0.76875 0.6203125000000002 0.76875 0.6984375000000002 0.7890625 0.6984375000000002