3 0.4203125 0.24218750000000008 0.4109375 0.24218750000000008 0.4109375 0.2718750000000001 0.4203125 0.2718750000000001
2 0.2390625000000001 0.384375 0.2218750000000001 0.384375 0.2218750000000001 0.44375 0.2390625000000001 0.44375
2 0.17812500000000003 0.459375 0.16093750000000004 0.459375 0.16093750000000004 0.5 0.17812500000000003 0.5
2 0.4828125 0.35625000000000007 0.4703125 0.35625000000000007 0.4703125 0.3984375000000001 0.4828125 0.3984375000000001
1 0.16093750000000004 0.359375 0.14531250000000004 0.359375 0.14531250000000004 0.4015625 0.16093750000000004 0.4015625
2 0.321875 0.3515625 0.3046875 0.3515625 0.30468750000000006 0.390625 0.3218750000000001 0.390625
2 0.49375 0.3109375000000001 0.4796875 0.3109375000000001 0.4796875 0.3515625000000001 0.49375 0.3515625000000001
2 0.3343750000000001 0.3890625 0.3218750000000001 0.3890625 0.3218750000000001 0.4359375 0.3343750000000001 0.4359375
3 0.3375000000000001 0.4375 0.3281250000000001 0.4375 0.3281250000000001 0.4890625 0.3375000000000001 0.4890625
2 0.6046875 0.3421875000000001 0.590625 0.3421875000000001 0.590625 0.3968750000000001 0.6046875 0.3968750000000001
2 0.2234375000000001 0.4171875 0.2093750000000001 0.4171875 0.2093750000000001 0.465625 0.2234375000000001 0.465625
2 0.865625 0.44531250000000017 0.853125 0.44531250000000017 0.853125 0.4968750000000002 0.865625 0.4968750000000002
2 0.4796875 0.4578125 0.46875 0.4578125 0.46875 0.5140625 0.4796875 0.5140625
2 0.8359375 0.4031250000000002 0.8234375 0.4031250000000002 0.8234375 0.4546875000000002 0.8359375 0.4546875000000002
3 0.9453125 0.7750000000000001 0.928125 0.7750000000000001 0.928125 0.859375 0.9453125 0.859375
2 0.4015625 0.40625 0.38750000000000007 0.40625 0.38750000000000007 0.45 0.4015625 0.45
2 0.5140625 0.4015625 0.496875 0.4015625 0.496875 0.4515625 0.5140625 0.4515625
2 0.796875 0.4578125000000002 0.7859375 0.4578125000000002 0.7859375 0.5125000000000002 0.796875 0.5125000000000002
2 0.6171875 0.5453125 0.603125 0.5453125 0.603125 0.6046875 0.6171875 0.6046875
2 0.59375 0.4421875 0.575 0.4421875 0.575 0.496875 0.59375 0.496875
2 0.7578125 0.44531250000000017 0.7421875 0.44531250000000017 0.7421875 0.5000000000000002 0.7578125 0.5000000000000002
2 0.8171875 0.5562500000000001 0.8015625 0.5562500000000001 0.8015625 0.6250000000000002 0.8171875 0.6250000000000002
0 0.18281250000000004 0.4953125 0.17656250000000004 0.4953125 0.17656250000000004 0.5046875 0.18281250000000004 0.5046875
2 0.18125000000000005 0.4484375 0.15625000000000006 0.4484375 0.15625000000000006 0.490625 0.18125000000000005 0.490625