2 0.89375 0.5328125000000001 0.8875 0.5328125000000001 0.8875 0.5671875000000002 0.89375 0.5671875000000002
2 0.68125 0.4640625 0.675 0.4640625 0.675 0.49375 0.68125 0.49375
2 0.7796875 0.5046875000000002 0.7703125 0.5046875000000002 0.7703125 0.5453125000000002 0.7796875 0.5453125000000002
2 0.8453125 0.5125000000000002 0.840625 0.5125000000000002 0.840625 0.5468750000000002 0.8453125 0.5468750000000002
2 0.73125 0.4921875000000001 0.725 0.4921875 0.725 0.5296875000000001 0.73125 0.5296875000000002
2 0.5796875 0.4578125 0.571875 0.4578125 0.571875 0.4921875 0.5796875 0.4921875
2 0.49375 0.5125 0.484375 0.5125 0.484375 0.5875 0.49375 0.5875
2 0.5234375 0.484375 0.5140625 0.484375 0.5140625 0.5296875 0.5234375 0.5296875
2 0.5546875 0.53125 0.54375 0.53125 0.54375 0.596875 0.5546875 0.596875
2 0.9390625 0.5468750000000002 0.9328125 0.5468750000000002 0.9328125 0.5812500000000002 0.9390625 0.5812500000000002
2 0.878125 0.5312500000000002 0.8734375 0.5312500000000002 0.8734375 0.5640625000000001 0.878125 0.5640625000000001
2 0.7984375 0.4984375000000002 0.7921875 0.4984375000000002 0.7921875 0.5359375000000002 0.7984375 0.5359375000000002
2 0.8046875 0.4781250000000002 0.8015625 0.4781250000000002 0.8015625 0.5031250000000002 0.8046875 0.5031250000000002
2 0.83125 0.5031250000000002 0.8265625 0.5031250000000002 0.8265625 0.5359375000000002 0.83125 0.5359375000000002
2 0.7484375 0.4671875000000002 0.7453125 0.4671875000000002 0.7453125 0.49531250000000016 0.7484375 0.49531250000000016
2 0.2593750000000001 0.496875 0.2531250000000001 0.496875 0.2531250000000001 0.5359375 0.2593750000000001 0.5359375
2 0.90625 0.5421875000000002 0.9 0.5421875000000002 0.9 0.5796875000000001 0.90625 0.5796875000000001
2 0.7609375 0.5437500000000002 0.75 0.5437500000000002 0.75 0.5984375000000002 0.7609375 0.5984375000000002
2 0.7453125 0.46875000000000017 0.7421875 0.46875000000000017 0.7421875 0.49531250000000016 0.7453125 0.49531250000000016
2 0.7875 0.4812500000000002 0.7828125 0.4812500000000002 0.7828125 0.5062500000000002 0.7875 0.5062500000000002
2 0.7890625 0.5296875000000002 0.7796875 0.5296875000000002 0.7796875 0.5750000000000002 0.7890625 0.5750000000000002
2 0.7890625 0.5000000000000002 0.7828125 0.5000000000000002 0.7828125 0.5375000000000002 0.7890625 0.5375000000000002
0 0.7796875 0.5343750000000002 0.7765625 0.5343750000000002 0.7765625 0.5453125000000002 0.7796875 0.5453125000000002
2 0.790625 0.5203125000000002 0.784375 0.5203125000000002 0.784375 0.5609375000000002 0.790625 0.5609375000000002