0 0.734375 0.4906250000000002 0.7328125 0.4906250000000002 0.7328125 0.4968750000000002 0.734375 0.4968750000000002
2 0.803125 0.4906250000000002 0.8 0.4906250000000002 0.8 0.5203125000000002 0.803125 0.5203125000000002
2 0.73125 0.4687500000000001 0.725 0.46875 0.725 0.5000000000000001 0.73125 0.5000000000000002
2 0.7828125 0.47968750000000016 0.778125 0.47968750000000016 0.778125 0.5078125000000002 0.7828125 0.5078125000000002
2 0.5703125 0.4578125 0.565625 0.4578125 0.565625 0.4953125 0.5703125 0.4953125
2 0.715625 0.48125 0.7109375 0.48125 0.7109375 0.5140625 0.715625 0.5140625
2 0.7515625 0.4625000000000002 0.7484375 0.4625000000000002 0.7484375 0.48750000000000016 0.7515625 0.48750000000000016
2 0.7921875 0.4828125000000002 0.7875 0.4828125000000002 0.7875 0.5109375000000002 0.7921875 0.5109375000000002
2 0.8125 0.4750000000000002 0.809375 0.4750000000000002 0.809375 0.5000000000000002 0.8125 0.5000000000000002
2 0.771875 0.47187500000000016 0.7671875 0.47187500000000016 0.7671875 0.5000000000000002 0.771875 0.5000000000000002
2 0.646875 0.4625 0.6421875 0.4625 0.6421875 0.5 0.646875 0.5
2 0.7640625 0.4812500000000002 0.7609375 0.4812500000000002 0.7609375 0.5062500000000002 0.7640625 0.5062500000000002
2 0.7578125 0.4671875000000002 0.7546875 0.4671875000000002 0.7546875 0.4937500000000002 0.7578125 0.4937500000000002
2 0.64375 0.4625 0.6390625 0.4625 0.6390625 0.4953125 0.64375 0.4953125
2 0.2953125000000001 0.4765625 0.2906250000000001 0.4765625 0.2906250000000001 0.5109375 0.2953125000000001 0.5109375
2 0.53125 0.48125 0.51875 0.48125 0.51875 0.5125 0.53125 0.5125
2 0.7671875 0.46406250000000016 0.7640625 0.46406250000000016 0.7640625 0.49531250000000016 0.7671875 0.49531250000000016
2 0.715625 0.4609375 0.7125 0.4609375 0.7125 0.4828125 0.715625 0.4828125
2 0.7875 0.48437500000000017 0.784375 0.48437500000000017 0.784375 0.5109375000000002 0.7875 0.5109375000000002
2 0.715625 0.4515625 0.7125 0.4515625 0.7125 0.4703125 0.715625 0.4703125
2 0.7640625 0.46875000000000017 0.7609375 0.46875000000000017 0.7609375 0.48437500000000017 0.7640625 0.48437500000000017