2 0.58125 0.4796875 0.575 0.4796875 0.575 0.5125 0.58125 0.5125
2 0.478125 0.475 0.471875 0.475 0.471875 0.5046875 0.478125 0.5046875
2 0.2000000000000001 0.525 0.19375000000000003 0.525 0.19375000000000006 0.55625 0.2000000000000001 0.55625
2 0.48125 0.4875 0.475 0.4875 0.475 0.525 0.48125 0.525
2 0.3625000000000001 0.5203125 0.3531250000000001 0.5203125 0.3531250000000001 0.56875 0.3625000000000001 0.56875
2 0.2718750000000001 0.5078125 0.2671875000000001 0.5078125 0.2671875000000001 0.5421875 0.2718750000000001 0.5421875
2 0.2328125000000001 0.50625 0.22812500000000008 0.50625 0.22812500000000008 0.5328125 0.2328125000000001 0.5328125
2 0.23593750000000008 0.50625 0.2328125000000001 0.50625 0.2328125000000001 0.5328125 0.23593750000000008 0.5328125
2 0.2500000000000001 0.4953125 0.2453125000000001 0.4953125 0.2453125000000001 0.5171875 0.2500000000000001 0.5171875
2 0.2484375000000001 0.49375 0.2453125000000001 0.49375 0.2453125000000001 0.5171875 0.2484375000000001 0.5171875
2 0.2250000000000001 0.509375 0.2218750000000001 0.509375 0.2218750000000001 0.5359375 0.2250000000000001 0.5359375
2 0.2468750000000001 0.515625 0.24218750000000008 0.515625 0.24218750000000008 0.546875 0.2468750000000001 0.546875
2 0.25468750000000007 0.4953125 0.2500000000000001 0.4953125 0.2500000000000001 0.51875 0.25468750000000007 0.51875
2 0.3671875000000001 0.4921875 0.3625000000000001 0.4921875 0.3625000000000001 0.5265625 0.3671875000000001 0.5265625
2 0.2578125000000001 0.5015625 0.2531250000000001 0.5015625 0.2531250000000001 0.534375 0.2578125000000001 0.534375
2 0.2500000000000001 0.515625 0.2453125000000001 0.515625 0.2453125000000001 0.546875 0.2500000000000001 0.546875
2 0.2296875000000001 0.5078125 0.2250000000000001 0.5078125 0.2250000000000001 0.534375 0.2296875000000001 0.534375
2 0.20312500000000008 0.50625 0.2000000000000001 0.50625 0.2000000000000001 0.5296875 0.20312500000000008 0.5296875
0 0.2500000000000001 0.5375 0.2484375000000001 0.5375 0.2484375000000001 0.540625 0.2500000000000001 0.540625
2 0.409375 0.4703125 0.4046875 0.4703125 0.4046875 0.4953125 0.409375 0.4953125
2 0.22656250000000008 0.5078125 0.2234375000000001 0.5078125 0.2234375000000001 0.5359375 0.22656250000000008 0.5359375