0 0.18906250000000005 0.45625 0.18750000000000006 0.45625 0.18750000000000006 0.459375 0.18906250000000005 0.459375
2 0.3812500000000001 0.3703125000000001 0.3781250000000001 0.3703125000000001 0.3781250000000001 0.4 0.3812500000000001 0.4
2 0.2750000000000001 0.4703125 0.2687500000000001 0.4703125 0.2687500000000001 0.503125 0.2750000000000001 0.503125
2 0.4125 0.3968750000000001 0.40625 0.3968750000000001 0.40625 0.44375 0.4125 0.44375
2 0.2609375000000001 0.4140625 0.2562500000000001 0.4140625 0.2562500000000001 0.446875 0.2609375000000001 0.446875
2 0.46875 0.36406250000000007 0.4609375 0.36406250000000007 0.4609375 0.3968750000000001 0.46875 0.3968750000000001
2 0.5078125 0.3656250000000001 0.5015625 0.3656250000000001 0.5015625 0.4 0.5078125 0.4
2 0.4953125 0.3593750000000001 0.4875 0.3593750000000001 0.4875 0.3921875000000001 0.4953125 0.3921875000000001
2 0.4109375 0.3671875000000001 0.40625 0.3671875000000001 0.40625 0.4015625 0.4109375 0.4015625
2 0.3046875000000001 0.3875 0.30156250000000007 0.3875 0.30156250000000007 0.409375 0.3046875000000001 0.409375
2 0.709375 0.3921875000000001 0.7046875 0.3921875000000001 0.7046875 0.41875 0.709375 0.41875
2 0.503125 0.36406250000000007 0.496875 0.36406250000000007 0.496875 0.3984375000000001 0.503125 0.3984375000000001
2 0.525 0.35625000000000007 0.51875 0.35625000000000007 0.51875 0.3843750000000001 0.525 0.3843750000000001
2 0.2593750000000001 0.4 0.2562500000000001 0.4 0.2562500000000001 0.415625 0.2593750000000001 0.415625
2 0.18437500000000004 0.440625 0.17968750000000006 0.440625 0.17968750000000006 0.4640625 0.18437500000000004 0.4640625
2 0.20468750000000008 0.4421875 0.2000000000000001 0.4421875 0.2000000000000001 0.475 0.20468750000000008 0.475
2 0.3375000000000001 0.378125 0.3343750000000001 0.378125 0.3343750000000001 0.3921875 0.3375000000000001 0.3921875
2 0.4015625 0.415625 0.3937500000000001 0.415625 0.3937500000000001 0.4734375 0.4015625 0.4734375
2 0.4546875 0.3578125000000001 0.45 0.3578125000000001 0.45 0.38750000000000007 0.4546875 0.38750000000000007
2 0.4296875 0.35625000000000007 0.4234375 0.35625000000000007 0.4234375 0.3734375000000001 0.4296875 0.3734375000000001
2 0.509375 0.34843750000000007 0.50625 0.34843750000000007 0.50625 0.3750000000000001 0.509375 0.3750000000000001
2 0.5359375 0.3859375000000001 0.525 0.3859375000000001 0.525 0.4140625 0.5359375 0.4140625