2 0.3156250000000001 0.525 0.3062500000000001 0.525 0.3062500000000001 0.575 0.3156250000000001 0.575
2 0.3234375000000001 0.4875 0.3187500000000001 0.4875 0.3187500000000001 0.5140625 0.3234375000000001 0.5140625
2 0.2671875000000001 0.534375 0.2609375000000001 0.534375 0.2609375000000001 0.58125 0.2671875000000001 0.58125
2 0.2156250000000001 0.5703125 0.20468750000000008 0.5703125 0.20468750000000008 0.6296875 0.2156250000000001 0.6296875
2 0.459375 0.478125 0.453125 0.478125 0.453125 0.509375 0.459375 0.509375
2 0.525 0.465625 0.51875 0.465625 0.51875 0.4921875 0.525 0.4921875
2 0.44375 0.48125 0.4375 0.48125 0.4375 0.5125 0.44375 0.5125
2 0.21250000000000008 0.5328125 0.2062500000000001 0.5328125 0.2062500000000001 0.5671875 0.21250000000000008 0.5671875
2 0.5421875 0.4734375 0.5359375 0.4734375 0.5359375 0.5046875 0.5421875 0.5046875
2 0.4375 0.5140625 0.4296875 0.5140625 0.4296875 0.5609375 0.4375 0.5609375
2 0.4140625 0.4890625 0.4078125 0.4890625 0.4078125 0.53125 0.4140625 0.53125
2 0.5625 0.4953125 0.55625 0.4953125 0.55625 0.5421875 0.5625 0.5421875
2 0.17187500000000006 0.5375 0.16718750000000004 0.5375 0.16718750000000007 0.571875 0.17187500000000008 0.571875
2 0.70625 0.484375 0.7 0.484375 0.7 0.51875 0.70625 0.51875
2 0.546875 0.4859375 0.5390625 0.4859375 0.5390625 0.528125 0.546875 0.528125
2 0.09843750000000008 0.6046875 0.08906250000000007 0.6046875 0.08906250000000007 0.675 0.0984375000000001 0.675
2 0.2406250000000001 0.496875 0.23593750000000008 0.496875 0.23593750000000008 0.521875 0.2406250000000001 0.521875
2 0.4515625 0.5140625 0.44375 0.5140625 0.44375 0.5609375 0.4515625 0.5609375
2 0.4359375000000001 0.6203125 0.4171875 0.6203125 0.4171875000000001 0.7265625 0.4359375000000002 0.7265625
2 0.2875000000000001 0.49375 0.2843750000000001 0.49375 0.2843750000000001 0.521875 0.2875000000000001 0.521875
0 0.17187500000000008 0.5671875 0.1687500000000001 0.5671875 0.1687500000000001 0.5734375 0.17187500000000008 0.5734375
2 0.4734375 0.5953125 0.45625 0.5953125 0.45625 0.690625 0.4734375 0.690625
2 0.38750000000000007 0.4671875 0.3843750000000001 0.4671875 0.3843750000000001 0.4859375 0.38750000000000007 0.4859375
2 0.490625 0.45625 0.4859375 0.45625 0.4859375 0.48125 0.490625 0.48125