2 0.3078125000000001 0.4921875 0.3046875000000001 0.4921875 0.3046875000000001 0.5140625 0.3078125000000001 0.5140625
2 0.7234375 0.490625 0.7171875 0.490625 0.7171875 0.525 0.7234375 0.525
2 0.17343750000000008 0.5484375 0.1671875000000001 0.5484375 0.1671875000000001 0.5890625 0.17343750000000008 0.5890625
2 0.3046875000000001 0.5171875 0.2984375000000001 0.5171875 0.2984375000000001 0.5609375 0.3046875000000001 0.5609375
2 0.1468750000000001 0.559375 0.1390625000000001 0.559375 0.1390625000000001 0.6015625 0.1468750000000001 0.6015625
2 0.2875000000000001 0.565625 0.2796875000000001 0.565625 0.2796875000000001 0.6296875 0.2875000000000001 0.6296875
2 0.19375000000000006 0.5421875 0.18750000000000006 0.5421875 0.18750000000000006 0.584375 0.1937500000000001 0.584375
2 0.07656250000000007 0.60625 0.06718750000000007 0.60625 0.06718750000000008 0.659375 0.07656250000000009 0.659375
2 0.06875000000000006 0.578125 0.06250000000000007 0.578125 0.06250000000000007 0.609375 0.06875000000000006 0.609375
2 0.5328125 0.4953125 0.5265625 0.4953125 0.5265625 0.54375 0.5328125 0.54375
2 0.07500000000000007 0.5765625 0.06875000000000006 0.5765625 0.06875000000000006 0.609375 0.07500000000000007 0.609375
2 0.2406250000000001 0.5375 0.2312500000000001 0.5375 0.2312500000000001 0.5859375 0.2406250000000001 0.5859375
2 0.1281250000000001 0.5765625 0.12031250000000009 0.5765625 0.12031250000000009 0.615625 0.1281250000000001 0.615625
2 0.2250000000000001 0.515625 0.21875000000000008 0.515625 0.21875000000000008 0.55 0.2250000000000001 0.55
2 0.12656250000000008 0.5515625 0.12031250000000009 0.5515625 0.12031250000000009 0.578125 0.12656250000000008 0.578125
2 0.3312500000000001 0.5625 0.3218750000000001 0.5625 0.3218750000000001 0.6375 0.3312500000000001 0.6375
2 0.2515625000000001 0.5484375 0.24218750000000008 0.5484375 0.24218750000000008 0.6078125 0.2515625000000001 0.6078125
2 0.2609375000000001 0.503125 0.2562500000000001 0.503125 0.2562500000000001 0.53125 0.2609375000000001 0.53125
2 0.3140625000000001 0.490625 0.30937500000000007 0.490625 0.30937500000000007 0.5140625 0.3140625000000001 0.5140625
2 0.2062500000000001 0.50625 0.2015625000000001 0.50625 0.2015625000000001 0.5328125 0.2062500000000001 0.5328125
2 0.2562500000000001 0.5078125 0.2531250000000001 0.5078125 0.2531250000000001 0.534375 0.2562500000000001 0.534375
0 0.06250000000000007 0.6 0.05937500000000007 0.6 0.05937500000000007 0.60625 0.06250000000000007 0.60625
2 0.4750000000000001 0.6453125 0.45 0.6453125 0.45000000000000007 0.7734375 0.4750000000000002 0.7734375
2 0.53125 0.5765625 0.5109375 0.5765625 0.5109375 0.6796875 0.53125 0.6796875