2 0.6859375 0.4609375 0.68125 0.4609375 0.68125 0.4921875 0.6859375 0.4921875
2 0.565625 0.4375 0.5625 0.4375 0.5625 0.4640625 0.565625 0.4640625
2 0.5703125 0.4703125 0.565625 0.4703125 0.565625 0.515625 0.5703125 0.515625
2 0.709375 0.45 0.7046875 0.45 0.7046875 0.475 0.709375 0.475
2 0.65625 0.46875 0.65 0.46875 0.65 0.50625 0.65625 0.50625
2 0.6703125 0.45 0.665625 0.45 0.665625 0.478125 0.6703125 0.478125
2 0.7515625 0.4656250000000002 0.746875 0.4656250000000002 0.746875 0.4984375000000002 0.7515625 0.4984375000000002
2 0.6875 0.4375 0.6828125 0.4375 0.6828125 0.4546875 0.6875 0.4546875
2 0.6421875 0.45625 0.6359375 0.45625 0.6359375 0.490625 0.6421875 0.490625
2 0.74375 0.4578125000000002 0.7390625 0.4578125000000002 0.7390625 0.4859375000000002 0.74375 0.4859375000000002
2 0.6921875 0.4421875 0.6875 0.4421875 0.6875 0.4671875 0.6921875 0.4671875
2 0.7765625 0.4828125000000002 0.771875 0.4828125000000002 0.771875 0.5125000000000002 0.7765625 0.5125000000000002
2 0.7171875 0.446875 0.7125 0.446875 0.7125 0.4703125 0.7171875 0.4703125
2 0.6546875 0.434375 0.653125 0.434375 0.653125 0.4515625 0.6546875 0.4515625
2 0.653125 0.4390625 0.6484375 0.4390625 0.6484375 0.4640625 0.653125 0.4640625
2 0.525 0.446875 0.5203125 0.446875 0.5203125 0.478125 0.525 0.478125
2 0.65 0.434375 0.6484375 0.434375 0.6484375 0.453125 0.65 0.453125
2 0.775 0.4859375000000002 0.7703125 0.4859375000000002 0.7703125 0.5156250000000002 0.775 0.5156250000000002
2 0.7828125 0.4593750000000002 0.7796875 0.4593750000000002 0.7796875 0.48437500000000017 0.7828125 0.48437500000000017
2 0.2890625000000001 0.4703125 0.2828125000000001 0.4703125 0.2828125000000001 0.503125 0.2890625000000001 0.503125