2 0.9125 0.5625000000000002 0.9046875 0.5625000000000002 0.9046875 0.6062500000000002 0.9125 0.6062500000000002
2 0.8 0.5078125000000002 0.79375 0.5078125000000002 0.79375 0.5421875000000002 0.8 0.5421875000000002
2 0.7 0.4921875 0.69375 0.4921875 0.69375 0.5375 0.7 0.5375
2 0.925 0.5484375000000001 0.91875 0.5484375000000001 0.91875 0.5828125000000002 0.925 0.5828125000000002
2 0.8140625 0.49531250000000016 0.809375 0.49531250000000016 0.809375 0.5265625000000002 0.8140625 0.5265625000000002
2 0.8609375 0.5515625000000002 0.8515625 0.5515625000000002 0.8515625 0.6000000000000002 0.8609375 0.6000000000000002
2 0.5140625 0.4828125 0.50625 0.4828125 0.50625 0.5390625 0.5140625 0.5390625
2 0.78125 0.4937500000000002 0.7765625 0.4937500000000002 0.7765625 0.5343750000000002 0.78125 0.5343750000000002
2 0.7046875 0.45 0.7015625 0.45 0.7015625 0.4765625 0.7046875 0.4765625
2 0.803125 0.5031250000000002 0.8 0.5031250000000002 0.8 0.5421875000000002 0.803125 0.5421875000000002
2 0.6203125 0.453125 0.615625 0.453125 0.615625 0.4828125 0.6203125 0.4828125
2 0.8671875 0.5250000000000001 0.8609375 0.5250000000000001 0.8609375 0.5593750000000002 0.8671875 0.5593750000000002
2 0.7796875 0.4750000000000002 0.775 0.4750000000000002 0.775 0.4984375000000002 0.7796875 0.4984375000000002
2 0.7734375 0.4750000000000002 0.76875 0.4750000000000002 0.76875 0.5046875000000002 0.7734375 0.5046875000000002
2 0.4765625 0.51875 0.46875 0.51875 0.46875 0.5796875 0.4765625 0.5796875
2 0.81875 0.47968750000000016 0.815625 0.47968750000000016 0.815625 0.5046875000000002 0.81875 0.5046875000000002
2 0.6921875 0.4609375 0.6890625 0.4609375 0.6890625 0.490625 0.6921875 0.490625
2 0.7765625 0.49218750000000017 0.7734375 0.49218750000000017 0.7734375 0.5265625000000002 0.7765625 0.5265625000000002
2 0.2812500000000001 0.4890625 0.2750000000000001 0.4890625 0.2750000000000001 0.528125 0.2812500000000001 0.528125