0 0.3156250000000001 0.396875 0.3140625000000001 0.396875 0.3140625000000001 0.403125 0.3156250000000001 0.403125
2 0.30156250000000007 0.4015625 0.2968750000000001 0.4015625 0.2968750000000001 0.4390625 0.30156250000000007 0.4390625
2 0.590625 0.3671875000000001 0.584375 0.3671875000000001 0.584375 0.3984375000000001 0.590625 0.3984375000000001
2 0.56875 0.3656250000000001 0.5625 0.3656250000000001 0.5625 0.39531250000000007 0.56875 0.39531250000000007
2 0.4640625 0.3546875000000001 0.459375 0.3546875000000001 0.459375 0.3812500000000001 0.4640625 0.3812500000000001
2 0.5765625 0.3656250000000001 0.5703125 0.3656250000000001 0.5703125 0.3968750000000001 0.5765625 0.3968750000000001
2 0.3656250000000001 0.37500000000000006 0.3609375000000001 0.375 0.3609375000000001 0.4078125 0.3656250000000001 0.4078125
2 0.621875 0.39531250000000007 0.615625 0.39531250000000007 0.615625 0.4390625 0.621875 0.4390625
2 0.559375 0.3578125000000001 0.55625 0.3578125000000001 0.55625 0.37968750000000007 0.559375 0.37968750000000007
2 0.49375 0.3546875000000001 0.4875 0.3546875000000001 0.4875 0.3812500000000001 0.49375 0.3812500000000001
2 0.6984375 0.38750000000000007 0.6953125 0.38750000000000007 0.6953125 0.4125 0.6984375 0.4125
2 0.534375 0.3578125000000001 0.53125 0.3578125000000001 0.53125 0.3859375000000001 0.534375 0.3859375000000001
2 0.496875 0.3593750000000001 0.4921875 0.3593750000000001 0.4921875 0.3890625000000001 0.496875 0.3890625000000001
2 0.5546875 0.3531250000000001 0.5515625 0.3531250000000001 0.5515625 0.3781250000000001 0.5546875 0.3781250000000001
2 0.17187500000000006 0.44375 0.16875000000000004 0.44375 0.16875000000000004 0.46875 0.17187500000000006 0.46875
2 0.3125000000000001 0.3796875 0.30937500000000007 0.3796875 0.30937500000000007 0.4046875 0.3125000000000001 0.4046875
2 0.409375 0.3546875000000001 0.4046875 0.3546875000000001 0.4046875 0.3765625000000001 0.409375 0.3765625000000001
2 0.4140625 0.35625000000000007 0.4109375 0.35625000000000007 0.4109375 0.3812500000000001 0.4140625 0.3812500000000001
2 0.4375 0.3531250000000001 0.4328125 0.3531250000000001 0.4328125 0.3781250000000001 0.4375 0.3781250000000001
2 0.4671875 0.3843750000000001 0.4578125 0.3843750000000001 0.4578125 0.4296875 0.4671875 0.4296875
2 0.4765625 0.3468750000000001 0.4734375 0.3468750000000001 0.4734375 0.3703125000000001 0.4765625 0.3703125000000001
2 0.7625 0.5484375000000001 0.7421875 0.5484375000000001 0.7421875 0.6562500000000002 0.7625 0.6562500000000002