2 0.2484375000000001 0.434375 0.2406250000000001 0.434375 0.2406250000000001 0.4734375 0.2484375000000001 0.4734375
2 0.8734375 0.6890625000000001 0.85625 0.6890625000000001 0.85625 0.7250000000000002 0.8734375 0.7250000000000002
2 0.16562500000000008 0.528125 0.14375000000000004 0.528125 0.14375000000000007 0.553125 0.16562500000000008 0.553125
2 0.23593750000000008 0.4171875 0.2296875000000001 0.4171875 0.2296875000000001 0.45625 0.23593750000000008 0.45625
2 0.2687500000000001 0.4453125 0.2593750000000001 0.4453125 0.2593750000000001 0.4890625 0.2687500000000001 0.4890625
2 0.2562500000000001 0.5 0.2468750000000001 0.5 0.2468750000000001 0.540625 0.2562500000000001 0.540625
3 0.3453125000000001 0.4671875 0.33281250000000007 0.4671875 0.33281250000000007 0.5078125 0.3453125000000001 0.5078125
2 0.4015625 0.496875 0.3921875000000001 0.496875 0.3921875000000001 0.546875 0.4015625 0.546875
2 0.7984375 0.5187500000000002 0.7890625 0.5187500000000002 0.7890625 0.5625000000000002 0.7984375 0.5625000000000002
2 0.3781250000000001 0.4859375 0.3671875000000001 0.4859375 0.3671875000000001 0.5296875 0.3781250000000001 0.5296875
2 0.7828125 0.5421875000000002 0.7734375 0.5421875000000002 0.7734375 0.5937500000000002 0.7828125 0.5937500000000002
2 0.834375 0.5171875000000001 0.8234375 0.5171875000000001 0.8234375 0.5671875000000002 0.834375 0.5671875000000002
2 0.6140625 0.425 0.6046875 0.425 0.6046875 0.459375 0.6140625 0.459375
2 0.846875 0.6546875000000002 0.8296875 0.6546875000000002 0.8296875 0.7203125000000001 0.846875 0.7203125000000001
2 0.4859375 0.5296875 0.475 0.5296875 0.475 0.578125 0.4859375 0.578125
2 0.675 0.66875 0.6578125 0.66875 0.6578125000000001 0.728125 0.6750000000000002 0.728125
2 0.057812500000000065 0.5421875 0.04375000000000007 0.5421875 0.04375000000000007 0.58125 0.057812500000000065 0.58125
0 0.3515625000000001 0.39375 0.3468750000000001 0.39375 0.3468750000000001 0.4046875 0.3515625000000001 0.4046875
2 0.2734375000000001 0.4203125 0.2656250000000001 0.4203125 0.2656250000000001 0.4546875 0.2734375000000001 0.4546875
2 0.2406250000000001 0.43125 0.2312500000000001 0.43125 0.2312500000000001 0.475 0.2406250000000001 0.475
1 0.2609375000000001 0.4265625 0.2468750000000001 0.4265625 0.2468750000000001 0.4546875 0.2609375000000001 0.4546875
2 0.4140625 0.4265625 0.403125 0.4265625 0.403125 0.4625 0.4140625 0.4625
2 0.475 0.5296875 0.4625 0.5296875 0.4625 0.58125 0.475 0.58125
3 0.409375 0.3281250000000001 0.4015625 0.3281250000000001 0.4015625 0.3593750000000001 0.409375 0.3593750000000001