2 0.4125 0.45 0.4015625 0.45 0.4015625 0.490625 0.4125 0.490625
3 0.3015625 0.2265625 0.29375 0.2265625 0.29375 0.253125 0.3015625 0.253125
3 0.45625 0.3750000000000001 0.440625 0.3750000000000001 0.440625 0.415625 0.45625 0.415625
2 0.37968750000000007 0.5703125 0.3593750000000001 0.5703125 0.3593750000000001 0.6109375 0.37968750000000007 0.6109375
3 0.9078125 0.8 0.890625 0.8 0.890625 0.875 0.9078125 0.875
2 0.58125 0.3421875000000001 0.571875 0.3421875000000001 0.571875 0.3859375000000001 0.58125 0.3859375000000001
2 0.703125 0.4765625 0.6890625 0.4765625 0.6890625 0.5359375 0.703125 0.5359375
2 0.33281250000000007 0.353125 0.31875 0.353125 0.31875000000000003 0.396875 0.33281250000000007 0.396875
2 0.69375 0.4859375 0.678125 0.4859375 0.678125 0.5453125 0.69375 0.5453125
2 0.35937500000000006 0.3578125 0.34375 0.3578125 0.34375000000000006 0.403125 0.3593750000000001 0.403125
2 0.3781250000000001 0.4734375 0.3593750000000001 0.4734375 0.3593750000000001 0.5296875 0.3781250000000001 0.5296875
2 0.51875 0.440625 0.5046875 0.440625 0.5046875 0.496875 0.51875 0.496875
2 0.6875 0.415625 0.671875 0.415625 0.671875 0.4703125 0.6875 0.4703125
2 0.4203125 0.4765625 0.403125 0.4765625 0.403125 0.534375 0.4203125 0.534375
1 0.9578125 0.3687500000000001 0.940625 0.3687500000000001 0.940625 0.4187500000000002 0.9578125 0.4187500000000002
2 0.6296875 0.3859375000000001 0.621875 0.3859375000000001 0.621875 0.434375 0.6296875 0.434375
2 0.50625 0.5171875 0.4921875 0.5171875 0.4921875 0.578125 0.50625 0.578125
2 0.2750000000000001 0.54375 0.2609375000000001 0.54375 0.2609375000000001 0.6078125 0.2750000000000001 0.6078125
2 0.771875 0.5796875000000001 0.75 0.5796875000000001 0.75 0.6359375000000002 0.771875 0.6359375000000002
2 0.2531250000000001 0.4453125 0.2328125000000001 0.4453125 0.2328125000000001 0.496875 0.2531250000000001 0.496875
2 0.2015625000000001 0.5109375 0.18125000000000005 0.5109375 0.18125000000000008 0.575 0.2015625000000001 0.575
2 0.4125 0.5359375 0.3937500000000001 0.5359375 0.3937500000000001 0.5953125 0.4125 0.5953125
2 0.3453125000000001 0.56875 0.32500000000000007 0.56875 0.32500000000000007 0.634375 0.3453125000000001 0.634375
2 0.5453125 0.5484375 0.525 0.5484375 0.525 0.609375 0.5453125 0.609375
0 0.3109375 0.28125 0.3046875 0.28125 0.3046875 0.2921875 0.3109375 0.2921875