2 0.59375 0.3265625000000001 0.5796875 0.3265625000000001 0.5796875 0.35625000000000007 0.59375 0.35625000000000007
2 0.5140625 0.3218750000000001 0.503125 0.3218750000000001 0.503125 0.3593750000000001 0.5140625 0.3593750000000001
2 0.6625 0.3125000000000001 0.6515625 0.3125000000000001 0.6515625 0.3515625000000001 0.6625 0.3515625000000001
2 0.2375000000000001 0.3953125 0.22656250000000008 0.3953125 0.22656250000000008 0.4375 0.2375000000000001 0.4375
2 0.28750000000000003 0.3453125 0.2734375 0.3453125 0.27343750000000006 0.3828125 0.2875000000000001 0.3828125
3 0.4765625 0.3781250000000001 0.4671875 0.3781250000000001 0.4671875 0.41875 0.4765625 0.41875
2 0.428125 0.3906250000000001 0.4171875 0.3906250000000001 0.4171875 0.4359375 0.428125 0.4359375
2 0.3937500000000001 0.37968750000000007 0.3812500000000001 0.37968750000000007 0.3812500000000001 0.4265625 0.3937500000000001 0.4265625
2 0.6609375 0.3765625000000001 0.6484375 0.3765625000000001 0.6484375 0.4265625 0.6609375 0.4265625
2 0.2312500000000001 0.60625 0.2140625000000001 0.60625 0.2140625000000001 0.671875 0.2312500000000001 0.671875
2 0.753125 0.3656250000000001 0.7421875 0.3656250000000001 0.7421875 0.4109375000000002 0.753125 0.4109375000000002
2 0.17187500000000006 0.5140625 0.15781250000000005 0.5140625 0.15781250000000008 0.575 0.17187500000000008 0.575
2 0.7328125 0.5250000000000001 0.71875 0.525 0.71875 0.5796875000000001 0.7328125 0.5796875000000001
2 0.2765625000000001 0.4734375 0.26250000000000007 0.4734375 0.26250000000000007 0.5328125 0.2765625000000001 0.5328125
2 0.5921875 0.4203125 0.5796875 0.4203125 0.5796875 0.475 0.5921875 0.475
2 0.20312500000000008 0.4296875 0.19218750000000004 0.4296875 0.19218750000000004 0.484375 0.20312500000000008 0.484375
2 0.5625 0.4171875 0.5484375 0.4171875 0.5484375 0.4671875 0.5625 0.4671875
2 0.2296875000000001 0.4921875 0.2140625000000001 0.4921875 0.2140625000000001 0.5515625 0.2296875000000001 0.5515625
2 0.875 0.4750000000000002 0.853125 0.4750000000000002 0.853125 0.5328125000000001 0.875 0.5328125000000001
2 0.6953125 0.60625 0.6765625 0.60625 0.6765625 0.6703125 0.6953125 0.6703125
2 0.415625 0.625 0.3890625000000001 0.625 0.3890625000000001 0.6875 0.415625 0.6875
0 0.4421875 0.3781250000000001 0.4359375 0.3781250000000001 0.4359375 0.3906250000000001 0.4421875 0.3906250000000001
3 0.23125 0.265625 0.2203125 0.265625 0.2203125 0.3046875 0.23125 0.3046875