2 0.759375 0.47656250000000017 0.7546875 0.47656250000000017 0.7546875 0.5109375000000002 0.759375 0.5109375000000002
2 0.775 0.5031250000000002 0.7703125 0.5031250000000002 0.7703125 0.5453125000000002 0.775 0.5453125000000002
2 0.6859375 0.4765625 0.6796875 0.4765625 0.6796875 0.51875 0.6859375 0.51875
2 0.7453125 0.47187500000000016 0.740625 0.47187500000000016 0.740625 0.5015625000000001 0.7453125 0.5015625000000001
2 0.66875 0.5265625 0.659375 0.5265625 0.659375 0.5921875 0.66875 0.5921875
2 0.81875 0.5562500000000001 0.809375 0.5562500000000001 0.809375 0.6125000000000002 0.81875 0.6125000000000002
2 0.8 0.5046875000000002 0.79375 0.5046875000000002 0.79375 0.5390625000000002 0.8 0.5390625000000002
2 0.5484375 0.4734375 0.5421875 0.4734375 0.5421875 0.5203125 0.5484375 0.5203125
2 0.890625 0.5812500000000002 0.88125 0.5812500000000002 0.88125 0.6421875000000001 0.890625 0.6421875000000001
2 0.640625 0.475 0.634375 0.475 0.634375 0.5125 0.640625 0.5125
2 0.73125 0.5421875 0.7234375 0.5421875 0.7234375 0.5765625000000001 0.73125 0.5765625000000002
2 0.6765625 0.4578125 0.6734375 0.4578125 0.6734375 0.4859375 0.6765625 0.4859375
2 0.6828125 0.53125 0.6734375 0.53125 0.6734375 0.590625 0.6828125 0.590625
2 0.8078125 0.5078125000000002 0.803125 0.5078125000000002 0.803125 0.5453125000000002 0.8078125 0.5453125000000002
2 0.6515625 0.45625 0.6484375 0.45625 0.6484375 0.4859375 0.6515625 0.4859375
2 0.7375 0.48750000000000016 0.7328125 0.48750000000000016 0.7328125 0.5265625000000002 0.7375 0.5265625000000002
2 0.8109375 0.47656250000000017 0.80625 0.47656250000000017 0.80625 0.5031250000000002 0.8109375 0.5031250000000002
2 0.7359375 0.46875000000000017 0.7328125 0.46875000000000017 0.7328125 0.5000000000000002 0.7359375 0.5000000000000002
2 0.740625 0.5265625000000002 0.7328125 0.5265625000000002 0.7328125 0.5765625000000002 0.740625 0.5765625000000002
2 0.6921875 0.559375 0.68125 0.559375 0.68125 0.640625 0.6921875 0.640625
2 0.696875 0.453125 0.69375 0.453125 0.69375 0.478125 0.696875 0.478125
0 0.6921875 0.6015625 0.6875 0.6015625 0.6875 0.6125 0.6921875 0.6125
2 0.709375 0.5265625 0.7015625 0.5265625 0.7015625 0.5859375 0.709375 0.5859375
2 0.3000000000000001 0.48125 0.29375000000000007 0.48125 0.29375000000000007 0.51875 0.3000000000000001 0.51875