0 0.2375000000000001 0.4671875 0.23437500000000008 0.4671875 0.23437500000000008 0.4734375 0.2375000000000001 0.4734375
2 0.2718750000000001 0.4078125 0.2671875000000001 0.4078125 0.2671875000000001 0.434375 0.2718750000000001 0.434375
2 0.2312500000000001 0.440625 0.22656250000000008 0.440625 0.22656250000000008 0.478125 0.2312500000000001 0.478125
2 0.3734375000000001 0.4078125 0.36406250000000007 0.4078125 0.36406250000000007 0.45625 0.3734375000000001 0.45625
2 0.2968750000000001 0.403125 0.2906250000000001 0.403125 0.2906250000000001 0.43125 0.2968750000000001 0.43125
2 0.55625 0.3765625000000001 0.55 0.3765625000000001 0.55 0.4171875 0.55625 0.4171875
2 0.2609375000000001 0.4390625 0.2531250000000001 0.4390625 0.2531250000000001 0.48125 0.2609375000000001 0.48125
2 0.19218750000000004 0.44375 0.18593750000000003 0.44375 0.18593750000000003 0.471875 0.19218750000000004 0.471875
2 0.4625 0.36406250000000007 0.45625 0.36406250000000007 0.45625 0.3968750000000001 0.4625 0.3968750000000001
2 0.403125 0.3703125000000001 0.3984375000000001 0.3703125000000001 0.3984375000000001 0.38750000000000007 0.403125 0.38750000000000007
2 0.3703125000000001 0.3843750000000001 0.36406250000000007 0.3843750000000001 0.36406250000000007 0.4140625 0.3703125000000001 0.4140625
2 0.5609375 0.3812500000000001 0.5546875 0.3812500000000001 0.5546875 0.425 0.5609375 0.425
2 0.4953125 0.403125 0.4859375 0.403125 0.4859375 0.4609375 0.4953125 0.4609375
2 0.3609375000000001 0.4359375 0.3515625000000001 0.4359375 0.3515625000000001 0.4859375 0.3609375000000001 0.4859375
2 0.534375 0.3625000000000001 0.53125 0.3625000000000001 0.53125 0.3937500000000001 0.534375 0.3937500000000001
2 0.475 0.3625000000000001 0.46875 0.3625000000000001 0.46875 0.4 0.475 0.4
2 0.36406250000000007 0.38593750000000004 0.3578125000000001 0.3859375 0.3578125000000001 0.4265625 0.36406250000000007 0.4265625
2 0.34843750000000007 0.3734375 0.3437500000000001 0.3734375 0.3437500000000001 0.3953125 0.34843750000000007 0.3953125
2 0.5984375 0.4015625 0.5890625 0.4015625 0.5890625 0.459375 0.5984375 0.459375
2 0.74375 0.4046875000000002 0.7390625 0.4046875000000002 0.7390625 0.4359375000000002 0.74375 0.4359375000000002
2 0.3515625000000001 0.453125 0.34062500000000007 0.453125 0.34062500000000007 0.521875 0.3515625000000001 0.521875
2 0.30937500000000007 0.5015625 0.2953125000000001 0.5015625 0.2953125000000001 0.5890625 0.30937500000000007 0.5890625
2 0.4375 0.3906250000000001 0.4265625 0.3906250000000001 0.4265625 0.4359375 0.4375 0.4359375
2 0.4265625 0.3531250000000001 0.4203125 0.3531250000000001 0.4203125 0.3781250000000001 0.4265625 0.3781250000000001