2 0.7265625 0.4828125000000001 0.721875 0.4828125 0.721875 0.5125000000000001 0.7265625 0.5125000000000002
2 0.5875 0.484375 0.58125 0.484375 0.58125 0.5265625 0.5875 0.5265625
2 0.16562500000000008 0.5796875 0.1593750000000001 0.5796875 0.1593750000000001 0.628125 0.16562500000000008 0.628125
2 0.3625000000000001 0.478125 0.3593750000000001 0.478125 0.3593750000000001 0.5015625 0.3625000000000001 0.5015625
2 0.5421875 0.521875 0.5328125 0.521875 0.5328125 0.575 0.5421875 0.575
2 0.5109375 0.4625 0.503125 0.4625 0.503125 0.4875 0.5109375 0.4875
2 0.45625 0.4921875 0.4484375 0.4921875 0.4484375 0.5359375 0.45625 0.5359375
2 0.3968750000000001 0.503125 0.38750000000000007 0.503125 0.38750000000000007 0.546875 0.3968750000000001 0.546875
2 0.2984375000000001 0.525 0.2921875000000001 0.525 0.2921875000000001 0.56875 0.2984375000000001 0.56875
2 0.2687500000000001 0.5234375 0.26250000000000007 0.5234375 0.26250000000000007 0.5671875 0.2687500000000001 0.5671875
2 0.3109375000000001 0.56875 0.3000000000000001 0.56875 0.3000000000000001 0.63125 0.3109375000000001 0.63125
2 0.32500000000000007 0.49375 0.3187500000000001 0.49375 0.3187500000000001 0.5265625 0.32500000000000007 0.5265625
2 0.578125 0.53125 0.5671875 0.53125 0.5671875 0.596875 0.578125 0.596875
2 0.525 0.4765625 0.5203125 0.4765625 0.5203125 0.5078125 0.525 0.5078125
2 0.6265625 0.496875 0.61875 0.496875 0.61875 0.5390625 0.6265625 0.5390625
2 0.3859375000000001 0.4765625 0.37968750000000007 0.4765625 0.37968750000000007 0.5046875 0.3859375000000001 0.5046875
2 0.3296875000000001 0.4984375 0.32500000000000007 0.4984375 0.32500000000000007 0.5359375 0.3296875000000001 0.5359375
2 0.63125 0.540625 0.621875 0.540625 0.621875 0.6046875 0.63125 0.6046875
2 0.3890625000000001 0.5453125 0.3765625000000001 0.5453125 0.3765625000000001 0.6109375 0.3890625000000001 0.6109375
2 0.525 0.503125 0.515625 0.503125 0.515625 0.546875 0.525 0.546875
2 0.2484375000000001 0.503125 0.24375000000000008 0.503125 0.24375000000000008 0.53125 0.2484375000000001 0.53125
2 0.5375 0.4640625 0.53125 0.4640625 0.53125 0.490625 0.5375 0.490625
0 0.3890625000000001 0.575 0.3859375000000001 0.575 0.3859375000000001 0.5859375 0.3890625000000001 0.5859375
2 0.528125 0.478125 0.5234375 0.478125 0.5234375 0.509375 0.528125 0.509375