0 0.6015625 0.403125 0.6 0.403125 0.6 0.409375 0.6015625 0.409375
2 0.628125 0.38750000000000007 0.621875 0.38750000000000007 0.621875 0.4203125 0.628125 0.4203125
2 0.6109375 0.3781250000000001 0.603125 0.3781250000000001 0.603125 0.40625 0.6109375 0.40625
2 0.41875 0.3890625000000001 0.4109375 0.3890625000000001 0.4109375 0.434375 0.41875 0.434375
2 0.7578125 0.4281250000000002 0.7515625 0.4281250000000002 0.7515625 0.4656250000000002 0.7578125 0.4656250000000002
2 0.428125 0.3828125000000001 0.4203125 0.3828125000000001 0.4203125 0.421875 0.428125 0.421875
2 0.671875 0.4046875 0.665625 0.4046875 0.665625 0.4375 0.671875 0.4375
2 0.68125 0.403125 0.675 0.403125 0.675 0.44375 0.68125 0.44375
2 0.6578125 0.37968750000000007 0.6515625 0.37968750000000007 0.6515625 0.4015625 0.6578125 0.4015625
2 0.4546875 0.3625000000000001 0.45 0.3625000000000001 0.45 0.3921875000000001 0.4546875 0.3921875000000001
2 0.5984375 0.3921875000000001 0.5921875 0.3921875000000001 0.5921875 0.440625 0.5984375 0.440625
2 0.746875 0.42968750000000017 0.740625 0.42968750000000017 0.740625 0.4734375000000002 0.746875 0.4734375000000002
2 0.653125 0.3937500000000001 0.646875 0.3937500000000001 0.646875 0.43125 0.653125 0.43125
2 0.415625 0.3781250000000001 0.4109375 0.3781250000000001 0.4109375 0.3937500000000001 0.415625 0.3937500000000001
2 0.5890625 0.3937500000000001 0.575 0.3937500000000001 0.575 0.4375 0.5890625 0.4375
2 0.671875 0.3828125000000001 0.665625 0.3828125000000001 0.665625 0.4078125 0.671875 0.4078125
2 0.6234375 0.4515625 0.60625 0.4515625 0.60625 0.525 0.6234375 0.525
2 0.7484375 0.4265625000000002 0.7453125 0.4265625000000002 0.7453125 0.4593750000000002 0.7484375 0.4593750000000002
2 0.2640625000000001 0.4125 0.2593750000000001 0.4125 0.2593750000000001 0.4421875 0.2640625000000001 0.4421875
2 0.7265625 0.4093750000000001 0.721875 0.409375 0.721875 0.4390625000000001 0.7265625 0.4390625000000002
2 0.4203125 0.425 0.4046875 0.425 0.4046875 0.4859375 0.4203125 0.4859375
2 0.4640625 0.425 0.4515625 0.425 0.4515625 0.5 0.4640625 0.5
2 0.6921875 0.40625 0.6828125 0.40625 0.6828125 0.4515625 0.6921875 0.4515625
2 0.775 0.4109375000000002 0.7703125 0.4109375000000002 0.7703125 0.4359375000000002 0.775 0.4359375000000002