2 0.74375 0.4703125000000002 0.7390625 0.4703125000000002 0.7390625 0.5031250000000002 0.74375 0.5031250000000002
2 0.8125 0.5203125000000002 0.8046875 0.5203125000000002 0.8046875 0.5640625000000001 0.8125 0.5640625000000001
2 0.7296875 0.5046875000000001 0.7234375 0.5046875 0.7234375 0.5531250000000001 0.7296875 0.5531250000000002
2 0.8078125 0.4734375000000002 0.803125 0.4734375000000002 0.803125 0.4984375000000002 0.8078125 0.4984375000000002
2 0.5109375 0.459375 0.5046875 0.459375 0.5046875 0.503125 0.5109375 0.503125
2 0.6859375 0.446875 0.68125 0.446875 0.68125 0.471875 0.6859375 0.471875
2 0.6875 0.4703125 0.6828125 0.4703125 0.6828125 0.5046875 0.6875 0.5046875
2 0.7046875 0.4703125 0.7 0.4703125 0.7 0.5046875 0.7046875 0.5046875
2 0.6390625 0.5265625 0.63125 0.5265625 0.63125 0.5984375 0.6390625 0.5984375
2 0.6640625 0.4328125 0.6609375 0.4328125 0.6609375 0.45625 0.6640625 0.45625
2 0.728125 0.4687500000000001 0.7234375 0.46875 0.7234375 0.4984375000000001 0.728125 0.4984375000000002
2 0.6953125 0.4484375 0.6921875 0.4484375 0.6921875 0.475 0.6953125 0.475
2 0.8328125 0.5281250000000002 0.8265625 0.5281250000000002 0.8265625 0.5750000000000002 0.8328125 0.5750000000000002
2 0.7203125 0.4625 0.715625 0.4625 0.715625 0.49375 0.7203125 0.49375
2 0.715625 0.459375 0.7109375 0.459375 0.7109375 0.4859375 0.715625 0.4859375
2 0.7234375 0.4625 0.71875 0.4625 0.71875 0.4953125 0.7234375 0.4953125
0 0.68125 0.5796875 0.678125 0.5796875 0.678125 0.590625 0.68125 0.590625
2 0.684375 0.5296875 0.675 0.5296875 0.675 0.590625 0.684375 0.590625
2 0.25468750000000007 0.48125 0.2484375000000001 0.48125 0.2484375000000001 0.5109375 0.25468750000000007 0.5109375