2 0.24375000000000008 0.4953125 0.2406250000000001 0.4953125 0.2406250000000001 0.5171875 0.24375000000000008 0.5171875
2 0.38750000000000007 0.5015625 0.37968750000000007 0.5015625 0.37968750000000007 0.540625 0.38750000000000007 0.540625
2 0.2968750000000001 0.4859375 0.29375000000000007 0.4859375 0.29375000000000007 0.509375 0.2968750000000001 0.509375
2 0.3078125000000001 0.4890625 0.3031250000000001 0.4890625 0.3031250000000001 0.5140625 0.3078125000000001 0.5140625
2 0.2671875000000001 0.5140625 0.2640625000000001 0.5140625 0.2640625000000001 0.546875 0.2671875000000001 0.546875
2 0.665625 0.4796875 0.6609375 0.4796875 0.6609375 0.5125 0.665625 0.5125
2 0.2812500000000001 0.4984375 0.2765625000000001 0.4984375 0.2765625000000001 0.5296875 0.2812500000000001 0.5296875
2 0.2593750000000001 0.490625 0.2562500000000001 0.490625 0.2562500000000001 0.5140625 0.2593750000000001 0.5140625
2 0.19687500000000008 0.534375 0.19218750000000004 0.534375 0.19218750000000007 0.571875 0.19687500000000008 0.571875
2 0.5265625 0.4765625 0.5203125 0.4765625 0.5203125 0.509375 0.5265625 0.509375
2 0.2578125000000001 0.534375 0.2515625000000001 0.534375 0.2515625000000001 0.56875 0.2578125000000001 0.56875
2 0.2156250000000001 0.5140625 0.21093750000000008 0.5140625 0.21093750000000008 0.54375 0.2156250000000001 0.54375
2 0.3468750000000001 0.525 0.3421875000000001 0.525 0.3421875000000001 0.571875 0.3468750000000001 0.571875
2 0.2890625000000001 0.5203125 0.2812500000000001 0.5203125 0.2812500000000001 0.5578125 0.2890625000000001 0.5578125
2 0.2765625000000001 0.5125 0.2687500000000001 0.5125 0.2687500000000001 0.55 0.2765625000000001 0.55
2 0.2718750000000001 0.503125 0.2671875000000001 0.503125 0.2671875000000001 0.521875 0.2718750000000001 0.521875
2 0.3421875000000001 0.521875 0.3359375000000001 0.521875 0.3359375000000001 0.5703125 0.3421875000000001 0.5703125
2 0.2656250000000001 0.49375 0.26250000000000007 0.49375 0.26250000000000007 0.515625 0.2656250000000001 0.515625
2 0.28593750000000007 0.5078125 0.2812500000000001 0.5078125 0.2812500000000001 0.5328125 0.28593750000000007 0.5328125
2 0.22812500000000008 0.5015625 0.2250000000000001 0.5015625 0.2250000000000001 0.5203125 0.22812500000000008 0.5203125