0 0.18906250000000005 0.459375 0.18750000000000006 0.459375 0.18750000000000006 0.4625 0.18906250000000005 0.4625
2 0.2312500000000001 0.4390625 0.22656250000000008 0.4390625 0.22656250000000008 0.478125 0.2312500000000001 0.478125
2 0.428125 0.3781250000000001 0.421875 0.3781250000000001 0.421875 0.425 0.428125 0.425
2 0.37187500000000007 0.3937500000000001 0.3656250000000001 0.3937500000000001 0.3656250000000001 0.446875 0.37187500000000007 0.446875
2 0.3687500000000001 0.37968750000000007 0.3609375000000001 0.3796875 0.3609375000000001 0.4125 0.3687500000000001 0.4125
2 0.4875 0.3703125000000001 0.4796875 0.3703125000000001 0.4796875 0.4046875 0.4875 0.4046875
2 0.3203125000000001 0.384375 0.31718750000000007 0.384375 0.31718750000000007 0.409375 0.3203125000000001 0.409375
2 0.728125 0.40312500000000007 0.7234375 0.403125 0.7234375 0.4359375000000001 0.728125 0.4359375000000002
2 0.19531250000000006 0.434375 0.19062500000000004 0.434375 0.19062500000000004 0.4578125 0.19531250000000006 0.4578125
2 0.20312500000000008 0.446875 0.19843750000000004 0.446875 0.19843750000000004 0.48125 0.20312500000000008 0.48125
2 0.459375 0.40625 0.45 0.40625 0.45 0.4640625 0.459375 0.4640625
2 0.4375 0.35625000000000007 0.4328125 0.35625000000000007 0.4328125 0.3843750000000001 0.4375 0.3843750000000001
2 0.478125 0.3593750000000001 0.471875 0.3593750000000001 0.471875 0.3890625000000001 0.478125 0.3890625000000001
2 0.3468750000000001 0.40625 0.34062500000000007 0.40625 0.34062500000000007 0.4546875 0.3468750000000001 0.4546875
2 0.30156250000000007 0.3875 0.2984375000000001 0.3875 0.2984375000000001 0.415625 0.30156250000000007 0.415625
2 0.3781250000000001 0.4390625 0.3687500000000001 0.4390625 0.3687500000000001 0.5046875 0.3781250000000001 0.5046875
2 0.2531250000000001 0.4078125 0.2484375000000001 0.4078125 0.2484375000000001 0.4328125 0.2531250000000001 0.4328125
2 0.4359375 0.3921875000000001 0.4265625 0.3921875000000001 0.4265625 0.4375 0.4359375 0.4375
2 0.49375 0.3765625000000001 0.484375 0.3765625000000001 0.484375 0.4171875 0.49375 0.4171875
2 0.3203125000000001 0.4703125 0.3078125000000001 0.4703125 0.3078125000000001 0.546875 0.3203125000000001 0.546875
2 0.409375 0.3703125000000001 0.403125 0.3703125000000001 0.403125 0.4 0.409375 0.4
2 0.40625 0.3625000000000001 0.4015625 0.3625000000000001 0.4015625 0.3843750000000001 0.40625 0.3843750000000001
2 0.440625 0.4 0.43125 0.4 0.43125 0.45625 0.440625 0.45625
2 0.509375 0.3984375000000001 0.490625 0.3984375000000001 0.490625 0.4609375 0.509375 0.4609375