2 0.653125 0.496875 0.64375 0.496875 0.64375 0.54375 0.653125 0.54375
2 0.8734375 0.5578125000000002 0.865625 0.5578125000000002 0.865625 0.6109375000000001 0.8734375 0.6109375000000001
2 0.55625 0.459375 0.5484375 0.459375 0.5484375 0.490625 0.55625 0.490625
2 0.75 0.4859375000000002 0.7453125 0.4859375000000002 0.7453125 0.5234375000000002 0.75 0.5234375000000002
2 0.909375 0.5796875000000001 0.9015625 0.5796875000000001 0.9015625 0.6296875000000002 0.909375 0.6296875000000002
2 0.7984375000000001 0.7171875000000002 0.7796875 0.7171875000000002 0.7796875000000001 0.8375 0.7984375000000001 0.8375
2 0.18906250000000008 0.521875 0.18437500000000004 0.521875 0.18437500000000007 0.55625 0.18906250000000008 0.55625
2 0.809375 0.5578125000000002 0.7984375 0.5578125000000002 0.7984375 0.6171875000000002 0.809375 0.6171875000000002
2 0.746875 0.5375000000000002 0.7375 0.5375000000000002 0.7375 0.6015625000000002 0.746875 0.6015625000000002
2 0.5796875 0.571875 0.5640625 0.571875 0.5640625 0.65 0.5796875 0.65
2 0.5140625 0.4921875 0.503125 0.4921875 0.503125 0.534375 0.5140625 0.534375
2 0.7984375 0.5109375000000002 0.7921875 0.5109375000000002 0.7921875 0.5578125000000002 0.7984375 0.5578125000000002
2 0.8109375 0.4890625000000002 0.80625 0.4890625000000002 0.80625 0.5156250000000002 0.8109375 0.5156250000000002
2 0.859375 0.5718750000000001 0.85 0.5718750000000001 0.85 0.6312500000000002 0.859375 0.6312500000000002
2 0.19531250000000008 0.6234375 0.1781250000000001 0.6234375 0.1781250000000001 0.7046875 0.19531250000000008 0.7046875
2 0.3609375000000001 0.6171875 0.3468750000000001 0.6171875 0.3468750000000001 0.7140625 0.3609375000000001 0.7140625
2 0.7 0.4625 0.6953125 0.4625 0.6953125 0.4921875 0.7 0.4921875
2 0.628125 0.5671875 0.6171875 0.5671875 0.6171875 0.6578125 0.628125 0.6578125
2 0.9140625 0.5750000000000002 0.9078125 0.5750000000000002 0.9078125 0.6328125000000002 0.9140625 0.6328125000000002
2 0.7500000000000002 0.7718750000000001 0.7171875000000002 0.771875 0.7171875000000002 0.9109375 0.7500000000000002 0.9109375
2 0.3984375000000001 0.496875 0.3890625000000001 0.496875 0.3890625000000001 0.559375 0.3984375000000001 0.559375