2 0.10312500000000005 0.265625 0.06718750000000002 0.265625 0.06718750000000004 0.35625 0.10312500000000005 0.35625
2 0.15781250000000005 0.346875 0.12187500000000004 0.346875 0.12187500000000004 0.4546875 0.15781250000000005 0.4546875
2 0.27812500000000007 0.4 0.2328125000000001 0.4 0.2328125000000001 0.5125 0.27812500000000007 0.5125
2 0.6 0.4234375 0.559375 0.4234375 0.559375 0.51875 0.6 0.51875
2 0.7109375 0.4765625 0.6671875 0.4765625 0.6671875 0.59375 0.7109375 0.59375
2 0.8859375 0.5859375000000002 0.834375 0.5859375000000002 0.834375 0.7046875000000001 0.8859375 0.7046875000000001
2 0.809375 0.3859375000000001 0.7734375 0.3859375000000001 0.7734375 0.4984375000000002 0.809375 0.4984375000000002
2 0.76875 0.30937500000000007 0.740625 0.30937500000000007 0.740625 0.38750000000000007 0.76875 0.38750000000000007
2 0.778125 0.27812500000000007 0.75625 0.27812500000000007 0.75625 0.3546875000000001 0.778125 0.3546875000000001
2 0.646875 0.2484375000000001 0.61875 0.2484375000000001 0.61875 0.3281250000000001 0.646875 0.3281250000000001
2 0.5546875 0.32500000000000007 0.515625 0.32500000000000007 0.515625 0.4203125 0.5546875 0.4203125
2 0.4625 0.2656250000000001 0.4328125 0.2656250000000001 0.4328125 0.34843750000000007 0.4625 0.34843750000000007
2 0.353125 0.3 0.3234375 0.3 0.32343750000000004 0.3921875 0.3531250000000001 0.3921875
2 0.37343750000000003 0.321875 0.35 0.321875 0.35000000000000003 0.4203125 0.3734375000000001 0.4203125
2 0.4875 0.409375 0.453125 0.409375 0.453125 0.4921875 0.4875 0.4921875
3 0.4671875 0.3828125000000001 0.4453125 0.3828125000000001 0.4453125 0.4640625 0.4671875 0.4640625