0 0.3687500000000001 0.4046875 0.3546875000000001 0.4046875 0.3546875000000001 0.428125 0.3687500000000001 0.428125
2 0.17656250000000004 0.2171875 0.14062500000000006 0.2171875 0.14062500000000006 0.315625 0.17656250000000004 0.315625
2 0.415625 0.13906250000000003 0.3828125 0.13906250000000003 0.3828125 0.23437500000000008 0.415625 0.23437500000000008
2 0.484375 0.2218750000000001 0.44375 0.2218750000000001 0.44375 0.3140625000000001 0.484375 0.3140625000000001
2 0.4078125 0.3531250000000001 0.3796875 0.3531250000000001 0.37968750000000007 0.4484375 0.4078125 0.4484375
2 0.4171875 0.3218750000000001 0.3875 0.3218750000000001 0.3875 0.3609375000000001 0.4171875 0.3609375000000001
2 0.590625 0.4125 0.53125 0.4125 0.53125 0.5390625 0.590625 0.5390625
2 0.8453125 0.5234375000000002 0.7828125 0.5234375000000002 0.7828125 0.6515625000000002 0.8453125 0.6515625000000002
2 0.934375 0.7578125000000002 0.875 0.7578125000000002 0.875 0.8921875 0.934375 0.8921875
2 0.24218750000000008 0.6640625 0.18750000000000008 0.6640625 0.18750000000000008 0.8140625 0.24218750000000008 0.8140625
2 0.13906250000000012 0.878125 0.08906250000000011 0.878125 0.08906250000000013 1 0.13906250000000014 1
2 0.934375 0.3265625000000001 0.9125 0.3265625000000001 0.9125 0.44843750000000016 0.934375 0.44843750000000016
2 0.95625 0.3765625000000001 0.940625 0.3765625000000001 0.940625 0.48437500000000017 0.95625 0.48437500000000017
2 0.6125 0.09843750000000007 0.5765625 0.09843750000000007 0.5765625 0.1828125000000001 0.6125 0.1828125000000001
3 0.8828125 0.2671875000000001 0.85 0.2671875000000001 0.85 0.37187500000000007 0.8828125 0.37187500000000007