2 0.225 0.2390625 0.18125000000000005 0.2390625 0.18125000000000005 0.3296875 0.225 0.3296875
2 0.4125 0.21093750000000008 0.3765625 0.21093750000000008 0.3765625 0.2984375000000001 0.4125 0.2984375000000001
2 0.484375 0.21093750000000008 0.4546875 0.21093750000000008 0.4546875 0.30156250000000007 0.484375 0.30156250000000007
2 0.4859375 0.3000000000000001 0.4453125 0.3000000000000001 0.4453125 0.3906250000000001 0.4859375 0.3906250000000001
2 0.6265625 0.4796875 0.58125 0.4796875 0.58125 0.6046875 0.6265625 0.6046875
2 0.975 0.4515625000000002 0.9234375 0.4515625000000002 0.9234375 0.5687500000000002 0.975 0.5687500000000002
2 0.8734375 0.16406250000000008 0.846875 0.16406250000000008 0.846875 0.2500000000000001 0.8734375 0.2500000000000001
2 0.17187500000000008 0.7984375 0.14062500000000008 0.7984375 0.14062500000000008 0.846875 0.17187500000000008 0.846875
2 0.12031250000000013 0.9234375 0.08125000000000011 0.9234375 0.08125000000000013 1 0.12031250000000013 1
3 0.9375 0.2750000000000001 0.90625 0.2750000000000001 0.90625 0.3750000000000001 0.9375 0.3750000000000001
0 0.53125 0.4578125 0.5046875 0.4578125 0.5046875 0.4875 0.53125 0.4875