2 0.2453125 0.2390625 0.19687500000000005 0.2390625 0.19687500000000005 0.3375 0.2453125 0.3375
2 0.45 0.3312500000000001 0.4015625 0.3312500000000001 0.4015625 0.425 0.45 0.425
2 0.5015625 0.446875 0.4671875 0.446875 0.4671875 0.5421875 0.5015625 0.5421875
2 0.503125 0.3687500000000001 0.4640625 0.3687500000000001 0.4640625 0.4453125 0.503125 0.4453125
2 0.53125 0.23593750000000008 0.484375 0.23593750000000008 0.484375 0.3421875000000001 0.53125 0.3421875000000001
2 0.4765625 0.15468750000000003 0.4453125 0.15468750000000003 0.4453125 0.23437500000000008 0.4765625 0.23437500000000008
2 0.8109375 0.5109375000000002 0.7359375 0.5109375000000002 0.7359375 0.6312500000000002 0.8109375 0.6312500000000002
2 0.946875 0.38750000000000007 0.9109375 0.38750000000000007 0.9109375 0.5078125000000002 0.946875 0.5078125000000002
2 0.978125 0.34062500000000007 0.934375 0.34062500000000007 0.934375 0.4578125000000002 0.978125 0.4578125000000002
2 0.9109375 0.7640625000000002 0.84375 0.7640625000000002 0.84375 0.9015625 0.9109375 0.9015625
2 0.2796875000000001 0.6796875 0.2078125000000001 0.6796875 0.2078125000000001 0.78125 0.2796875000000001 0.78125
2 0.1500000000000001 0.8421875 0.0875000000000001 0.8421875 0.08750000000000012 1 0.15000000000000013 1
0 0.3453125000000001 0.475 0.3218750000000001 0.475 0.3218750000000001 0.50625 0.3453125000000001 0.50625