2 0.12031250000000004 0.2609375 0.08906250000000002 0.2609375 0.08906250000000003 0.3515625 0.12031250000000004 0.3515625
2 0.15937500000000004 0.3546875 0.12031250000000004 0.3546875 0.12031250000000004 0.4359375 0.15937500000000004 0.4359375
2 0.27812500000000007 0.4125 0.24218750000000008 0.4125 0.24218750000000008 0.534375 0.27812500000000007 0.534375
2 0.5078125 0.4359375 0.4796875 0.4359375 0.4796875 0.521875 0.5078125 0.521875
2 0.609375 0.40625 0.571875 0.40625 0.571875 0.4890625 0.609375 0.4890625
2 0.7484375 0.5015625000000001 0.7015625 0.5015625 0.7015625 0.6093750000000001 0.7484375 0.6093750000000002
2 0.928125 0.6171875000000002 0.88125 0.6171875000000002 0.88125 0.7500000000000002 0.928125 0.7500000000000002
2 0.85625 0.40625000000000017 0.821875 0.40625000000000017 0.821875 0.5203125000000002 0.85625 0.5203125000000002
2 0.796875 0.3125000000000001 0.778125 0.3125000000000001 0.778125 0.3968750000000001 0.796875 0.3968750000000001
2 0.8203125 0.2906250000000001 0.796875 0.2906250000000001 0.796875 0.3812500000000001 0.8203125 0.3812500000000001
2 0.6453125 0.22812500000000008 0.6125 0.22812500000000008 0.6125 0.3046875000000001 0.6453125 0.3046875000000001
2 0.4703125 0.2609375000000001 0.44375 0.2609375000000001 0.44375 0.3515625000000001 0.4703125 0.3515625000000001
2 0.33437500000000003 0.3078125 0.3015625 0.3078125 0.30156250000000007 0.3859375 0.3343750000000001 0.3859375
2 0.40625 0.32656250000000003 0.3609375 0.3265625 0.3609375 0.425 0.40625 0.425
2 0.590625 0.3187500000000001 0.5515625 0.3187500000000001 0.5515625 0.3968750000000001 0.590625 0.3968750000000001
3 0.478125 0.415625 0.45 0.415625 0.45 0.5 0.478125 0.5