2 0.2843750000000001 0.4875 0.2812500000000001 0.4875 0.2812500000000001 0.509375 0.2843750000000001 0.509375
2 0.24375000000000008 0.503125 0.2406250000000001 0.503125 0.2406250000000001 0.528125 0.24375000000000008 0.528125
2 0.25468750000000007 0.5078125 0.2500000000000001 0.5078125 0.2500000000000001 0.5359375 0.25468750000000007 0.5359375
2 0.4234375 0.4859375 0.4171875 0.4859375 0.4171875 0.5203125 0.4234375 0.5203125
2 0.678125 0.4734375 0.6734375 0.4734375 0.6734375 0.5046875 0.678125 0.5046875
2 0.3125000000000001 0.490625 0.30937500000000007 0.490625 0.30937500000000007 0.5203125 0.3125000000000001 0.5203125
2 0.3031250000000001 0.5046875 0.2984375000000001 0.5046875 0.2984375000000001 0.5375 0.3031250000000001 0.5375
2 0.2406250000000001 0.503125 0.2375000000000001 0.503125 0.2375000000000001 0.5296875 0.2406250000000001 0.5296875
2 0.3312500000000001 0.4859375 0.3265625000000001 0.4859375 0.3265625000000001 0.5046875 0.3312500000000001 0.5046875
2 0.31718750000000007 0.48125 0.3140625000000001 0.48125 0.3140625000000001 0.50625 0.31718750000000007 0.50625
2 0.2750000000000001 0.4890625 0.2718750000000001 0.4890625 0.2718750000000001 0.515625 0.2750000000000001 0.515625
2 0.3781250000000001 0.4828125 0.3734375000000001 0.4828125 0.3734375000000001 0.5125 0.3781250000000001 0.5125
2 0.3031250000000001 0.484375 0.3000000000000001 0.484375 0.3000000000000001 0.50625 0.3031250000000001 0.50625
2 0.4625 0.4671875 0.45625 0.4671875 0.45625 0.49375 0.4625 0.49375
2 0.3296875000000001 0.475 0.3265625000000001 0.475 0.3265625000000001 0.49375 0.3296875000000001 0.49375
2 0.30156250000000007 0.478125 0.3000000000000001 0.478125 0.3000000000000001 0.49375 0.30156250000000007 0.49375
2 0.3062500000000001 0.48125 0.3046875000000001 0.48125 0.3046875000000001 0.5046875 0.3062500000000001 0.5046875
2 0.35625000000000007 0.4765625 0.3531250000000001 0.4765625 0.3531250000000001 0.5 0.35625000000000007 0.5
2 0.2531250000000001 0.4921875 0.2484375000000001 0.4921875 0.2484375000000001 0.5171875 0.2531250000000001 0.5171875
2 0.453125 0.4765625 0.44375 0.4765625 0.44375 0.5109375 0.453125 0.5109375
2 0.4875 0.459375 0.4828125 0.459375 0.4828125 0.484375 0.4875 0.484375
2 0.3218750000000001 0.471875 0.3187500000000001 0.471875 0.3187500000000001 0.4953125 0.3218750000000001 0.4953125
2 0.2250000000000001 0.496875 0.2218750000000001 0.496875 0.2218750000000001 0.521875 0.2250000000000001 0.521875
0 0.2531250000000001 0.5046875 0.2515625000000001 0.5046875 0.2515625000000001 0.5078125 0.2531250000000001 0.5078125