2 0.5921875 0.3781250000000001 0.5875 0.3781250000000001 0.5875 0.415625 0.5921875 0.415625
2 0.3531250000000001 0.39375 0.3468750000000001 0.39375 0.3468750000000001 0.43125 0.3531250000000001 0.43125
2 0.2062500000000001 0.4484375 0.19843750000000004 0.4484375 0.19843750000000004 0.4875 0.2062500000000001 0.4875
2 0.12031250000000007 0.50625 0.11250000000000004 0.50625 0.11250000000000007 0.5484375 0.12031250000000009 0.5484375
2 0.3671875000000001 0.38593750000000004 0.3625000000000001 0.3859375 0.3625000000000001 0.4296875 0.3671875000000001 0.4296875
2 0.5625 0.3609375000000001 0.559375 0.3609375000000001 0.559375 0.3859375000000001 0.5625 0.3859375000000001
2 0.30156250000000007 0.3953125 0.2968750000000001 0.3953125 0.2968750000000001 0.4234375 0.30156250000000007 0.4234375
2 0.2562500000000001 0.4578125 0.2468750000000001 0.4578125 0.2468750000000001 0.515625 0.2562500000000001 0.515625
2 0.13281250000000006 0.5265625 0.12343750000000005 0.5265625 0.12343750000000006 0.5828125 0.13281250000000008 0.5828125
2 0.5625 0.3968750000000001 0.55 0.3968750000000001 0.55 0.446875 0.5625 0.446875
2 0.69375 0.4390625 0.6875 0.4390625 0.6875 0.5015625 0.69375 0.5015625
2 0.3734375000000001 0.3984375000000001 0.3671875000000001 0.3984375000000001 0.3671875000000001 0.446875 0.3734375000000001 0.446875
2 0.17187500000000006 0.4515625 0.16718750000000004 0.4515625 0.16718750000000004 0.478125 0.17187500000000006 0.478125
2 0.22656250000000008 0.4890625 0.2156250000000001 0.4890625 0.2156250000000001 0.5484375 0.22656250000000008 0.5484375
0 0.05937500000000007 0.5515625 0.056250000000000064 0.5515625 0.056250000000000064 0.559375 0.05937500000000007 0.559375
2 0.09218750000000006 0.540625 0.07968750000000006 0.540625 0.07968750000000006 0.5953125 0.09218750000000006 0.5953125
2 0.3203125000000001 0.421875 0.3078125000000001 0.421875 0.3078125000000001 0.475 0.3203125000000001 0.475
2 0.3750000000000001 0.4671875 0.3609375000000001 0.4671875 0.3609375000000001 0.5578125 0.3750000000000001 0.5578125
2 0.36406250000000007 0.5125 0.3453125000000001 0.5125 0.3453125000000001 0.6125 0.36406250000000007 0.6125
2 0.3671875000000001 0.5375 0.3453125000000001 0.5375 0.3453125000000001 0.6484375 0.3671875000000001 0.6484375
2 0.4796875 0.421875 0.465625 0.421875 0.465625 0.484375 0.4796875 0.484375
2 0.496875 0.37187500000000007 0.4875 0.37187500000000007 0.4875 0.409375 0.496875 0.409375
2 0.7546875 0.40625000000000017 0.75 0.40625000000000017 0.75 0.4343750000000002 0.7546875 0.4343750000000002
2 0.3765625000000001 0.3656250000000001 0.37187500000000007 0.3656250000000001 0.37187500000000007 0.3921875000000001 0.3765625000000001 0.3921875000000001