0 0.18281250000000004 0.465625 0.18125000000000005 0.465625 0.18125000000000005 0.46875 0.18281250000000004 0.46875
2 0.3921875000000001 0.3812500000000001 0.3859375000000001 0.3812500000000001 0.3859375000000001 0.421875 0.3921875000000001 0.421875
2 0.2812500000000001 0.3984375 0.27812500000000007 0.3984375 0.27812500000000007 0.428125 0.2812500000000001 0.428125
2 0.4171875 0.3828125000000001 0.4109375 0.3828125000000001 0.4109375 0.4234375 0.4171875 0.4234375
2 0.3078125000000001 0.39375 0.3031250000000001 0.39375 0.3031250000000001 0.4234375 0.3078125000000001 0.4234375
2 0.2687500000000001 0.4265625 0.2640625000000001 0.4265625 0.2640625000000001 0.46875 0.2687500000000001 0.46875
2 0.4078125 0.3906250000000001 0.4015625 0.3906250000000001 0.4015625 0.4390625 0.4078125 0.4390625
2 0.44375 0.3578125000000001 0.4390625 0.3578125000000001 0.4390625 0.3859375000000001 0.44375 0.3859375000000001
2 0.5203125 0.3609375000000001 0.5140625 0.3609375000000001 0.5140625 0.3906250000000001 0.5203125 0.3906250000000001
2 0.3734375000000001 0.3703125000000001 0.3703125000000001 0.3703125000000001 0.3703125000000001 0.39531250000000007 0.3734375000000001 0.39531250000000007
2 0.55 0.3937500000000001 0.5390625 0.3937500000000001 0.5390625 0.446875 0.55 0.446875
2 0.540625 0.3750000000000001 0.53125 0.3750000000000001 0.53125 0.4171875 0.540625 0.4171875
2 0.428125 0.3609375000000001 0.4234375 0.3609375000000001 0.4234375 0.3890625000000001 0.428125 0.3890625000000001
2 0.54375 0.3765625000000001 0.5375 0.3765625000000001 0.5375 0.409375 0.54375 0.409375
2 0.5203125 0.3937500000000001 0.509375 0.3937500000000001 0.509375 0.4484375 0.5203125 0.4484375
2 0.3859375000000001 0.4390625 0.3765625000000001 0.4390625 0.3765625000000001 0.5078125 0.3859375000000001 0.5078125
2 0.7390625 0.40625000000000017 0.734375 0.40625000000000017 0.734375 0.4343750000000002 0.7390625 0.4343750000000002
2 0.45625 0.3937500000000001 0.446875 0.3937500000000001 0.446875 0.4421875 0.45625 0.4421875
2 0.18750000000000006 0.440625 0.18125000000000005 0.440625 0.18125000000000005 0.465625 0.18750000000000006 0.465625
2 0.2656250000000001 0.4296875 0.2578125000000001 0.4296875 0.2578125000000001 0.475 0.2656250000000001 0.475
2 0.4328125 0.4234375 0.421875 0.4234375 0.421875 0.4890625 0.4328125 0.4890625
2 0.44375 0.3906250000000001 0.4328125 0.3906250000000001 0.4328125 0.440625 0.44375 0.440625
2 0.4390625 0.3625000000000001 0.4328125 0.3625000000000001 0.4328125 0.3937500000000001 0.4390625 0.3937500000000001
2 0.5453125 0.4578125 0.525 0.4578125 0.525 0.5515625 0.5453125 0.5515625