0 0.1984375000000001 0.60625 0.19531250000000008 0.60625 0.19531250000000008 0.6171875 0.1984375000000001 0.6171875
2 0.634375 0.5625 0.621875 0.5625 0.621875 0.628125 0.634375 0.628125
2 0.2562500000000001 0.5578125 0.2468750000000001 0.5578125 0.2468750000000001 0.6140625 0.2562500000000001 0.6140625
2 0.22812500000000008 0.49375 0.2218750000000001 0.49375 0.2218750000000001 0.5203125 0.22812500000000008 0.5203125
2 0.64375 0.4625 0.6359375 0.4625 0.6359375 0.496875 0.64375 0.496875
2 0.4265625 0.509375 0.4140625 0.509375 0.4140625 0.565625 0.4265625 0.565625
2 0.7109375 0.4953125 0.7046875 0.4953125 0.7046875 0.5375 0.7109375 0.5375
2 0.5734375 0.4734375 0.559375 0.4734375 0.559375 0.5171875 0.5734375 0.5171875
2 0.2921875000000001 0.5109375 0.2828125000000001 0.5109375 0.2828125000000001 0.5640625 0.2921875000000001 0.5640625
2 0.653125 0.4796875 0.646875 0.4796875 0.646875 0.5234375 0.653125 0.5234375
2 0.17187500000000008 0.6078125 0.15625000000000008 0.6078125 0.15625000000000008 0.671875 0.17187500000000008 0.671875
2 0.5359375 0.4859375 0.5234375 0.4859375 0.5234375 0.5328125 0.5359375 0.5328125
2 0.584375 0.4375 0.58125 0.4375 0.58125 0.4609375 0.584375 0.4609375
2 0.559375 0.4484375 0.5546875 0.4484375 0.5546875 0.475 0.559375 0.475
2 0.3984375000000001 0.4765625 0.3859375000000001 0.4765625 0.3859375000000001 0.5203125 0.3984375000000001 0.5203125
2 0.7640625 0.4703125000000002 0.759375 0.4703125000000002 0.759375 0.4984375000000002 0.7640625 0.4984375000000002
2 0.5390625 0.459375 0.53125 0.459375 0.53125 0.4921875 0.5390625 0.4921875
2 0.55625 0.559375 0.5390625 0.559375 0.5390625 0.6328125 0.55625 0.6328125
2 0.4078125 0.45625 0.4 0.45625 0.4 0.4859375 0.4078125 0.4859375
2 0.27031250000000007 0.5546875 0.2609375000000001 0.5546875 0.2609375000000001 0.6203125 0.27031250000000007 0.6203125
2 0.5765625 0.5234375 0.5609375 0.5234375 0.5609375 0.5875 0.5765625 0.5875
2 0.4890625 0.4734375 0.4796875 0.4734375 0.4796875 0.5140625 0.4890625 0.5140625
2 0.44375 0.4359375 0.4359375 0.4359375 0.4359375 0.459375 0.44375 0.459375
2 0.7296875 0.6375000000000001 0.715625 0.6375 0.715625 0.7125000000000001 0.7296875 0.7125000000000001