2 0.559375 0.4578125 0.5546875 0.4578125 0.5546875 0.5 0.559375 0.5
2 0.7953125 0.4750000000000002 0.7921875 0.4750000000000002 0.7921875 0.4968750000000002 0.7953125 0.4968750000000002
2 0.7703125 0.4750000000000002 0.7671875 0.4750000000000002 0.7671875 0.5015625000000001 0.7703125 0.5015625000000001
2 0.3312500000000001 0.475 0.3265625000000001 0.475 0.3265625000000001 0.5125 0.3312500000000001 0.5125
2 0.740625 0.4593750000000002 0.7375 0.4593750000000002 0.7375 0.48437500000000017 0.740625 0.48437500000000017
2 0.78125 0.4750000000000002 0.778125 0.4750000000000002 0.778125 0.4968750000000002 0.78125 0.4968750000000002
2 0.7296875 0.4703125000000002 0.7265625 0.4703125000000002 0.7265625 0.4984375000000002 0.7296875 0.4984375000000002
2 0.75 0.4625000000000002 0.746875 0.4625000000000002 0.746875 0.48750000000000016 0.75 0.48750000000000016
2 0.7609375 0.46406250000000016 0.7578125 0.46406250000000016 0.7578125 0.4890625000000002 0.7609375 0.4890625000000002
2 0.8265625 0.4828125000000002 0.8234375 0.4828125000000002 0.8234375 0.5062500000000002 0.8265625 0.5062500000000002
2 0.78125 0.4703125000000002 0.778125 0.4703125000000002 0.778125 0.48750000000000016 0.78125 0.48750000000000016
2 0.815625 0.4812500000000002 0.8125 0.4812500000000002 0.8125 0.5062500000000002 0.815625 0.5062500000000002
2 0.7578125 0.46093750000000017 0.7546875 0.46093750000000017 0.7546875 0.4781250000000002 0.7578125 0.4781250000000002
2 0.725 0.459375 0.721875 0.459375 0.721875 0.4859375 0.725 0.4859375
2 0.728125 0.45781250000000007 0.725 0.4578125 0.725 0.4796875000000001 0.728125 0.47968750000000016
2 0.809375 0.4750000000000002 0.80625 0.4750000000000002 0.80625 0.4968750000000002 0.809375 0.4968750000000002
2 0.7578125 0.4656250000000002 0.7546875 0.4656250000000002 0.7546875 0.4890625000000002 0.7578125 0.4890625000000002
2 0.753125 0.46093750000000017 0.75 0.46093750000000017 0.75 0.4781250000000002 0.753125 0.4781250000000002
2 0.753125 0.46406250000000016 0.75 0.46406250000000016 0.75 0.48750000000000016 0.753125 0.48750000000000016
2 0.778125 0.46875000000000017 0.7765625 0.46875000000000017 0.7765625 0.49531250000000016 0.778125 0.49531250000000016
0 0.9734375 0.5687500000000002 0.9703125 0.5687500000000002 0.9703125 0.5750000000000002 0.9734375 0.5750000000000002