2 0.3437500000000001 0.6140625 0.3390625000000001 0.6140625 0.3390625000000001 0.6546875 0.3437500000000001 0.6546875
2 0.3203125000000001 0.609375 0.31718750000000007 0.609375 0.31718750000000007 0.64375 0.3203125000000001 0.64375
2 0.35625000000000007 0.603125 0.3515625000000001 0.603125 0.3515625000000001 0.628125 0.35625000000000007 0.628125
2 0.69375 0.6296875 0.6890625 0.6296875 0.6890625 0.6578125 0.69375 0.6578125
2 0.4140625 0.625 0.40625 0.625 0.40625 0.659375 0.4140625 0.659375
2 0.3812500000000001 0.609375 0.3750000000000001 0.609375 0.3750000000000001 0.6390625 0.3812500000000001 0.6390625
2 0.5375 0.66875 0.528125 0.66875 0.528125 0.709375 0.5375 0.709375
2 0.3312500000000001 0.5953125 0.3265625000000001 0.5953125 0.3265625000000001 0.625 0.3312500000000001 0.625
2 0.4859375 0.6171875 0.4796875 0.6171875 0.4796875 0.6453125 0.4859375 0.6453125
2 0.5328125 0.6328125 0.525 0.6328125 0.525 0.6671875 0.5328125 0.6671875
2 0.54375 0.6265625 0.5390625 0.6265625 0.5390625 0.65625 0.54375 0.65625
2 0.553125 0.61875 0.5484375 0.61875 0.5484375 0.64375 0.553125 0.64375
2 0.3703125000000001 0.6140625 0.36406250000000007 0.6140625 0.36406250000000007 0.646875 0.3703125000000001 0.646875
2 0.2296875000000001 0.5578125 0.22656250000000008 0.5578125 0.22656250000000008 0.5828125 0.2296875000000001 0.5828125
2 0.4453125 0.66875 0.4359375 0.66875 0.4359375 0.71875 0.4453125 0.71875
2 0.3546875000000001 0.5890625 0.3515625000000001 0.5890625 0.3515625000000001 0.6046875 0.3546875000000001 0.6046875
2 0.4796875 0.6046875 0.475 0.6046875 0.475 0.6265625 0.4796875 0.6265625
2 0.3859375000000001 0.5984375 0.3812500000000001 0.5984375 0.3812500000000001 0.6171875 0.3859375000000001 0.6171875
2 0.540625 0.63125 0.5359375 0.63125 0.5359375 0.665625 0.540625 0.665625
2 0.37187500000000007 0.5953125 0.3671875000000001 0.5953125 0.3671875000000001 0.6140625 0.37187500000000007 0.6140625
2 0.4703125 0.621875 0.4640625 0.621875 0.4640625 0.6546875 0.4703125 0.6546875
2 0.46875 0.6078125 0.4625 0.6078125 0.4625 0.6328125 0.46875 0.6328125