2 0.1859375000000001 0.5734375 0.1781250000000001 0.5734375 0.1781250000000001 0.63125 0.1859375000000001 0.63125
2 0.3312500000000001 0.46875 0.32500000000000007 0.46875 0.32500000000000007 0.5 0.3312500000000001 0.5
2 0.525 0.4859375 0.515625 0.4859375 0.515625 0.5421875 0.525 0.5421875
2 0.3984375000000001 0.490625 0.3859375000000001 0.490625 0.3859375000000001 0.5359375 0.3984375000000001 0.5359375
2 0.7203125 0.475 0.715625 0.475 0.715625 0.5125 0.7203125 0.5125
2 0.490625 0.4984375 0.4796875 0.4984375 0.4796875 0.5546875 0.490625 0.5546875
2 0.5578125 0.5171875 0.5484375 0.5171875 0.5484375 0.5828125 0.5578125 0.5828125
2 0.4015625 0.4609375 0.39531250000000007 0.4609375 0.39531250000000007 0.4921875 0.4015625 0.4921875
2 0.5359375 0.4703125 0.528125 0.4703125 0.528125 0.509375 0.5359375 0.509375
2 0.35625000000000007 0.5078125 0.34843750000000007 0.5078125 0.34843750000000007 0.5609375 0.35625000000000007 0.5609375
2 0.3109375000000001 0.5234375 0.3031250000000001 0.5234375 0.3031250000000001 0.5734375 0.3109375000000001 0.5734375
2 0.21093750000000008 0.5390625 0.20468750000000008 0.5390625 0.20468750000000008 0.5890625 0.21093750000000008 0.5890625
2 0.2843750000000001 0.5 0.2796875000000001 0.5 0.2796875000000001 0.5421875 0.2843750000000001 0.5421875
2 0.3203125000000001 0.5 0.3109375000000001 0.5 0.3109375000000001 0.54375 0.3203125000000001 0.54375
2 0.3140625000000001 0.4875 0.3078125000000001 0.4875 0.3078125000000001 0.5203125 0.3140625000000001 0.5203125
2 0.3890625000000001 0.515625 0.3765625000000001 0.515625 0.3765625000000001 0.5640625 0.3890625000000001 0.5640625
2 0.3812500000000001 0.4921875 0.3734375000000001 0.4921875 0.3734375000000001 0.534375 0.3812500000000001 0.534375
2 0.2906250000000001 0.4953125 0.2843750000000001 0.4953125 0.2843750000000001 0.5578125 0.2906250000000001 0.5578125
2 0.2906250000000001 0.490625 0.28593750000000007 0.490625 0.28593750000000007 0.5203125 0.2906250000000001 0.5203125
0 0.3609375000000001 0.403125 0.3578125000000001 0.403125 0.3578125000000001 0.4125 0.3609375000000001 0.4125
2 0.19218750000000004 0.490625 0.18906250000000005 0.490625 0.18906250000000005 0.5125 0.19218750000000004 0.5125