0 0.534375 0.565625 0.5296875 0.565625 0.5296875 0.575 0.534375 0.575
2 0.878125 0.5687500000000002 0.8703125 0.5687500000000002 0.8703125 0.6218750000000002 0.878125 0.6218750000000002
2 0.715625 0.49375 0.7109375 0.49375 0.7109375 0.528125 0.715625 0.528125
2 0.33281250000000007 0.4921875 0.3281250000000001 0.4921875 0.3281250000000001 0.5265625 0.33281250000000007 0.5265625
2 0.725 0.490625 0.7203125 0.490625 0.7203125 0.5234375 0.725 0.5234375
2 0.68125 0.4984375 0.675 0.4984375 0.675 0.5421875 0.68125 0.5421875
2 0.49375 0.48125 0.484375 0.48125 0.484375 0.5234375 0.49375 0.5234375
2 0.5953125 0.459375 0.5890625 0.459375 0.5890625 0.4828125 0.5953125 0.4828125
2 0.6921875 0.465625 0.6875 0.465625 0.6875 0.4890625 0.6921875 0.4890625
2 0.6609375 0.475 0.65625 0.475 0.65625 0.50625 0.6609375 0.50625
2 0.7 0.5625 0.6921875 0.5625 0.6921875 0.6265625 0.7 0.6265625
2 0.609375 0.48125 0.603125 0.48125 0.603125 0.5203125 0.609375 0.5203125
2 0.490625 0.51875 0.478125 0.51875 0.478125 0.58125 0.490625 0.58125
2 0.61875 0.503125 0.6078125 0.503125 0.6078125 0.546875 0.61875 0.546875
2 0.59375 0.5171875 0.5828125 0.5171875 0.5828125 0.5671875 0.59375 0.5671875
2 0.584375 0.4609375 0.578125 0.4609375 0.578125 0.49375 0.584375 0.49375
2 0.70625 0.4953125 0.7 0.4953125 0.7 0.5390625 0.70625 0.5390625
2 0.6578125 0.503125 0.6484375 0.503125 0.6484375 0.546875 0.6578125 0.546875
2 0.7921875 0.47656250000000017 0.7875 0.47656250000000017 0.7875 0.5015625000000001 0.7921875 0.5015625000000001
2 0.8265625 0.5328125000000001 0.8203125 0.5328125000000001 0.8203125 0.5734375000000002 0.8265625 0.5734375000000002
2 0.7203125 0.4828125 0.715625 0.4828125 0.715625 0.50625 0.7203125 0.50625
2 0.703125 0.4765625 0.6984375 0.4765625 0.6984375 0.5046875 0.703125 0.5046875
2 0.759375 0.4984375000000002 0.7546875 0.4984375000000002 0.7546875 0.5375000000000002 0.759375 0.5375000000000002
2 0.71875 0.4953125 0.7140625 0.4953125 0.7140625 0.534375 0.71875 0.534375