0 0.1281250000000001 0.6203125 0.12343750000000009 0.6203125 0.12343750000000009 0.6328125 0.1281250000000001 0.6328125
2 0.4859375 0.3750000000000001 0.478125 0.3750000000000001 0.478125 0.41875 0.4859375 0.41875
2 0.2812500000000001 0.409375 0.2765625000000001 0.409375 0.2765625000000001 0.434375 0.2812500000000001 0.434375
2 0.15781250000000005 0.484375 0.15156250000000004 0.484375 0.15156250000000004 0.5265625 0.15781250000000005 0.5265625
2 0.696875 0.3984375000000001 0.690625 0.3984375000000001 0.690625 0.4328125 0.696875 0.4328125
2 0.20468750000000008 0.4609375 0.19843750000000004 0.4609375 0.19843750000000004 0.5015625 0.20468750000000008 0.5015625
2 0.2843750000000001 0.43125 0.27812500000000007 0.43125 0.27812500000000007 0.4796875 0.2843750000000001 0.4796875
2 0.3296875000000001 0.4203125 0.3203125000000001 0.4203125 0.3203125000000001 0.4734375 0.3296875000000001 0.4734375
2 0.2140625000000001 0.440625 0.2093750000000001 0.440625 0.2093750000000001 0.478125 0.2140625000000001 0.478125
2 0.18906250000000005 0.471875 0.17968750000000006 0.471875 0.17968750000000006 0.521875 0.18906250000000005 0.521875
2 0.2578125000000001 0.409375 0.25468750000000007 0.409375 0.25468750000000007 0.4375 0.2578125000000001 0.4375
2 0.21875000000000008 0.4515625 0.21250000000000008 0.4515625 0.21250000000000008 0.490625 0.21875000000000008 0.490625
2 0.10312500000000006 0.5390625 0.09062500000000007 0.5390625 0.09062500000000007 0.5921875 0.10312500000000009 0.5921875
2 0.11718750000000007 0.525 0.10468750000000004 0.525 0.10468750000000007 0.5703125 0.11718750000000008 0.5703125
2 0.14218750000000008 0.5609375 0.12656250000000008 0.5609375 0.12656250000000008 0.63125 0.14218750000000008 0.63125
2 0.1546875000000001 0.546875 0.1375000000000001 0.546875 0.1375000000000001 0.6421875 0.1546875000000001 0.6421875
2 0.16718750000000007 0.5390625 0.15000000000000005 0.5390625 0.15000000000000008 0.5984375 0.1671875000000001 0.5984375
2 0.18906250000000005 0.434375 0.18437500000000004 0.434375 0.18437500000000004 0.4609375 0.18906250000000005 0.4609375
2 0.15312500000000004 0.4828125 0.14843750000000006 0.4828125 0.14843750000000006 0.5234375 0.15312500000000004 0.5234375
2 0.2390625000000001 0.5109375 0.2250000000000001 0.5109375 0.2250000000000001 0.5984375 0.2390625000000001 0.5984375
2 0.2765625000000001 0.4359375 0.2687500000000001 0.4359375 0.2687500000000001 0.4921875 0.2765625000000001 0.4921875
2 0.471875 0.515625 0.453125 0.515625 0.453125 0.6515625 0.471875 0.6515625
2 0.571875 0.4359375 0.5578125 0.4359375 0.5578125 0.521875 0.571875 0.521875
2 0.3281250000000001 0.3703125 0.32500000000000007 0.3703125 0.32500000000000007 0.3921875 0.3281250000000001 0.3921875