0 0.7203125 0.40625 0.71875 0.40625 0.71875 0.4125 0.7203125 0.4125
2 0.7015625 0.403125 0.6921875 0.403125 0.6921875 0.4296875 0.7015625 0.4296875
2 0.66875 0.38750000000000007 0.6640625 0.38750000000000007 0.6640625 0.4125 0.66875 0.4125
2 0.4015625 0.37968750000000007 0.3968750000000001 0.37968750000000007 0.3968750000000001 0.4140625 0.4015625 0.4140625
2 0.5703125 0.3671875000000001 0.5640625 0.3671875000000001 0.5640625 0.3906250000000001 0.5703125 0.3906250000000001
2 0.640625 0.3734375000000001 0.6359375 0.3734375000000001 0.6359375 0.39531250000000007 0.640625 0.39531250000000007
2 0.615625 0.38750000000000007 0.6046875 0.38750000000000007 0.6046875 0.4265625 0.615625 0.4265625
2 0.4125 0.3703125000000001 0.4078125 0.3703125000000001 0.4078125 0.4 0.4125 0.4
2 0.51875 0.3609375000000001 0.5125 0.3609375000000001 0.5125 0.3937500000000001 0.51875 0.3937500000000001
2 0.59375 0.3671875000000001 0.5875 0.3671875000000001 0.5875 0.3968750000000001 0.59375 0.3968750000000001
2 0.74375 0.40625000000000017 0.7390625 0.40625000000000017 0.7390625 0.4312500000000002 0.74375 0.4312500000000002
2 0.3734375000000001 0.4125 0.3656250000000001 0.4125 0.3656250000000001 0.465625 0.3734375000000001 0.465625
2 0.7234375 0.41875 0.7140625 0.41875 0.7140625 0.45625 0.7234375 0.45625
2 0.4734375 0.3656250000000001 0.4671875 0.3656250000000001 0.4671875 0.39531250000000007 0.4734375 0.39531250000000007
2 0.22656250000000008 0.41875 0.2218750000000001 0.41875 0.2218750000000001 0.4453125 0.22656250000000008 0.4453125
2 0.4203125 0.3578125000000001 0.4171875 0.3578125000000001 0.4171875 0.3843750000000001 0.4203125 0.3843750000000001
2 0.5859375 0.3656250000000001 0.5796875 0.3656250000000001 0.5796875 0.3906250000000001 0.5859375 0.3906250000000001
2 0.55625 0.35625000000000007 0.5515625 0.35625000000000007 0.5515625 0.3750000000000001 0.55625 0.3750000000000001
2 0.61875 0.36406250000000007 0.615625 0.36406250000000007 0.615625 0.3859375000000001 0.61875 0.3859375000000001
2 0.6234375 0.3625000000000001 0.61875 0.3625000000000001 0.61875 0.3843750000000001 0.6234375 0.3843750000000001
2 0.6984375 0.3968750000000001 0.6921875 0.3968750000000001 0.6921875 0.421875 0.6984375 0.421875
2 0.4984375 0.3703125000000001 0.4859375 0.3703125000000001 0.4859375 0.4078125 0.4984375 0.4078125
2 0.565625 0.3531250000000001 0.559375 0.3531250000000001 0.559375 0.3750000000000001 0.565625 0.3750000000000001