0 0.49375 0.409375 0.490625 0.409375 0.490625 0.415625 0.49375 0.415625
2 0.6203125 0.3859375000000001 0.6140625 0.3859375000000001 0.6140625 0.4234375 0.6203125 0.4234375
2 0.6796875 0.4125 0.6734375 0.4125 0.6734375 0.4546875 0.6796875 0.4546875
2 0.6703125 0.3984375000000001 0.6640625 0.3984375000000001 0.6640625 0.4390625 0.6703125 0.4390625
2 0.403125 0.3843750000000001 0.3968750000000001 0.3843750000000001 0.3968750000000001 0.421875 0.403125 0.421875
2 0.653125 0.3812500000000001 0.646875 0.3812500000000001 0.646875 0.4140625 0.653125 0.4140625
2 0.4078125 0.3734375000000001 0.4015625 0.3734375000000001 0.4015625 0.39531250000000007 0.4078125 0.39531250000000007
2 0.490625 0.3781250000000001 0.484375 0.3781250000000001 0.484375 0.425 0.490625 0.425
2 0.3609375000000001 0.403125 0.3546875000000001 0.403125 0.3546875000000001 0.4515625 0.3609375000000001 0.4515625
2 0.6171875 0.3750000000000001 0.6125 0.3750000000000001 0.6125 0.40625 0.6171875 0.40625
2 0.4640625 0.3703125000000001 0.459375 0.3703125000000001 0.459375 0.409375 0.4640625 0.409375
2 0.29375000000000007 0.4390625 0.28593750000000007 0.4390625 0.28593750000000007 0.4953125 0.29375000000000007 0.4953125
2 0.3703125000000001 0.4359375 0.3578125000000001 0.4359375 0.3578125000000001 0.5046875 0.3703125000000001 0.5046875
2 0.59375 0.3906250000000001 0.5875 0.3906250000000001 0.5875 0.4375 0.59375 0.4375
2 0.3031250000000001 0.44375 0.29375000000000007 0.44375 0.29375000000000007 0.5046875 0.3031250000000001 0.5046875
2 0.5 0.3656250000000001 0.4921875 0.3656250000000001 0.4921875 0.4078125 0.5 0.4078125
2 0.2765625000000001 0.4484375 0.27031250000000007 0.4484375 0.27031250000000007 0.5109375 0.2765625000000001 0.5109375
2 0.2843750000000001 0.4515625 0.2765625000000001 0.4515625 0.2765625000000001 0.515625 0.2843750000000001 0.515625
2 0.3546875000000001 0.4359375 0.3421875000000001 0.4359375 0.3421875000000001 0.4984375 0.3546875000000001 0.4984375
2 0.415625 0.3625000000000001 0.4109375 0.3625000000000001 0.4109375 0.3890625000000001 0.415625 0.3890625000000001
2 0.5390625 0.3531250000000001 0.5328125 0.3531250000000001 0.5328125 0.37968750000000007 0.5390625 0.37968750000000007
2 0.565625 0.415625 0.55625 0.415625 0.55625 0.45 0.565625 0.45