0 0.2296875000000001 0.4453125 0.22812500000000008 0.4453125 0.22812500000000008 0.4515625 0.2296875000000001 0.4515625
2 0.58125 0.3593750000000001 0.5765625 0.3593750000000001 0.5765625 0.3843750000000001 0.58125 0.3843750000000001
2 0.3968750000000001 0.3765625000000001 0.3906250000000001 0.3765625000000001 0.3906250000000001 0.4078125 0.3968750000000001 0.4078125
2 0.2906250000000001 0.39375 0.2875000000000001 0.39375 0.2875000000000001 0.4109375 0.2906250000000001 0.4109375
2 0.434375 0.3609375000000001 0.428125 0.3609375000000001 0.428125 0.3906250000000001 0.434375 0.3906250000000001
2 0.553125 0.37187500000000007 0.546875 0.37187500000000007 0.546875 0.409375 0.553125 0.409375
2 0.509375 0.3593750000000001 0.503125 0.3593750000000001 0.503125 0.3890625000000001 0.509375 0.3890625000000001
2 0.4109375 0.3578125000000001 0.40625 0.3578125000000001 0.40625 0.37968750000000007 0.4109375 0.37968750000000007
2 0.2468750000000001 0.425 0.24218750000000008 0.425 0.24218750000000008 0.45 0.2468750000000001 0.45
2 0.3468750000000001 0.4078125 0.3375000000000001 0.4078125 0.3375000000000001 0.4515625 0.3468750000000001 0.4515625
2 0.3812500000000001 0.3656250000000001 0.3781250000000001 0.3656250000000001 0.3781250000000001 0.38750000000000007 0.3812500000000001 0.38750000000000007
2 0.38750000000000007 0.3703125000000001 0.3812500000000001 0.3703125000000001 0.3812500000000001 0.403125 0.38750000000000007 0.403125
2 0.21250000000000008 0.434375 0.2078125000000001 0.434375 0.2078125000000001 0.4515625 0.21250000000000008 0.4515625
2 0.73125 0.3921875000000001 0.728125 0.3921875000000001 0.728125 0.4187500000000002 0.73125 0.4187500000000002
2 0.3187500000000001 0.384375 0.3125000000000001 0.384375 0.3125000000000001 0.4140625 0.3187500000000001 0.4140625
2 0.23437500000000008 0.425 0.22812500000000008 0.425 0.22812500000000008 0.45 0.23437500000000008 0.45
2 0.24375000000000008 0.4203125 0.2406250000000001 0.4203125 0.2406250000000001 0.4421875 0.24375000000000008 0.4421875
2 0.2796875000000001 0.3984375 0.2734375000000001 0.3984375 0.2734375000000001 0.4234375 0.2796875000000001 0.4234375
2 0.31718750000000007 0.39375 0.3109375000000001 0.39375 0.3109375000000001 0.4234375 0.31718750000000007 0.4234375
2 0.39687500000000003 0.3578125000000001 0.39375 0.3578125000000001 0.39375000000000004 0.3828125000000001 0.3968750000000001 0.3828125000000001
2 0.553125 0.3593750000000001 0.5484375 0.3593750000000001 0.5484375 0.3765625000000001 0.553125 0.3765625000000001