0 0.74375 0.41718750000000016 0.7421875 0.41718750000000016 0.7421875 0.4203125000000002 0.74375 0.4203125000000002
2 0.640625 0.3812500000000001 0.634375 0.3812500000000001 0.634375 0.4140625 0.640625 0.4140625
2 0.571875 0.3609375000000001 0.5671875 0.3609375000000001 0.5671875 0.3921875000000001 0.571875 0.3921875000000001
2 0.2828125000000001 0.4015625 0.2765625000000001 0.4015625 0.2765625000000001 0.43125 0.2828125000000001 0.43125
2 0.6 0.3625000000000001 0.5953125 0.3625000000000001 0.5953125 0.3921875000000001 0.6 0.3921875000000001
2 0.4578125 0.3703125000000001 0.4515625 0.3703125000000001 0.4515625 0.4109375 0.4578125 0.4109375
2 0.4734375 0.3656250000000001 0.4671875 0.3656250000000001 0.4671875 0.3984375000000001 0.4734375 0.3984375000000001
2 0.584375 0.37187500000000007 0.5796875 0.37187500000000007 0.5796875 0.409375 0.584375 0.409375
2 0.5640625 0.3546875000000001 0.559375 0.3546875000000001 0.559375 0.3812500000000001 0.5640625 0.3812500000000001
2 0.5953125 0.3734375000000001 0.5890625 0.3734375000000001 0.5890625 0.4109375 0.5953125 0.4109375
2 0.4953125 0.3546875000000001 0.4890625 0.3546875000000001 0.4890625 0.3843750000000001 0.4953125 0.3843750000000001
2 0.5125 0.3515625000000001 0.50625 0.3515625000000001 0.50625 0.3812500000000001 0.5125 0.3812500000000001
2 0.515625 0.37968750000000007 0.50625 0.37968750000000007 0.50625 0.425 0.515625 0.425
2 0.48125 0.3578125000000001 0.475 0.3578125000000001 0.475 0.38750000000000007 0.48125 0.38750000000000007
2 0.503125 0.38750000000000007 0.4921875 0.38750000000000007 0.4921875 0.434375 0.503125 0.434375
2 0.465625 0.34843750000000007 0.4609375 0.34843750000000007 0.4609375 0.3765625000000001 0.465625 0.3765625000000001
2 0.7 0.3750000000000001 0.696875 0.3750000000000001 0.696875 0.3937500000000001 0.7 0.3937500000000001
2 0.7484375 0.3968750000000001 0.7453125 0.3968750000000001 0.7453125 0.42187500000000017 0.7484375 0.42187500000000017
2 0.79375 0.43281250000000016 0.790625 0.43281250000000016 0.790625 0.4625000000000002 0.79375 0.4625000000000002
2 0.840625 0.5015625000000001 0.83125 0.5015625000000001 0.83125 0.5453125000000002 0.840625 0.5453125000000002
2 0.4765625 0.3453125000000001 0.4734375 0.3453125000000001 0.4734375 0.3671875000000001 0.4765625 0.3671875000000001
2 0.46875 0.3500000000000001 0.465625 0.3500000000000001 0.465625 0.37187500000000007 0.46875 0.37187500000000007
2 0.5828125 0.3468750000000001 0.578125 0.3468750000000001 0.578125 0.3687500000000001 0.5828125 0.3687500000000001