0 0.425 0.6109375 0.4234375 0.6109375 0.4234375 0.6140625 0.425 0.6140625
2 0.27031250000000007 0.5890625 0.2671875000000001 0.5890625 0.2671875000000001 0.6203125 0.27031250000000007 0.6203125
2 0.3203125000000001 0.609375 0.3125000000000001 0.609375 0.3125000000000001 0.65 0.3203125000000001 0.65
2 0.646875 0.6171875 0.640625 0.6171875 0.640625 0.64375 0.646875 0.64375
2 0.3828125000000001 0.6046875 0.3765625000000001 0.6046875 0.3765625000000001 0.63125 0.3828125000000001 0.63125
2 0.3421875000000001 0.628125 0.3343750000000001 0.628125 0.3343750000000001 0.6625 0.3421875000000001 0.6625
2 0.2953125000000001 0.5828125 0.2921875000000001 0.5828125 0.2921875000000001 0.609375 0.2953125000000001 0.609375
2 0.3296875000000001 0.5859375 0.3265625000000001 0.5859375 0.3265625000000001 0.6125 0.3296875000000001 0.6125
2 0.4015625 0.6015625 0.39531250000000007 0.6015625 0.39531250000000007 0.6203125 0.4015625 0.6203125
2 0.21250000000000008 0.5578125 0.2093750000000001 0.5578125 0.2093750000000001 0.5796875 0.21250000000000008 0.5796875
2 0.3500000000000001 0.5859375 0.3453125000000001 0.5859375 0.3453125000000001 0.609375 0.3500000000000001 0.609375
2 0.4984375 0.6328125 0.4890625 0.6328125 0.4890625 0.6671875 0.4984375 0.6671875
2 0.475 0.60625 0.46875 0.60625 0.46875 0.6375 0.475 0.6375
2 0.4125 0.5953125 0.40625 0.5953125 0.40625 0.6203125 0.4125 0.6203125
2 0.490625 0.6 0.484375 0.6 0.484375 0.625 0.490625 0.625
2 0.509375 0.609375 0.5046875 0.609375 0.5046875 0.6375 0.509375 0.6375
2 0.4078125 0.6 0.4015625 0.6 0.4015625 0.625 0.4078125 0.625
2 0.3156250000000001 0.5734375 0.3125000000000001 0.5734375 0.3125000000000001 0.5984375 0.3156250000000001 0.5984375
2 0.3890625000000001 0.603125 0.3828125000000001 0.603125 0.3828125000000001 0.63125 0.3890625000000001 0.63125
2 0.434375 0.59375 0.4296875 0.59375 0.4296875 0.6125 0.434375 0.6125