2 0.59375 0.4234375 0.5890625 0.4234375 0.5890625 0.46875 0.59375 0.46875
2 0.4546875 0.4125 0.45 0.4125 0.45 0.459375 0.4546875 0.459375
2 0.4171875 0.4546875 0.4078125 0.4546875 0.4078125 0.5125 0.4171875 0.5125
2 0.40625 0.4375 0.4015625 0.4375 0.4015625 0.490625 0.40625 0.490625
2 0.4046875 0.4140625 0.4 0.4140625 0.4 0.4546875 0.4046875 0.4546875
2 0.4 0.4109375 0.39531250000000007 0.4109375 0.39531250000000007 0.44375 0.4 0.44375
2 0.3906250000000001 0.421875 0.3859375000000001 0.421875 0.3859375000000001 0.4640625 0.3906250000000001 0.4640625
2 0.3671875000000001 0.4203125 0.3625000000000001 0.4203125 0.3625000000000001 0.453125 0.3671875000000001 0.453125
2 0.35625000000000007 0.43125 0.3515625000000001 0.43125 0.3515625000000001 0.471875 0.35625000000000007 0.471875
2 0.3343750000000001 0.41875 0.3312500000000001 0.41875 0.3312500000000001 0.4484375 0.3343750000000001 0.4484375
2 0.2953125000000001 0.4453125 0.2906250000000001 0.4453125 0.2906250000000001 0.4796875 0.2953125000000001 0.4796875
2 0.30156250000000007 0.4328125 0.2984375000000001 0.4328125 0.2984375000000001 0.4640625 0.30156250000000007 0.4640625
2 0.30156250000000007 0.43125 0.2984375000000001 0.43125 0.2984375000000001 0.4609375 0.30156250000000007 0.4609375
2 0.2750000000000001 0.475 0.2687500000000001 0.475 0.2687500000000001 0.521875 0.2750000000000001 0.521875
2 0.2765625000000001 0.4546875 0.2718750000000001 0.4546875 0.2718750000000001 0.4921875 0.2765625000000001 0.4921875
2 0.27812500000000007 0.4390625 0.2734375000000001 0.4390625 0.2734375000000001 0.471875 0.27812500000000007 0.471875
2 0.2765625000000001 0.425 0.2734375000000001 0.425 0.2734375000000001 0.4484375 0.2765625000000001 0.4484375
2 0.2515625000000001 0.396875 0.2375000000000001 0.396875 0.2375000000000001 0.4125 0.2515625000000001 0.4125
2 0.2687500000000001 0.446875 0.26250000000000007 0.446875 0.26250000000000007 0.48125 0.2687500000000001 0.48125
2 0.2562500000000001 0.4390625 0.2531250000000001 0.4390625 0.2531250000000001 0.4703125 0.2562500000000001 0.4703125
2 0.2312500000000001 0.459375 0.22656250000000008 0.459375 0.22656250000000008 0.490625 0.2312500000000001 0.490625
2 0.22031250000000008 0.4734375 0.2156250000000001 0.4734375 0.2156250000000001 0.5125 0.22031250000000008 0.5125
2 0.18125000000000005 0.478125 0.17812500000000003 0.478125 0.17812500000000003 0.515625 0.18125000000000005 0.515625