2 0.06718750000000008 0.63125 0.056250000000000064 0.63125 0.05625000000000008 0.709375 0.0671875000000001 0.709375
0 0.17343750000000005 0.521875 0.17031250000000003 0.521875 0.17031250000000003 0.5296875 0.17343750000000005 0.5296875
2 0.18906250000000008 0.5515625 0.18125000000000008 0.5515625 0.18125000000000008 0.6171875 0.18906250000000008 0.6171875
2 0.12968750000000007 0.515625 0.12656250000000005 0.515625 0.12656250000000008 0.55 0.1296875000000001 0.55
2 0.18125000000000005 0.490625 0.17656250000000004 0.490625 0.17656250000000004 0.521875 0.18125000000000005 0.521875
2 0.24218750000000008 0.48125 0.23437500000000008 0.48125 0.23437500000000008 0.5140625 0.24218750000000008 0.5140625
2 0.21875000000000008 0.471875 0.2156250000000001 0.471875 0.2156250000000001 0.4953125 0.21875000000000008 0.4953125
2 0.2750000000000001 0.4640625 0.2687500000000001 0.4640625 0.2687500000000001 0.5015625 0.2750000000000001 0.5015625
2 0.2828125000000001 0.4640625 0.27812500000000007 0.4640625 0.27812500000000007 0.5078125 0.2828125000000001 0.5078125
2 0.2906250000000001 0.5 0.2843750000000001 0.5 0.2843750000000001 0.5578125 0.2906250000000001 0.5578125
2 0.3343750000000001 0.459375 0.3281250000000001 0.459375 0.3281250000000001 0.5125 0.3343750000000001 0.5125
2 0.3437500000000001 0.4609375 0.3390625000000001 0.4609375 0.3390625000000001 0.509375 0.3437500000000001 0.509375
2 0.35625000000000007 0.43125 0.3515625000000001 0.43125 0.3515625000000001 0.465625 0.35625000000000007 0.465625
2 0.4046875 0.496875 0.3984375000000001 0.496875 0.3984375000000001 0.5625 0.4046875 0.5625
2 0.38750000000000007 0.4671875 0.3812500000000001 0.4671875 0.3812500000000001 0.525 0.38750000000000007 0.525
2 0.38750000000000007 0.434375 0.3828125000000001 0.434375 0.3828125000000001 0.4796875 0.38750000000000007 0.4796875
2 0.403125 0.4328125 0.3984375000000001 0.4328125 0.3984375000000001 0.475 0.403125 0.475
2 0.3734375000000001 0.4203125 0.3687500000000001 0.4203125 0.3687500000000001 0.4421875 0.3734375000000001 0.4421875
2 0.434375 0.5234375 0.4234375 0.5234375 0.4234375 0.6078125 0.434375 0.6078125
2 0.45625 0.484375 0.446875 0.484375 0.446875 0.5578125 0.45625 0.5578125
2 0.4921875 0.459375 0.4859375 0.459375 0.4859375 0.521875 0.4921875 0.521875
2 0.48125 0.4421875 0.4765625 0.4421875 0.4765625 0.496875 0.48125 0.496875
2 0.5 0.428125 0.49375 0.428125 0.49375 0.4828125 0.5 0.4828125
2 0.653125 0.44375 0.6484375 0.44375 0.6484375 0.49375 0.653125 0.49375