2 0.33281250000000007 0.4234375 0.3265625000000001 0.4234375 0.3265625000000001 0.4609375 0.33281250000000007 0.4609375
0 0.34062500000000007 0.4515625 0.3375000000000001 0.4515625 0.3375000000000001 0.4640625 0.34062500000000007 0.4640625
2 0.446875 0.440625 0.440625 0.440625 0.440625 0.4984375 0.446875 0.4984375
2 0.4875 0.4578125 0.48125 0.4578125 0.48125 0.5140625 0.4875 0.5140625
2 0.4546875 0.4125 0.4484375 0.4125 0.4484375 0.4546875 0.4546875 0.4546875
2 0.465625 0.4125 0.459375 0.4125 0.459375 0.459375 0.465625 0.459375
2 0.459375 0.409375 0.45625 0.409375 0.45625 0.4515625 0.459375 0.4515625
2 0.4875 0.415625 0.4828125 0.415625 0.4828125 0.4609375 0.4875 0.4609375
2 0.4984375 0.41875 0.4953125 0.41875 0.4953125 0.4625 0.4984375 0.4625
2 0.503125 0.39531250000000007 0.5 0.39531250000000007 0.5 0.428125 0.503125 0.428125
2 0.5265625 0.4203125 0.5234375 0.4203125 0.5234375 0.4609375 0.5265625 0.4609375
2 0.54375 0.43125 0.540625 0.43125 0.540625 0.4734375 0.54375 0.4734375
2 0.5890625 0.4390625 0.584375 0.4390625 0.584375 0.4890625 0.5890625 0.4890625
2 0.575 0.4140625 0.5703125 0.4140625 0.5703125 0.459375 0.575 0.459375
2 0.5671875 0.4078125 0.5640625 0.4078125 0.5640625 0.4515625 0.5671875 0.4515625
2 0.565625 0.403125 0.5625 0.403125 0.5625 0.44375 0.565625 0.44375
2 0.5609375 0.4 0.5578125 0.4 0.5578125 0.440625 0.5609375 0.440625
2 0.5578125 0.403125 0.5546875 0.403125 0.5546875 0.440625 0.5578125 0.440625
2 0.546875 0.4078125 0.54375 0.4078125 0.54375 0.4453125 0.546875 0.4453125
2 0.534375 0.3984375000000001 0.53125 0.3984375000000001 0.53125 0.4359375 0.534375 0.4359375
2 0.7 0.43125 0.6953125 0.43125 0.6953125 0.4859375 0.7 0.4859375
2 0.5390625 0.4078125 0.5375 0.4078125 0.5375 0.446875 0.5390625 0.446875
2 0.5421875 0.4140625 0.5390625 0.4140625 0.5390625 0.43125 0.5421875 0.43125