2 0.17656250000000004 0.4859375 0.17187500000000006 0.4859375 0.17187500000000006 0.5234375 0.17656250000000004 0.5234375
2 0.14375000000000007 0.53125 0.13906250000000003 0.53125 0.13906250000000006 0.5765625 0.1437500000000001 0.5765625
0 0.1843750000000001 0.575 0.18125000000000008 0.575 0.18125000000000008 0.5859375 0.1843750000000001 0.5859375
2 0.1390625000000001 0.590625 0.1296875000000001 0.590625 0.1296875000000001 0.665625 0.1390625000000001 0.665625
2 0.22031250000000008 0.4828125 0.2171875000000001 0.4828125 0.2171875000000001 0.5203125 0.22031250000000008 0.5203125
2 0.2578125000000001 0.521875 0.2484375000000001 0.521875 0.2484375000000001 0.5796875 0.2578125000000001 0.5796875
2 0.2671875000000001 0.459375 0.26250000000000007 0.459375 0.26250000000000007 0.5 0.2671875000000001 0.5
2 0.2734375000000001 0.453125 0.27031250000000007 0.453125 0.27031250000000007 0.4828125 0.2734375000000001 0.4828125
2 0.30156250000000007 0.4953125 0.2921875000000001 0.4953125 0.2921875000000001 0.54375 0.30156250000000007 0.54375
2 0.29375000000000007 0.459375 0.2875000000000001 0.459375 0.2875000000000001 0.5015625 0.29375000000000007 0.5015625
2 0.3265625000000001 0.4578125 0.3218750000000001 0.4578125 0.3218750000000001 0.5015625 0.3265625000000001 0.5015625
2 0.3343750000000001 0.484375 0.3281250000000001 0.484375 0.3281250000000001 0.540625 0.3343750000000001 0.540625
2 0.3375000000000001 0.4328125 0.33281250000000007 0.4328125 0.33281250000000007 0.475 0.3375000000000001 0.475
2 0.3312500000000001 0.4390625 0.3281250000000001 0.4390625 0.3281250000000001 0.471875 0.3312500000000001 0.471875
2 0.3750000000000001 0.4171875 0.3703125000000001 0.4171875 0.3703125000000001 0.446875 0.3750000000000001 0.446875
2 0.3781250000000001 0.44375 0.3734375000000001 0.44375 0.3734375000000001 0.4875 0.3781250000000001 0.4875
2 0.39531250000000007 0.440625 0.3906250000000001 0.440625 0.3906250000000001 0.4875 0.39531250000000007 0.4875
2 0.41875 0.5171875 0.4125 0.5171875 0.4125 0.5984375 0.41875 0.5984375
2 0.440625 0.425 0.4375 0.425 0.4375 0.46875 0.440625 0.46875
2 0.446875 0.4296875 0.4421875 0.4296875 0.4421875 0.478125 0.446875 0.478125
2 0.4765625 0.43125 0.471875 0.43125 0.471875 0.4765625 0.4765625 0.4765625
2 0.4921875 0.44375 0.4875 0.44375 0.4875 0.490625 0.4921875 0.490625
2 0.490625 0.4234375 0.4859375 0.4234375 0.4859375 0.4515625 0.490625 0.4515625
2 0.659375 0.446875 0.653125 0.446875 0.653125 0.49375 0.659375 0.49375