2 0.7890625 0.4656250000000002 0.7828125 0.4656250000000002 0.7828125 0.5000000000000002 0.7890625 0.5000000000000002
2 0.778125 0.5312500000000002 0.7671875 0.5312500000000002 0.7671875 0.6062500000000002 0.778125 0.6062500000000002
2 0.7765625 0.4859375000000002 0.771875 0.4859375000000002 0.771875 0.5359375000000002 0.7765625 0.5359375000000002
2 0.7109375 0.4546875 0.703125 0.4546875 0.703125 0.5046875 0.7109375 0.5046875
2 0.675 0.4640625 0.66875 0.4640625 0.66875 0.5328125 0.675 0.5328125
0 0.684375 0.4578125 0.68125 0.4578125 0.68125 0.465625 0.684375 0.465625
2 0.6546875 0.475 0.6484375 0.475 0.6484375 0.534375 0.6546875 0.534375
2 0.6234375 0.434375 0.6171875 0.434375 0.6171875 0.478125 0.6234375 0.478125
2 0.5625 0.5046875 0.5515625 0.5046875 0.5515625 0.5796875 0.5625 0.5796875
2 0.5515625 0.4890625 0.5421875 0.4890625 0.5421875 0.5625 0.5515625 0.5625
2 0.53125 0.4671875 0.5234375 0.4671875 0.5234375 0.5265625 0.53125 0.5265625
2 0.5562500000000001 0.6328125 0.5390625 0.6328125 0.5390625000000001 0.7734375 0.5562500000000001 0.7734375
2 0.50625 0.4859375 0.496875 0.4859375 0.496875 0.5546875 0.50625 0.5546875
2 0.490625 0.434375 0.484375 0.434375 0.484375 0.484375 0.490625 0.484375
2 0.4921875000000001 0.64375 0.4796875 0.64375 0.4796875000000001 0.78125 0.49218750000000017 0.78125
2 0.45 0.475 0.4421875 0.475 0.4421875 0.55 0.45 0.55
2 0.4484375 0.421875 0.4421875 0.421875 0.4421875 0.46875 0.4484375 0.46875
2 0.4328125 0.4515625 0.4265625 0.4515625 0.4265625 0.5046875 0.4328125 0.5046875
2 0.4171875 0.49375 0.409375 0.49375 0.409375 0.559375 0.4171875 0.559375
2 0.37968750000000007 0.5203125 0.3671875000000001 0.5203125 0.3671875000000001 0.6046875 0.37968750000000007 0.6046875
2 0.3453125000000001 0.6 0.3296875000000001 0.6 0.3296875000000001 0.7125 0.3453125000000001 0.7125
2 0.2171875000000001 0.484375 0.2093750000000001 0.484375 0.2093750000000001 0.53125 0.2171875000000001 0.53125