2 0.51875 0.7109375 0.49375 0.7109375 0.4937500000000001 0.878125 0.5187500000000002 0.878125
2 0.7609375 0.48750000000000016 0.753125 0.48750000000000016 0.753125 0.5406250000000001 0.7609375 0.5406250000000001
2 0.75 0.4468750000000002 0.7453125 0.4468750000000002 0.7453125 0.4812500000000002 0.75 0.4812500000000002
2 0.615625 0.4140625 0.6109375 0.4140625 0.6109375 0.453125 0.615625 0.453125
2 0.6109375 0.409375 0.60625 0.409375 0.60625 0.4421875 0.6109375 0.4421875
2 0.565625 0.4484375 0.559375 0.4484375 0.559375 0.50625 0.565625 0.50625
2 0.5671875 0.415625 0.559375 0.415625 0.559375 0.453125 0.5671875 0.453125
2 0.553125 0.4390625 0.546875 0.4390625 0.546875 0.4875 0.553125 0.4875
2 0.553125 0.421875 0.546875 0.421875 0.546875 0.45625 0.553125 0.45625
2 0.5265625 0.4015625 0.5203125 0.4015625 0.5203125 0.4390625 0.5265625 0.4390625
2 0.50625 0.4109375 0.5015625 0.4109375 0.5015625 0.4484375 0.50625 0.4484375
2 0.496875 0.4171875 0.4921875 0.4171875 0.4921875 0.45625 0.496875 0.45625
2 0.4875 0.4359375 0.48125 0.4359375 0.48125 0.48125 0.4875 0.48125
2 0.4671875 0.403125 0.4625 0.403125 0.4625 0.4359375 0.4671875 0.4359375
2 0.45625 0.4078125 0.453125 0.4078125 0.453125 0.4421875 0.45625 0.4421875
2 0.4484375 0.4375 0.440625 0.4375 0.440625 0.4765625 0.4484375 0.4765625
2 0.4484375 0.434375 0.4421875 0.434375 0.4421875 0.475 0.4484375 0.475
2 0.4390625 0.475 0.4296875 0.475 0.4296875 0.525 0.4390625 0.525
2 0.43125 0.4546875 0.421875 0.4546875 0.421875 0.5078125 0.43125 0.5078125
2 0.421875 0.4890625 0.4109375 0.4890625 0.4109375 0.553125 0.421875 0.553125
2 0.2406250000000001 0.471875 0.23437500000000008 0.471875 0.23437500000000008 0.515625 0.2406250000000001 0.515625
2 0.55 0.459375 0.540625 0.459375 0.540625 0.5296875 0.55 0.5296875