2 0.17968750000000006 0.490625 0.17343750000000005 0.490625 0.17343750000000005 0.53125 0.17968750000000006 0.53125
2 0.2093750000000001 0.5296875 0.2000000000000001 0.5296875 0.2000000000000001 0.5921875 0.2093750000000001 0.5921875
2 0.2156250000000001 0.5359375 0.2078125000000001 0.5359375 0.2078125000000001 0.5984375 0.2156250000000001 0.5984375
2 0.2250000000000001 0.53125 0.2156250000000001 0.53125 0.2156250000000001 0.596875 0.2250000000000001 0.596875
2 0.2796875000000001 0.5515625 0.2656250000000001 0.5515625 0.2656250000000001 0.640625 0.2796875000000001 0.640625
2 0.2968750000000001 0.459375 0.2906250000000001 0.459375 0.2906250000000001 0.50625 0.2968750000000001 0.50625
2 0.32500000000000007 0.49375 0.3187500000000001 0.49375 0.3187500000000001 0.5546875 0.32500000000000007 0.5546875
2 0.3343750000000001 0.4375 0.3296875000000001 0.4375 0.3296875000000001 0.4796875 0.3343750000000001 0.4796875
2 0.3421875000000001 0.4578125 0.3375000000000001 0.4578125 0.3375000000000001 0.5125 0.3421875000000001 0.5125
2 0.3750000000000001 0.475 0.3687500000000001 0.475 0.3687500000000001 0.54375 0.3750000000000001 0.54375
2 0.37187500000000007 0.4328125 0.3671875000000001 0.4328125 0.3671875000000001 0.475 0.37187500000000007 0.475
2 0.38750000000000007 0.521875 0.37968750000000007 0.521875 0.37968750000000007 0.603125 0.38750000000000007 0.603125
2 0.4109375 0.5171875 0.4015625 0.5171875 0.4015625 0.603125 0.4109375 0.603125
2 0.40625 0.4546875 0.4 0.4546875 0.4 0.515625 0.40625 0.515625
2 0.4453125 0.4640625 0.4390625 0.4640625 0.4390625 0.5265625 0.4453125 0.5265625
2 0.4640625 0.453125 0.459375 0.453125 0.459375 0.5171875 0.4640625 0.5171875
2 0.475 0.496875 0.465625 0.496875 0.465625 0.575 0.475 0.575
2 0.496875 0.5046875 0.490625 0.5046875 0.490625 0.5859375 0.496875 0.5859375
2 0.4859375 0.446875 0.4796875 0.446875 0.4796875 0.5015625 0.4859375 0.5015625
2 0.49375 0.4609375 0.4875 0.4609375 0.4875 0.5328125 0.49375 0.5328125
2 0.4984375 0.4578125 0.4921875 0.4578125 0.4921875 0.51875 0.4984375 0.51875
2 0.6625 0.4515625 0.6546875 0.4515625 0.6546875 0.5015625 0.6625 0.5015625