2 0.2828125000000001 0.4625 0.2765625000000001 0.4625 0.2765625000000001 0.5109375 0.2828125000000001 0.5109375
2 0.48125 0.496875 0.471875 0.496875 0.471875 0.584375 0.48125 0.584375
2 0.4671875 0.4359375 0.4609375 0.4359375 0.4609375 0.484375 0.4671875 0.484375
2 0.48125 0.459375 0.471875 0.459375 0.471875 0.5140625 0.48125 0.5140625
2 0.478125 0.4171875 0.471875 0.4171875 0.471875 0.4625 0.478125 0.4625
2 0.53125 0.425 0.525 0.425 0.525 0.471875 0.53125 0.471875
2 0.546875 0.425 0.540625 0.425 0.540625 0.4734375 0.546875 0.4734375
2 0.5625 0.4171875 0.55625 0.4171875 0.55625 0.4625 0.5625 0.4625
2 0.5765625 0.40625 0.5703125 0.40625 0.5703125 0.44375 0.5765625 0.44375
2 0.5953125 0.440625 0.5890625 0.440625 0.5890625 0.4953125 0.5953125 0.4953125
2 0.6125 0.478125 0.603125 0.478125 0.603125 0.54375 0.6125 0.54375
2 0.6578125 0.5203125 0.6453125 0.5203125 0.6453125 0.609375 0.6578125 0.609375
2 0.6390625 0.459375 0.63125 0.459375 0.63125 0.515625 0.6390625 0.515625
2 0.596875 0.39531250000000007 0.590625 0.39531250000000007 0.590625 0.4265625 0.596875 0.4265625
2 0.6234375 0.4234375 0.6171875 0.4234375 0.6171875 0.465625 0.6234375 0.465625
2 0.6296875 0.4296875 0.6203125 0.4296875 0.6203125 0.4765625 0.6296875 0.4765625
2 0.759375 0.5531250000000002 0.7484375 0.5531250000000002 0.7484375 0.6343750000000001 0.759375 0.6343750000000001
2 0.815625 0.5109375000000002 0.803125 0.5109375000000002 0.803125 0.5734375000000002 0.815625 0.5734375000000002
2 0.8265625 0.4859375000000002 0.8203125 0.4859375000000002 0.8203125 0.5328125000000001 0.8265625 0.5328125000000001
2 0.790625 0.4546875000000002 0.784375 0.4546875000000002 0.784375 0.4890625000000002 0.790625 0.4890625000000002
2 0.7359375 0.4421875000000002 0.7296875 0.4421875000000002 0.7296875 0.47656250000000017 0.7359375 0.47656250000000017
2 0.7203125 0.4265625 0.715625 0.4265625 0.715625 0.4609375 0.7203125 0.4609375
0 0.715625 0.453125 0.7140625 0.453125 0.7140625 0.4609375 0.715625 0.4609375