2 0.6015625 0.434375 0.596875 0.434375 0.596875 0.478125 0.6015625 0.478125
2 0.565625 0.4171875 0.559375 0.4171875 0.559375 0.4578125 0.565625 0.4578125
2 0.4859375 0.4296875 0.4796875 0.4296875 0.4796875 0.4765625 0.4859375 0.4765625
2 0.4765625 0.4109375 0.4734375 0.4109375 0.4734375 0.45 0.4765625 0.45
2 0.525 0.4046875 0.5203125 0.4046875 0.5203125 0.4453125 0.525 0.4453125
2 0.540625 0.4046875 0.5359375 0.4046875 0.5359375 0.4421875 0.540625 0.4421875
2 0.496875 0.39531250000000007 0.4921875 0.39531250000000007 0.4921875 0.4359375 0.496875 0.4359375
2 0.5890625 0.403125 0.584375 0.403125 0.584375 0.4453125 0.5890625 0.4453125
2 0.575 0.4171875 0.5703125 0.4171875 0.5703125 0.4546875 0.575 0.4546875
2 0.546875 0.39531250000000007 0.540625 0.39531250000000007 0.540625 0.4296875 0.546875 0.4296875
2 0.5546875 0.3968750000000001 0.55 0.3968750000000001 0.55 0.4265625 0.5546875 0.4265625
2 0.5703125 0.4078125 0.565625 0.4078125 0.565625 0.440625 0.5703125 0.440625
2 0.59375 0.403125 0.5890625 0.403125 0.5890625 0.4296875 0.59375 0.4296875
2 0.609375 0.4 0.60625 0.4 0.60625 0.4296875 0.609375 0.4296875
2 0.6046875 0.4015625 0.6 0.4015625 0.6 0.4296875 0.6046875 0.4296875
2 0.6265625 0.4109375 0.6203125 0.4109375 0.6203125 0.4484375 0.6265625 0.4484375
2 0.63125 0.409375 0.628125 0.409375 0.628125 0.44375 0.63125 0.44375
2 0.6578125 0.43125 0.653125 0.43125 0.653125 0.471875 0.6578125 0.471875
2 0.74375 0.44531250000000017 0.740625 0.44531250000000017 0.740625 0.4781250000000002 0.74375 0.4781250000000002
2 0.4859375 0.4015625 0.4828125 0.4015625 0.4828125 0.4328125 0.4859375 0.4328125
2 0.2531250000000001 0.46875 0.2468750000000001 0.46875 0.2468750000000001 0.5109375 0.2531250000000001 0.5109375
2 0.5984375 0.4125 0.59375 0.4125 0.59375 0.44375 0.5984375 0.44375