2 0.2656250000000001 0.4703125 0.2578125000000001 0.4703125 0.2578125000000001 0.51875 0.2656250000000001 0.51875
2 0.484375 0.53125 0.471875 0.53125 0.471875 0.6265625 0.484375 0.6265625
2 0.4953125 0.54375 0.4859375 0.54375 0.4859375 0.646875 0.4953125 0.646875
2 0.5125 0.5890625 0.5015625 0.5890625 0.5015625 0.709375 0.5125 0.709375
2 0.4921875 0.4609375 0.484375 0.4609375 0.484375 0.525 0.4921875 0.525
2 0.5859375 0.578125 0.5765625 0.578125 0.5765625 0.684375 0.5859375 0.684375
2 0.59375 0.5828125 0.5828125 0.5828125 0.5828125 0.6671875 0.59375 0.6671875
2 0.6671875 0.5234375 0.659375 0.5234375 0.659375 0.6015625 0.6671875 0.6015625
2 0.7390625 0.5203125000000002 0.7328125 0.5203125000000002 0.7328125 0.5921875000000002 0.7390625 0.5921875000000002
2 0.7671875 0.6140625000000002 0.7578125 0.6140625000000002 0.7578125 0.7203125000000001 0.7671875 0.7203125000000001
2 0.7828125000000001 0.7328125000000002 0.7609375000000002 0.7328125000000002 0.7609375000000002 0.8953125 0.7828125000000001 0.8953125
2 0.878125 0.5937500000000002 0.86875 0.5937500000000002 0.86875 0.6843750000000002 0.878125 0.6843750000000002
2 0.8921875 0.6000000000000002 0.8828125 0.6000000000000002 0.8828125 0.6296875000000002 0.8921875 0.6296875000000002
2 0.8515625 0.5468750000000002 0.84375 0.5468750000000002 0.84375 0.6125000000000002 0.8515625 0.6125000000000002
2 0.95 0.5640625000000001 0.9421875 0.5640625000000001 0.9421875 0.6140625000000002 0.95 0.6140625000000002
0 0.971875 0.6250000000000002 0.96875 0.6250000000000002 0.96875 0.6359375000000002 0.971875 0.6359375000000002
2 0.8234375 0.5546875000000002 0.8125 0.5546875000000002 0.8125 0.5937500000000002 0.8234375 0.5937500000000002
2 0.7953125 0.5312500000000002 0.7890625 0.5312500000000002 0.7890625 0.5968750000000002 0.7953125 0.5968750000000002
2 0.8234375 0.5000000000000002 0.8171875 0.5000000000000002 0.8171875 0.5531250000000002 0.8234375 0.5531250000000002
2 0.8265625 0.47968750000000016 0.821875 0.47968750000000016 0.821875 0.5187500000000002 0.8265625 0.5187500000000002
2 0.65625 0.45625 0.65 0.45625 0.65 0.5140625 0.65625 0.5140625
2 0.675 0.421875 0.671875 0.421875 0.671875 0.4546875 0.675 0.4546875
2 0.5375 0.415625 0.5328125 0.415625 0.5328125 0.4546875 0.5375 0.4546875