2 0.19375000000000003 0.4828125 0.18906250000000005 0.4828125 0.18906250000000005 0.5171875 0.19375000000000003 0.5171875
2 0.2500000000000001 0.5953125 0.2390625000000001 0.5953125 0.2390625000000001 0.690625 0.2500000000000001 0.690625
2 0.2890625000000001 0.471875 0.2828125000000001 0.471875 0.2828125000000001 0.51875 0.2890625000000001 0.51875
2 0.3046875000000001 0.4515625 0.3000000000000001 0.4515625 0.3000000000000001 0.49375 0.3046875000000001 0.49375
2 0.3187500000000001 0.4625 0.3125000000000001 0.4625 0.3125000000000001 0.509375 0.3187500000000001 0.509375
2 0.3312500000000001 0.4515625 0.3265625000000001 0.4515625 0.3265625000000001 0.496875 0.3312500000000001 0.496875
2 0.3359375000000001 0.4453125 0.3312500000000001 0.4453125 0.3312500000000001 0.4875 0.3359375000000001 0.4875
2 0.3281250000000001 0.4390625 0.3234375000000001 0.4390625 0.3234375000000001 0.478125 0.3281250000000001 0.478125
2 0.3453125000000001 0.421875 0.3421875000000001 0.421875 0.3421875000000001 0.453125 0.3453125000000001 0.453125
2 0.3531250000000001 0.4171875 0.34843750000000007 0.4171875 0.34843750000000007 0.446875 0.3531250000000001 0.446875
0 0.4328125 0.4296875 0.43125 0.4296875 0.43125 0.4359375 0.4328125 0.4359375
2 0.409375 0.4140625 0.403125 0.4140625 0.403125 0.4390625 0.409375 0.4390625
2 0.440625 0.4125 0.4359375 0.4125 0.4359375 0.44375 0.440625 0.44375
2 0.4359375 0.409375 0.4328125 0.409375 0.4328125 0.440625 0.4359375 0.440625
2 0.44375 0.40625 0.4390625 0.40625 0.4390625 0.434375 0.44375 0.434375
2 0.4546875 0.4328125 0.4484375 0.4328125 0.4484375 0.475 0.4546875 0.475
2 0.4515625 0.5078125 0.4453125 0.5078125 0.4453125 0.5828125 0.4515625 0.5828125
2 0.5046875 0.4125 0.5015625 0.4125 0.5015625 0.4515625 0.5046875 0.4515625
2 0.5 0.4078125 0.4953125 0.4078125 0.4953125 0.4375 0.5 0.4375
2 0.575 0.4125 0.56875 0.4125 0.56875 0.4515625 0.575 0.4515625
2 0.5640625 0.403125 0.5609375 0.403125 0.5609375 0.440625 0.5640625 0.440625
2 0.596875 0.4328125 0.590625 0.4328125 0.590625 0.48125 0.596875 0.48125
2 0.7265625 0.4453125000000001 0.721875 0.4453125 0.721875 0.4843750000000001 0.7265625 0.48437500000000017