2 0.2656250000000001 0.4625 0.2593750000000001 0.4625 0.2593750000000001 0.509375 0.2656250000000001 0.509375
2 0.4890625 0.40625 0.4875 0.40625 0.4875 0.440625 0.4890625 0.440625
2 0.4953125 0.409375 0.490625 0.409375 0.490625 0.4515625 0.4953125 0.4515625
2 0.51875 0.40625 0.5140625 0.40625 0.5140625 0.44375 0.51875 0.44375
2 0.5390625 0.4375 0.53125 0.4375 0.53125 0.490625 0.5390625 0.490625
2 0.540625 0.4 0.5359375 0.4 0.5359375 0.434375 0.540625 0.434375
2 0.590625 0.4171875 0.584375 0.4171875 0.584375 0.4546875 0.590625 0.4546875
2 0.58125 0.3968750000000001 0.575 0.3968750000000001 0.575 0.434375 0.58125 0.434375
2 0.590625 0.403125 0.5890625 0.403125 0.5890625 0.4203125 0.590625 0.4203125
2 0.6046875 0.4 0.6 0.4 0.6 0.421875 0.6046875 0.421875
2 0.6046875 0.4203125 0.6015625 0.4203125 0.6015625 0.4546875 0.6046875 0.4546875
2 0.6125 0.403125 0.6078125 0.403125 0.6078125 0.4375 0.6125 0.4375
2 0.6234375 0.4390625 0.61875 0.4390625 0.61875 0.484375 0.6234375 0.484375
2 0.6265625 0.41875 0.621875 0.41875 0.621875 0.45625 0.6265625 0.45625
2 0.621875 0.40625 0.6171875 0.40625 0.6171875 0.4390625 0.621875 0.4390625
2 0.6609375 0.415625 0.6578125 0.415625 0.6578125 0.453125 0.6609375 0.453125
2 0.671875 0.41875 0.66875 0.41875 0.66875 0.453125 0.671875 0.453125
2 0.6671875 0.409375 0.665625 0.409375 0.665625 0.440625 0.6671875 0.440625
2 0.696875 0.4546875 0.6921875 0.4546875 0.6921875 0.5015625 0.696875 0.5015625
2 0.7640625 0.4468750000000002 0.759375 0.4468750000000002 0.759375 0.4859375000000002 0.7640625 0.4859375000000002