2 0.1984375000000001 0.615625 0.18750000000000008 0.615625 0.18750000000000008 0.7125 0.1984375000000001 0.7125
2 0.2515625000000001 0.521875 0.2453125000000001 0.521875 0.2453125000000001 0.5671875 0.2515625000000001 0.5671875
0 0.25468750000000007 0.55625 0.2484375000000001 0.55625 0.2484375000000001 0.5671875 0.25468750000000007 0.5671875
2 0.3390625000000001 0.5125 0.3296875000000001 0.5125 0.3296875000000001 0.5890625 0.3390625000000001 0.5890625
2 0.34843750000000007 0.4890625 0.3421875000000001 0.4890625 0.3421875000000001 0.5453125 0.34843750000000007 0.5453125
2 0.4078125 0.5125 0.4 0.5125 0.4 0.59375 0.4078125 0.59375
2 0.4234375000000001 0.6296875 0.4046875 0.6296875 0.4046875000000001 0.7734375 0.4234375000000002 0.7734375
2 0.4296875 0.503125 0.4203125 0.503125 0.4203125 0.5875 0.4296875 0.5875
2 0.4375 0.44375 0.43125 0.44375 0.43125 0.496875 0.4375 0.496875
2 0.4890625 0.440625 0.484375 0.440625 0.484375 0.4953125 0.4890625 0.4953125
2 0.515625 0.459375 0.509375 0.459375 0.509375 0.5140625 0.515625 0.5140625
2 0.5265625 0.5046875 0.51875 0.5046875 0.51875 0.5953125 0.5265625 0.5953125
2 0.5328125 0.5109375 0.5265625 0.5109375 0.5265625 0.5921875 0.5328125 0.5921875
2 0.6 0.4515625 0.59375 0.4515625 0.59375 0.515625 0.6 0.515625
2 0.6265625 0.4859375 0.6203125 0.4859375 0.6203125 0.5671875 0.6265625 0.5671875
2 0.6328125 0.4953125 0.625 0.4953125 0.625 0.5703125 0.6328125 0.5703125
2 0.6546875 0.5234375 0.6484375 0.5234375 0.6484375 0.6078125 0.6546875 0.6078125
2 0.61875 0.5359375 0.6125 0.5359375 0.6125 0.6328125 0.61875 0.6328125
2 0.6171875 0.6 0.6078125 0.6 0.6078125 0.71875 0.6171875 0.71875
2 0.678125 0.565625 0.6703125 0.565625 0.6703125 0.65625 0.678125 0.65625
2 0.6890625 0.5484375 0.6796875 0.5484375 0.6796875 0.65625 0.6890625 0.65625
2 0.6390625000000001 0.696875 0.621875 0.696875 0.6218750000000001 0.84375 0.6390625000000002 0.84375
2 0.7703125 0.4750000000000002 0.7671875 0.4750000000000002 0.7671875 0.5250000000000001 0.7703125 0.5250000000000001