2 0.2656250000000001 0.46875 0.2593750000000001 0.46875 0.2593750000000001 0.515625 0.2656250000000001 0.515625
2 0.496875 0.54375 0.4875 0.54375 0.4875 0.640625 0.496875 0.640625
2 0.4953125 0.471875 0.4890625 0.471875 0.4890625 0.5453125 0.4953125 0.5453125
2 0.5140625 0.4828125 0.5078125 0.4828125 0.5078125 0.55625 0.5140625 0.55625
2 0.5 0.4171875 0.4953125 0.4171875 0.4953125 0.459375 0.5 0.459375
2 0.534375 0.4484375 0.5296875 0.4484375 0.5296875 0.5015625 0.534375 0.5015625
2 0.565625 0.425 0.5609375 0.425 0.5609375 0.46875 0.565625 0.46875
2 0.621875 0.5203125 0.6125 0.5203125 0.6125 0.6046875 0.621875 0.6046875
2 0.625 0.5109375 0.6203125 0.5109375 0.6203125 0.5859375 0.625 0.5859375
2 0.6390625 0.4640625 0.63125 0.4640625 0.63125 0.5234375 0.6390625 0.5234375
2 0.6609375 0.5296875 0.653125 0.5296875 0.653125 0.609375 0.6609375 0.609375
2 0.6765625 0.4953125 0.6703125 0.4953125 0.6703125 0.5578125 0.6765625 0.5578125
2 0.7140625 0.63125 0.696875 0.63125 0.6968750000000001 0.7578125 0.7140625000000002 0.7578125
2 0.7859375000000001 0.6546875000000002 0.771875 0.6546875000000002 0.7718750000000001 0.7812500000000002 0.7859375000000002 0.7812500000000002
2 0.7828125 0.6031250000000001 0.775 0.6031250000000001 0.775 0.6531250000000002 0.7828125 0.6531250000000002
2 0.73125 0.48906250000000007 0.7234375 0.4890625 0.7234375 0.5484375000000001 0.73125 0.5484375000000001
2 0.8390625 0.5984375000000002 0.8296875 0.5984375000000002 0.8296875 0.7031250000000002 0.8390625 0.7031250000000002
2 0.8359375 0.5250000000000001 0.8296875 0.5250000000000001 0.8296875 0.5812500000000002 0.8359375 0.5812500000000002
2 0.94375 0.5531250000000002 0.934375 0.5531250000000002 0.934375 0.6062500000000002 0.94375 0.6062500000000002
2 0.8171875 0.47656250000000017 0.8125 0.47656250000000017 0.8125 0.5171875000000001 0.8171875 0.5171875000000001
2 0.75625 0.4703125000000002 0.7515625 0.4703125000000002 0.7515625 0.5203125000000002 0.75625 0.5203125000000002
2 0.7125 0.459375 0.70625 0.459375 0.70625 0.5078125 0.7125 0.5078125
2 0.69375 0.4453125 0.6890625 0.4453125 0.6890625 0.484375 0.69375 0.484375