2 0.18750000000000006 0.4859375 0.18125000000000005 0.4859375 0.18125000000000005 0.5203125 0.18750000000000006 0.5203125
2 0.25468750000000007 0.55625 0.2453125000000001 0.55625 0.2453125000000001 0.63125 0.25468750000000007 0.63125
2 0.2484375000000001 0.5234375 0.24375000000000008 0.5234375 0.24375000000000008 0.5890625 0.2484375000000001 0.5890625
2 0.2890625000000001 0.4890625 0.2796875000000001 0.4890625 0.2796875000000001 0.5453125 0.2890625000000001 0.5453125
2 0.3343750000000001 0.453125 0.3281250000000001 0.453125 0.3281250000000001 0.5015625 0.3343750000000001 0.5015625
0 0.3531250000000001 0.5203125 0.3500000000000001 0.5203125 0.3500000000000001 0.53125 0.3531250000000001 0.53125
2 0.36406250000000007 0.4875 0.3546875000000001 0.4875 0.3546875000000001 0.5421875 0.36406250000000007 0.5421875
2 0.3515625000000001 0.446875 0.3453125000000001 0.446875 0.3453125000000001 0.490625 0.3515625000000001 0.490625
2 0.3625000000000001 0.465625 0.35625000000000007 0.465625 0.35625000000000007 0.509375 0.3625000000000001 0.509375
2 0.3812500000000001 0.5125 0.37187500000000007 0.5125 0.37187500000000007 0.5859375 0.3812500000000001 0.5859375
2 0.4 0.5046875 0.3906250000000001 0.5046875 0.3906250000000001 0.5828125 0.4 0.5828125
2 0.3859375000000001 0.4234375 0.3812500000000001 0.4234375 0.3812500000000001 0.4640625 0.3859375000000001 0.4640625
2 0.434375 0.4734375 0.428125 0.4734375 0.428125 0.5359375 0.434375 0.5359375
2 0.459375 0.484375 0.45 0.484375 0.45 0.5578125 0.459375 0.5578125
2 0.446875 0.4546875 0.440625 0.4546875 0.440625 0.503125 0.446875 0.503125
2 0.4375 0.45 0.43125 0.45 0.43125 0.4984375 0.4375 0.4984375
2 0.44375 0.4203125 0.440625 0.4203125 0.440625 0.459375 0.44375 0.459375
2 0.46875 0.415625 0.4625 0.415625 0.4625 0.453125 0.46875 0.453125
2 0.521875 0.4953125 0.515625 0.4953125 0.515625 0.56875 0.521875 0.56875
2 0.53125 0.4328125 0.525 0.4328125 0.525 0.490625 0.53125 0.490625
2 0.578125 0.478125 0.5703125 0.478125 0.5703125 0.546875 0.578125 0.546875
2 0.60625 0.5 0.5984375 0.5 0.5984375 0.584375 0.60625 0.584375
2 0.7203125 0.4578125 0.7140625 0.4578125 0.7140625 0.5046875 0.7203125 0.5046875