2 0.2687500000000001 0.4625 0.2640625000000001 0.4625 0.2640625000000001 0.509375 0.2687500000000001 0.509375
2 0.45 0.409375 0.4453125 0.409375 0.4453125 0.446875 0.45 0.446875
2 0.459375 0.440625 0.453125 0.440625 0.453125 0.49375 0.459375 0.49375
2 0.4609375 0.4171875 0.45625 0.4171875 0.45625 0.4609375 0.4609375 0.4609375
2 0.4796875 0.4 0.4765625 0.4 0.4765625 0.43125 0.4796875 0.43125
2 0.4953125 0.4046875 0.4921875 0.4046875 0.4921875 0.4359375 0.4953125 0.4359375
2 0.5328125 0.4171875 0.528125 0.4171875 0.528125 0.4578125 0.5328125 0.4578125
2 0.528125 0.4 0.525 0.4 0.525 0.4296875 0.528125 0.4296875
2 0.5515625 0.41875 0.5484375 0.41875 0.5484375 0.4578125 0.5515625 0.4578125
2 0.546875 0.4 0.5421875 0.4 0.5421875 0.4375 0.546875 0.4375
2 0.5515625 0.4109375 0.546875 0.4109375 0.546875 0.4453125 0.5515625 0.4453125
2 0.58125 0.4 0.578125 0.4 0.578125 0.4328125 0.58125 0.4328125
2 0.5953125 0.4 0.5921875 0.4 0.5921875 0.4375 0.5953125 0.4375
2 0.6078125 0.4046875 0.6046875 0.4046875 0.6046875 0.4390625 0.6078125 0.4390625
2 0.603125 0.3984375000000001 0.6 0.3984375000000001 0.6 0.4296875 0.603125 0.4296875
2 0.628125 0.403125 0.625 0.403125 0.625 0.4359375 0.628125 0.4359375
2 0.6484375 0.4515625 0.6421875 0.4515625 0.6421875 0.5046875 0.6484375 0.5046875
2 0.6484375 0.415625 0.6453125 0.415625 0.6453125 0.4546875 0.6484375 0.4546875
2 0.7328125 0.43750000000000017 0.728125 0.43750000000000017 0.728125 0.4703125000000002 0.7328125 0.4703125000000002
2 0.5484375 0.5296875 0.534375 0.5296875 0.534375 0.6328125 0.5484375 0.6328125