2 0.2843750000000001 0.4671875 0.27812500000000007 0.4671875 0.27812500000000007 0.5140625 0.2843750000000001 0.5140625
2 0.4984375 0.4375 0.4921875 0.4375 0.4921875 0.4640625 0.4984375 0.4640625
2 0.5203125 0.41875 0.515625 0.41875 0.515625 0.46875 0.5203125 0.46875
2 0.5 0.4109375 0.496875 0.4109375 0.496875 0.453125 0.5 0.453125
2 0.509375 0.4203125 0.503125 0.4203125 0.503125 0.465625 0.509375 0.465625
2 0.5734375 0.4515625 0.565625 0.4515625 0.565625 0.5125 0.5734375 0.5125
2 0.5734375 0.4015625 0.5703125 0.4015625 0.5703125 0.4328125 0.5734375 0.4328125
2 0.596875 0.40625 0.5921875 0.40625 0.5921875 0.4390625 0.596875 0.4390625
2 0.653125 0.4125 0.65 0.4125 0.65 0.446875 0.653125 0.446875
2 0.6609375 0.415625 0.65625 0.415625 0.65625 0.446875 0.6609375 0.446875
2 0.6578125 0.4109375 0.65625 0.4109375 0.65625 0.4359375 0.6578125 0.4359375
2 0.6765625 0.40625 0.671875 0.40625 0.671875 0.434375 0.6765625 0.434375
2 0.68125 0.421875 0.678125 0.421875 0.678125 0.4546875 0.68125 0.4546875
2 0.6921875 0.4375 0.6859375 0.4375 0.6859375 0.4796875 0.6921875 0.4796875
2 0.6921875 0.415625 0.6890625 0.415625 0.6890625 0.44375 0.6921875 0.44375
2 0.69375 0.409375 0.690625 0.409375 0.690625 0.4375 0.69375 0.4375
2 0.7078125 0.459375 0.7015625 0.459375 0.7015625 0.5125 0.7078125 0.5125
2 0.7453125 0.4500000000000002 0.7421875 0.4500000000000002 0.7421875 0.4906250000000002 0.7453125 0.4906250000000002
2 0.7265625 0.4218750000000001 0.7234375 0.421875 0.7234375 0.4515625000000001 0.7265625 0.4515625000000002
2 0.73125 0.4218750000000001 0.725 0.421875 0.725 0.4531250000000001 0.73125 0.45312500000000017
2 0.7390625 0.4312500000000002 0.7359375 0.4312500000000002 0.7359375 0.46406250000000016 0.7390625 0.46406250000000016
2 0.7875 0.4546875000000002 0.784375 0.4546875000000002 0.784375 0.48750000000000016 0.7875 0.48750000000000016