2 0.3000000000000001 0.459375 0.29375000000000007 0.459375 0.29375000000000007 0.5125 0.3000000000000001 0.5125
0 0.5703125 0.475 0.5671875 0.475 0.5671875 0.484375 0.5703125 0.484375
2 0.5578125 0.4421875 0.55 0.4421875 0.55 0.4953125 0.5578125 0.4953125
2 0.56875 0.41875 0.5625 0.41875 0.5625 0.4515625 0.56875 0.4515625
2 0.61875 0.4546875 0.6109375 0.4546875 0.6109375 0.5046875 0.61875 0.5046875
2 0.61875 0.4234375 0.6140625 0.4234375 0.6140625 0.4609375 0.61875 0.4609375
2 0.6140625 0.4125 0.609375 0.4125 0.609375 0.446875 0.6140625 0.446875
2 0.6078125 0.4 0.6015625 0.4 0.6015625 0.4296875 0.6078125 0.4296875
2 0.6421875 0.4359375 0.6359375 0.4359375 0.6359375 0.4796875 0.6421875 0.4796875
2 0.6515625 0.43125 0.6453125 0.43125 0.6453125 0.471875 0.6515625 0.471875
2 0.6421875 0.415625 0.6375 0.415625 0.6375 0.4453125 0.6421875 0.4453125
2 0.653125 0.4171875 0.6484375 0.4171875 0.6484375 0.440625 0.653125 0.440625
2 0.659375 0.4125 0.6546875 0.4125 0.6546875 0.4421875 0.659375 0.4421875
2 0.675 0.425 0.6703125 0.425 0.6703125 0.4625 0.675 0.4625
2 0.678125 0.4328125 0.6734375 0.4328125 0.6734375 0.475 0.678125 0.475
2 0.6921875 0.4578125 0.6859375 0.4578125 0.6859375 0.503125 0.6921875 0.503125
2 0.703125 0.4421875 0.6984375 0.4421875 0.6984375 0.4859375 0.703125 0.4859375
2 0.70625 0.44375 0.7 0.44375 0.7 0.490625 0.70625 0.490625
2 0.7046875 0.4359375 0.7015625 0.4359375 0.7015625 0.45 0.7046875 0.45
2 0.7328125 0.45312500000000017 0.728125 0.45312500000000017 0.728125 0.4937500000000002 0.7328125 0.4937500000000002
2 0.765625 0.4750000000000002 0.759375 0.4750000000000002 0.759375 0.5281250000000002 0.765625 0.5281250000000002
2 0.7703125 0.4734375000000002 0.7640625 0.4734375000000002 0.7640625 0.5218750000000002 0.7703125 0.5218750000000002
2 0.7875 0.5187500000000002 0.778125 0.5187500000000002 0.778125 0.5906250000000002 0.7875 0.5906250000000002
2 0.7921875 0.4546875000000002 0.7875 0.4546875000000002 0.7875 0.49218750000000017 0.7921875 0.49218750000000017