0 0.2765625000000001 0.634375 0.2718750000000001 0.634375 0.2718750000000001 0.65 0.2765625000000001 0.65
2 0.28593750000000007 0.571875 0.2734375000000001 0.571875 0.2734375000000001 0.653125 0.28593750000000007 0.653125
2 0.2671875000000001 0.540625 0.25468750000000007 0.540625 0.25468750000000007 0.60625 0.2671875000000001 0.60625
2 0.26250000000000007 0.4828125 0.2562500000000001 0.4828125 0.2562500000000001 0.528125 0.26250000000000007 0.528125
2 0.2843750000000001 0.475 0.2765625000000001 0.475 0.2765625000000001 0.515625 0.2843750000000001 0.515625
2 0.2906250000000001 0.4640625 0.2843750000000001 0.4640625 0.2843750000000001 0.5078125 0.2906250000000001 0.5078125
2 0.31718750000000007 0.478125 0.30937500000000007 0.478125 0.30937500000000007 0.5359375 0.31718750000000007 0.5359375
2 0.3343750000000001 0.478125 0.32500000000000007 0.478125 0.32500000000000007 0.53125 0.3343750000000001 0.53125
2 0.3500000000000001 0.459375 0.3437500000000001 0.459375 0.3437500000000001 0.50625 0.3500000000000001 0.50625
2 0.3890625000000001 0.4453125 0.3812500000000001 0.4453125 0.3812500000000001 0.4921875 0.3890625000000001 0.4921875
2 0.3937500000000001 0.4265625 0.38750000000000007 0.4265625 0.38750000000000007 0.4703125 0.3937500000000001 0.4703125
2 0.4078125 0.453125 0.4015625 0.453125 0.4015625 0.5015625 0.4078125 0.5015625
2 0.4046875 0.48125 0.3984375000000001 0.48125 0.3984375000000001 0.5453125 0.4046875 0.5453125
2 0.4 0.475 0.3968750000000001 0.475 0.3968750000000001 0.515625 0.4 0.515625
2 0.3203125000000001 0.44375 0.3125000000000001 0.44375 0.3125000000000001 0.4828125 0.3203125000000001 0.4828125
2 0.3203125000000001 0.440625 0.3125000000000001 0.440625 0.3125000000000001 0.475 0.3203125000000001 0.475
2 0.16562500000000005 0.4890625 0.15937500000000004 0.4890625 0.15937500000000004 0.5265625 0.16562500000000005 0.5265625
2 0.11718750000000008 0.60625 0.10312500000000009 0.60625 0.10312500000000009 0.6859375 0.11718750000000008 0.6859375
2 0.1984375000000001 0.546875 0.18750000000000008 0.546875 0.18750000000000008 0.6125 0.1984375000000001 0.6125
2 0.4375 0.4140625 0.4328125 0.4140625 0.4328125 0.4515625 0.4375 0.4515625
2 0.5 0.478125 0.490625 0.478125 0.490625 0.5546875 0.5 0.5546875
2 0.5078125 0.45625 0.5015625 0.45625 0.5015625 0.5203125 0.5078125 0.5203125
2 0.503125 0.4140625 0.4984375 0.4140625 0.4984375 0.4640625 0.503125 0.4640625
2 0.671875 0.4546875 0.665625 0.4546875 0.665625 0.509375 0.671875 0.509375