2 0.05781250000000008 0.603125 0.050000000000000065 0.603125 0.05000000000000008 0.659375 0.057812500000000086 0.659375
2 0.06093750000000007 0.56875 0.05468750000000007 0.56875 0.05468750000000007 0.6109375 0.06093750000000007 0.6109375
2 0.1218750000000001 0.559375 0.1140625000000001 0.559375 0.1140625000000001 0.615625 0.1218750000000001 0.615625
2 0.12656250000000008 0.521875 0.12031250000000004 0.521875 0.12031250000000007 0.559375 0.12656250000000008 0.559375
2 0.15781250000000005 0.4984375 0.15156250000000004 0.4984375 0.15156250000000004 0.5328125 0.15781250000000005 0.5328125
2 0.1703125000000001 0.5796875 0.1593750000000001 0.5796875 0.1593750000000001 0.659375 0.1703125000000001 0.659375
2 0.17343750000000008 0.51875 0.16718750000000004 0.51875 0.16718750000000007 0.559375 0.17343750000000008 0.559375
2 0.18437500000000007 0.534375 0.17812500000000003 0.534375 0.17812500000000006 0.5921875 0.1843750000000001 0.5921875
2 0.19218750000000007 0.5296875 0.18593750000000003 0.5296875 0.18593750000000006 0.5828125 0.1921875000000001 0.5828125
2 0.19375000000000003 0.490625 0.18906250000000005 0.490625 0.18906250000000005 0.525 0.19375000000000003 0.525
2 0.21875000000000008 0.5609375 0.2062500000000001 0.5609375 0.2062500000000001 0.6359375 0.21875000000000008 0.6359375
2 0.2250000000000001 0.484375 0.22031250000000008 0.484375 0.22031250000000008 0.5296875 0.2250000000000001 0.5296875
2 0.2234375000000001 0.4734375 0.22031250000000008 0.4734375 0.22031250000000008 0.503125 0.2234375000000001 0.503125
2 0.2406250000000001 0.465625 0.2375000000000001 0.465625 0.2375000000000001 0.4984375 0.2406250000000001 0.4984375
2 0.2687500000000001 0.4578125 0.2609375000000001 0.4578125 0.2609375000000001 0.496875 0.2687500000000001 0.496875
2 0.2750000000000001 0.471875 0.2687500000000001 0.471875 0.2687500000000001 0.5125 0.2750000000000001 0.5125
2 0.2578125000000001 0.553125 0.2500000000000001 0.553125 0.2500000000000001 0.6296875 0.2578125000000001 0.6296875
2 0.3656250000000001 0.515625 0.3531250000000001 0.515625 0.3531250000000001 0.5921875 0.3656250000000001 0.5921875
2 0.38750000000000007 0.5109375 0.3812500000000001 0.5109375 0.3812500000000001 0.5859375 0.38750000000000007 0.5859375
2 0.4578125 0.453125 0.45 0.453125 0.45 0.503125 0.4578125 0.503125
2 0.6671875 0.4484375 0.6609375 0.4484375 0.6609375 0.5015625 0.6671875 0.5015625