0 0.1515625000000001 0.6046875 0.1468750000000001 0.6046875 0.1468750000000001 0.6171875 0.1515625000000001 0.6171875
2 0.15000000000000008 0.5890625 0.1375000000000001 0.5890625 0.1375000000000001 0.6671875 0.15000000000000008 0.6671875
2 0.17343750000000008 0.55625 0.16406250000000008 0.55625 0.16406250000000008 0.621875 0.17343750000000008 0.621875
2 0.18593750000000006 0.5140625 0.17968750000000006 0.5140625 0.17968750000000006 0.5640625 0.1859375000000001 0.5640625
2 0.18750000000000006 0.4890625 0.18125000000000005 0.4890625 0.18125000000000005 0.5296875 0.18750000000000006 0.5296875
2 0.20312500000000008 0.521875 0.19687500000000005 0.521875 0.19687500000000008 0.571875 0.20312500000000008 0.571875
2 0.2656250000000001 0.5296875 0.2593750000000001 0.5296875 0.2593750000000001 0.6 0.2656250000000001 0.6
2 0.2593750000000001 0.465625 0.2531250000000001 0.465625 0.2531250000000001 0.5078125 0.2593750000000001 0.5078125
2 0.3187500000000001 0.5125 0.30937500000000007 0.5125 0.30937500000000007 0.5828125 0.3187500000000001 0.5828125
2 0.31718750000000007 0.478125 0.3109375000000001 0.478125 0.3109375000000001 0.5234375 0.31718750000000007 0.5234375
2 0.3546875000000001 0.490625 0.3453125000000001 0.490625 0.3453125000000001 0.55625 0.3546875000000001 0.55625
2 0.3359375000000001 0.4734375 0.33281250000000007 0.4734375 0.33281250000000007 0.5296875 0.3359375000000001 0.5296875
2 0.3343750000000001 0.459375 0.3281250000000001 0.459375 0.3281250000000001 0.509375 0.3343750000000001 0.509375
2 0.3234375000000001 0.434375 0.3203125000000001 0.434375 0.3203125000000001 0.471875 0.3234375000000001 0.471875
2 0.3812500000000001 0.471875 0.3765625000000001 0.471875 0.3765625000000001 0.534375 0.3812500000000001 0.534375
2 0.3843750000000001 0.459375 0.37968750000000007 0.459375 0.37968750000000007 0.51875 0.3843750000000001 0.51875
2 0.3687500000000001 0.45 0.36406250000000007 0.45 0.36406250000000007 0.5 0.3687500000000001 0.5
2 0.3671875000000001 0.4359375 0.36406250000000007 0.4359375 0.36406250000000007 0.4734375 0.3671875000000001 0.4734375
2 0.46875 0.5 0.459375 0.5 0.459375 0.578125 0.46875 0.578125
2 0.4875 0.4484375 0.4796875 0.4484375 0.4796875 0.5125 0.4875 0.5125
2 0.48125 0.43125 0.4765625 0.43125 0.4765625 0.4765625 0.48125 0.4765625
2 0.5046875 0.403125 0.5015625 0.403125 0.5015625 0.4359375 0.5046875 0.4359375
2 0.6453125 0.4484375 0.6390625 0.4484375 0.6390625 0.5015625 0.6453125 0.5015625