2 0.2296875000000001 0.478125 0.2234375000000001 0.478125 0.2234375000000001 0.5265625 0.2296875000000001 0.5265625
2 0.3703125000000001 0.55625 0.35625000000000007 0.55625 0.35625000000000007 0.6578125 0.3703125000000001 0.6578125
2 0.40625 0.5015625 0.3968750000000001 0.5015625 0.3968750000000001 0.578125 0.40625 0.578125
2 0.409375 0.490625 0.4015625 0.490625 0.4015625 0.565625 0.409375 0.565625
2 0.4671875 0.4421875 0.4578125 0.4421875 0.4578125 0.496875 0.4671875 0.496875
2 0.534375 0.4984375 0.521875 0.4984375 0.521875 0.578125 0.534375 0.578125
2 0.5281250000000001 0.609375 0.5109375 0.609375 0.5109375 0.753125 0.5281250000000002 0.753125
2 0.590625 0.5328125 0.58125 0.5328125 0.58125 0.6203125 0.590625 0.6203125
2 0.553125 0.4265625 0.546875 0.4265625 0.546875 0.4734375 0.553125 0.4734375
2 0.5953125 0.5078125 0.5859375 0.5078125 0.5859375 0.5859375 0.5953125 0.5859375
2 0.659375 0.515625 0.646875 0.515625 0.646875 0.59375 0.659375 0.59375
2 0.6546875000000001 0.6421875 0.6390625 0.6421875 0.6390625000000001 0.76875 0.6546875000000002 0.76875
2 0.7328125 0.5875000000000001 0.7125 0.5875 0.7125 0.6890625000000001 0.7328125 0.6890625000000001
2 0.7765625 0.5984375000000002 0.75625 0.5984375000000002 0.75625 0.7171875000000002 0.7765625 0.7171875000000002
2 0.80625 0.5812500000000002 0.7921875 0.5812500000000002 0.7921875 0.6500000000000001 0.80625 0.6500000000000001
2 0.76875 0.5718750000000001 0.759375 0.5718750000000001 0.759375 0.6671875000000002 0.76875 0.6671875000000002
2 0.8890625 0.6593750000000002 0.8734375 0.6593750000000002 0.8734375 0.7484375000000002 0.8890625 0.7484375000000002
2 0.9046875 0.6718750000000002 0.8859375 0.6718750000000002 0.8859375 0.7875000000000002 0.9046875 0.7875000000000002
0 0.8921875 0.7750000000000001 0.8859375 0.7750000000000001 0.8859375 0.7921875000000002 0.8921875 0.7921875000000002
2 0.79375 0.4781250000000002 0.7859375 0.4781250000000002 0.7859375 0.5265625000000002 0.79375 0.5265625000000002
2 0.7140625 0.4859375 0.7015625 0.4859375 0.7015625 0.55 0.7140625 0.55
2 0.66875 0.459375 0.6578125 0.459375 0.6578125 0.5234375 0.66875 0.5234375
2 0.653125 0.446875 0.64375 0.446875 0.64375 0.4953125 0.653125 0.4953125
2 0.4812500000000002 0.8421875 0.45312500000000017 0.8421875 0.45312500000000017 1 0.4812500000000002 1