2 0.17187500000000008 0.5828125 0.1609375000000001 0.5828125 0.1609375000000001 0.6625 0.17187500000000008 0.6625
2 0.1906250000000001 0.571875 0.18125000000000008 0.571875 0.18125000000000008 0.65 0.1906250000000001 0.65
2 0.28593750000000007 0.515625 0.27812500000000007 0.515625 0.27812500000000007 0.5796875 0.28593750000000007 0.5796875
2 0.3031250000000001 0.48125 0.2968750000000001 0.48125 0.2968750000000001 0.5359375 0.3031250000000001 0.5359375
2 0.3140625000000001 0.509375 0.3046875000000001 0.509375 0.3046875000000001 0.5859375 0.3140625000000001 0.5859375
2 0.2296875000000001 0.6265625 0.2171875000000001 0.6265625 0.2171875000000001 0.7453125 0.2296875000000001 0.7453125
2 0.35625000000000007 0.546875 0.3468750000000001 0.546875 0.3468750000000001 0.6265625 0.35625000000000007 0.6265625
2 0.3656250000000001 0.5859375 0.35625000000000007 0.5859375 0.35625000000000007 0.6828125 0.3656250000000001 0.6828125
2 0.3734375000000001 0.5125 0.3625000000000001 0.5125 0.3625000000000001 0.5859375 0.3734375000000001 0.5859375
2 0.37187500000000007 0.4453125 0.36406250000000007 0.4453125 0.36406250000000007 0.4953125 0.37187500000000007 0.4953125
2 0.3859375000000001 0.4546875 0.3781250000000001 0.4546875 0.3781250000000001 0.5109375 0.3859375000000001 0.5109375
2 0.4453125 0.4640625 0.4375 0.4640625 0.4375 0.5234375 0.4453125 0.5234375
2 0.496875 0.478125 0.4875 0.478125 0.4875 0.54375 0.496875 0.54375
2 0.5343750000000002 0.853125 0.5171875000000001 0.853125 0.5171875000000001 1 0.5343750000000002 1
2 0.565625 0.446875 0.559375 0.446875 0.559375 0.5046875 0.565625 0.5046875
2 0.6375000000000001 0.621875 0.6203125 0.621875 0.6203125 0.75625 0.6375000000000002 0.75625
2 0.6515625 0.5015625 0.6390625 0.5015625 0.6390625 0.590625 0.6515625 0.590625
2 0.7 0.6 0.68125 0.6 0.68125 0.721875 0.7 0.721875
2 0.7859375000000002 0.8078125 0.7546875000000002 0.8078125 0.7546875000000002 0.9890625 0.7859375000000002 0.9890625
2 0.7625 0.4781250000000002 0.7546875 0.4781250000000002 0.7546875 0.5265625000000002 0.7625 0.5265625000000002