2 0.17187500000000006 0.4859375 0.16718750000000004 0.4859375 0.16718750000000004 0.5203125 0.17187500000000006 0.5203125
2 0.19375000000000006 0.5125 0.18750000000000006 0.5125 0.18750000000000006 0.565625 0.1937500000000001 0.565625
2 0.2140625000000001 0.4953125 0.2078125000000001 0.4953125 0.2078125000000001 0.540625 0.2140625000000001 0.540625
2 0.2578125000000001 0.4703125 0.2515625000000001 0.4703125 0.2515625000000001 0.5125 0.2578125000000001 0.5125
2 0.2531250000000001 0.465625 0.2500000000000001 0.465625 0.2500000000000001 0.5046875 0.2531250000000001 0.5046875
2 0.2734375000000001 0.4703125 0.2671875000000001 0.4703125 0.2671875000000001 0.5140625 0.2734375000000001 0.5140625
2 0.2843750000000001 0.4625 0.2796875000000001 0.4625 0.2796875000000001 0.50625 0.2843750000000001 0.50625
2 0.2843750000000001 0.45 0.2812500000000001 0.45 0.2812500000000001 0.465625 0.2843750000000001 0.465625
2 0.2984375000000001 0.45 0.29375000000000007 0.45 0.29375000000000007 0.490625 0.2984375000000001 0.490625
2 0.22031250000000008 0.565625 0.21093750000000008 0.565625 0.21093750000000008 0.64375 0.22031250000000008 0.64375
2 0.3265625000000001 0.434375 0.3218750000000001 0.434375 0.3218750000000001 0.4640625 0.3265625000000001 0.4640625
2 0.3359375000000001 0.4296875 0.3312500000000001 0.4296875 0.3312500000000001 0.4625 0.3359375000000001 0.4625
2 0.3468750000000001 0.425 0.3421875000000001 0.425 0.3421875000000001 0.45625 0.3468750000000001 0.45625
2 0.35625000000000007 0.4171875 0.3500000000000001 0.4171875 0.3500000000000001 0.446875 0.35625000000000007 0.446875
2 0.3671875000000001 0.4109375 0.3625000000000001 0.4109375 0.3625000000000001 0.4359375 0.3671875000000001 0.4359375
0 0.3671875000000001 0.434375 0.3656250000000001 0.434375 0.3656250000000001 0.440625 0.3671875000000001 0.440625
2 0.3781250000000001 0.440625 0.3734375000000001 0.440625 0.3734375000000001 0.4859375 0.3781250000000001 0.4859375
2 0.3812500000000001 0.4296875 0.3750000000000001 0.4296875 0.3750000000000001 0.4609375 0.3812500000000001 0.4609375
2 0.3812500000000001 0.415625 0.3781250000000001 0.415625 0.3781250000000001 0.4484375 0.3812500000000001 0.4484375
2 0.4 0.4140625 0.39531250000000007 0.4140625 0.39531250000000007 0.4484375 0.4 0.4484375
2 0.4484375 0.4125 0.44375 0.4125 0.44375 0.4546875 0.4484375 0.4546875
2 0.471875 0.4046875 0.4671875 0.4046875 0.4671875 0.4453125 0.471875 0.4453125
2 0.48125 0.45625 0.4765625 0.45625 0.4765625 0.521875 0.48125 0.521875
2 0.6515625 0.4421875 0.6453125 0.4421875 0.6453125 0.490625 0.6515625 0.490625