0 0.7890625 0.5046875000000002 0.7859375 0.5046875000000002 0.7859375 0.5125000000000002 0.7890625 0.5125000000000002
2 0.79375 0.4734375000000002 0.7875 0.4734375000000002 0.7875 0.5140625000000002 0.79375 0.5140625000000002
2 0.828125 0.5250000000000001 0.8203125 0.5250000000000001 0.8203125 0.5843750000000002 0.828125 0.5843750000000002
2 0.8578125 0.5937500000000002 0.8453125 0.5937500000000002 0.8453125 0.6796875000000002 0.8578125 0.6796875000000002
2 0.7515625 0.5156250000000002 0.7421875 0.5156250000000002 0.7421875 0.5796875000000001 0.7515625 0.5796875000000001
2 0.696875 0.4265625 0.6921875 0.4265625 0.6921875 0.46875 0.696875 0.46875
2 0.721875 0.590625 0.7046875 0.590625 0.7046875 0.690625 0.721875 0.690625
2 0.634375 0.4921875 0.6265625 0.4921875 0.6265625 0.5578125 0.634375 0.5578125
2 0.6109375 0.4578125 0.6046875 0.4578125 0.6046875 0.51875 0.6109375 0.51875
2 0.590625 0.4671875 0.584375 0.4671875 0.584375 0.53125 0.590625 0.53125
2 0.5625 0.5125 0.553125 0.5125 0.553125 0.59375 0.5625 0.59375
2 0.546875 0.490625 0.5390625 0.490625 0.5390625 0.571875 0.546875 0.571875
2 0.5265625 0.478125 0.51875 0.478125 0.51875 0.54375 0.5265625 0.54375
2 0.5421875 0.425 0.5375 0.425 0.5375 0.4703125 0.5421875 0.4703125
2 0.553125 0.403125 0.55 0.403125 0.55 0.4375 0.553125 0.4375
2 0.515625 0.4015625 0.5125 0.4015625 0.5125 0.434375 0.515625 0.434375
2 0.4625 0.4375 0.45625 0.4375 0.45625 0.490625 0.4625 0.490625
2 0.453125 0.43125 0.4484375 0.43125 0.4484375 0.478125 0.453125 0.478125
2 0.4390625 0.459375 0.4328125 0.459375 0.4328125 0.5203125 0.4390625 0.5203125
2 0.43125 0.4890625 0.421875 0.4890625 0.421875 0.5625 0.43125 0.5625
2 0.40625 0.51875 0.3968750000000001 0.51875 0.3968750000000001 0.603125 0.40625 0.603125
2 0.3968750000000001 0.634375 0.3781250000000001 0.634375 0.3781250000000001 0.775 0.3968750000000001 0.775
2 0.3843750000000001 0.7578125 0.3546875000000001 0.7578125 0.3546875000000001 0.9578125 0.3843750000000001 0.9578125
2 0.2406250000000001 0.478125 0.23437500000000008 0.478125 0.23437500000000008 0.5234375 0.2406250000000001 0.5234375