2 0.17656250000000004 0.4828125 0.17187500000000006 0.4828125 0.17187500000000006 0.5171875 0.17656250000000004 0.5171875
2 0.2234375000000001 0.4859375 0.21875000000000008 0.4859375 0.21875000000000008 0.5328125 0.2234375000000001 0.5328125
2 0.2468750000000001 0.46875 0.24218750000000008 0.46875 0.24218750000000008 0.509375 0.2468750000000001 0.509375
2 0.2609375000000001 0.4859375 0.25468750000000007 0.4859375 0.25468750000000007 0.5328125 0.2609375000000001 0.5328125
2 0.2828125000000001 0.5484375 0.2718750000000001 0.5484375 0.2718750000000001 0.6296875 0.2828125000000001 0.6296875
2 0.28593750000000007 0.44375 0.2812500000000001 0.44375 0.2812500000000001 0.4765625 0.28593750000000007 0.4765625
2 0.2968750000000001 0.4359375 0.2921875000000001 0.4359375 0.2921875000000001 0.46875 0.2968750000000001 0.46875
2 0.3046875000000001 0.4359375 0.3000000000000001 0.4359375 0.3000000000000001 0.4734375 0.3046875000000001 0.4734375
2 0.3078125000000001 0.4421875 0.3031250000000001 0.4421875 0.3031250000000001 0.48125 0.3078125000000001 0.48125
2 0.3156250000000001 0.421875 0.3109375000000001 0.421875 0.3109375000000001 0.4515625 0.3156250000000001 0.4515625
2 0.3234375000000001 0.4359375 0.3203125000000001 0.4359375 0.3203125000000001 0.4703125 0.3234375000000001 0.4703125
2 0.3468750000000001 0.45 0.3421875000000001 0.45 0.3421875000000001 0.49375 0.3468750000000001 0.49375
2 0.3437500000000001 0.440625 0.3375000000000001 0.440625 0.3375000000000001 0.48125 0.3437500000000001 0.48125
2 0.3343750000000001 0.440625 0.3281250000000001 0.440625 0.3281250000000001 0.4828125 0.3343750000000001 0.4828125
2 0.3312500000000001 0.4328125 0.3281250000000001 0.4328125 0.3281250000000001 0.4640625 0.3312500000000001 0.4640625
2 0.3781250000000001 0.4046875 0.3750000000000001 0.4046875 0.3750000000000001 0.4359375 0.3781250000000001 0.4359375
2 0.4875 0.4359375 0.48125 0.4359375 0.48125 0.4921875 0.4875 0.4921875
2 0.4 0.4046875 0.3968750000000001 0.4046875 0.3968750000000001 0.43125 0.4 0.43125
2 0.45 0.40625 0.4453125 0.40625 0.4453125 0.44375 0.45 0.44375
2 0.459375 0.4078125 0.4515625 0.4078125 0.4515625 0.4453125 0.459375 0.4453125
2 0.475 0.4234375 0.46875 0.4234375 0.46875 0.4671875 0.475 0.4671875
2 0.49375 0.4046875 0.490625 0.4046875 0.490625 0.446875 0.49375 0.446875
2 0.640625 0.43125 0.634375 0.43125 0.634375 0.4734375 0.640625 0.4734375