2 0.2375000000000001 0.4765625 0.2312500000000001 0.4765625 0.2312500000000001 0.5203125 0.2375000000000001 0.5203125
2 0.465625 0.4953125 0.45625 0.4953125 0.45625 0.58125 0.465625 0.58125
2 0.4546875 0.45 0.4484375 0.45 0.4484375 0.509375 0.4546875 0.509375
2 0.465625 0.4296875 0.4578125 0.4296875 0.4578125 0.478125 0.465625 0.478125
2 0.4703125 0.43125 0.4640625 0.43125 0.4640625 0.4796875 0.4703125 0.4796875
2 0.471875 0.4125 0.465625 0.4125 0.465625 0.44375 0.471875 0.44375
2 0.478125 0.409375 0.4734375 0.409375 0.4734375 0.44375 0.478125 0.44375
2 0.4875 0.5203125 0.4796875 0.5203125 0.4796875 0.6078125 0.4875 0.6078125
2 0.4984375 0.4125 0.49375 0.4125 0.49375 0.4609375 0.4984375 0.4609375
2 0.50625 0.44375 0.5 0.44375 0.5 0.503125 0.50625 0.503125
2 0.51875 0.4453125 0.5109375 0.4453125 0.5109375 0.5 0.51875 0.5
2 0.5109375 0.44375 0.5046875 0.44375 0.5046875 0.5 0.5109375 0.5
2 0.50625 0.43125 0.5015625 0.43125 0.5015625 0.4453125 0.50625 0.4453125
2 0.534375 0.4984375 0.5265625 0.4984375 0.5265625 0.5828125 0.534375 0.5828125
2 0.5453125 0.409375 0.5390625 0.409375 0.5390625 0.453125 0.5453125 0.453125
2 0.5703125 0.4015625 0.5640625 0.4015625 0.5640625 0.4359375 0.5703125 0.4359375
2 0.5921875 0.446875 0.5859375 0.446875 0.5859375 0.5078125 0.5921875 0.5078125
2 0.6078125 0.4171875 0.6015625 0.4171875 0.6015625 0.4609375 0.6078125 0.4609375
2 0.6625000000000001 0.6078125 0.6453125 0.6078125 0.6453125000000001 0.734375 0.6625000000000002 0.734375
2 0.6796875 0.4515625 0.671875 0.4515625 0.671875 0.4984375 0.6796875 0.4984375
2 0.7609375 0.48750000000000016 0.7515625 0.48750000000000016 0.7515625 0.5359375000000002 0.7609375 0.5359375000000002
0 0.7453125 0.4859375000000002 0.74375 0.4859375000000002 0.74375 0.4937500000000002 0.7453125 0.4937500000000002
2 0.753125 0.45312500000000017 0.7484375 0.45312500000000017 0.7484375 0.4937500000000002 0.753125 0.4937500000000002