2 0.2609375000000001 0.4703125 0.2531250000000001 0.4703125 0.2531250000000001 0.5203125 0.2609375000000001 0.5203125
2 0.5078125 0.54375 0.490625 0.54375 0.490625 0.64375 0.5078125 0.64375
2 0.5015625 0.4625 0.4921875 0.4625 0.4921875 0.540625 0.5015625 0.540625
2 0.634375 0.440625 0.628125 0.440625 0.628125 0.496875 0.634375 0.496875
2 0.65625 0.53125 0.6484375 0.53125 0.6484375 0.58125 0.65625 0.58125
2 0.6484375 0.5390625 0.6421875 0.5390625 0.6421875 0.6296875 0.6484375 0.6296875
2 0.6546875 0.5515625 0.640625 0.5515625 0.640625 0.6484375 0.6546875 0.6484375
2 0.7046875 0.4890625 0.696875 0.4890625 0.696875 0.5546875 0.7046875 0.5546875
2 0.715625 0.5265625 0.70625 0.5265625 0.70625 0.6015625 0.715625 0.6015625
2 0.715625 0.4546875 0.709375 0.4546875 0.709375 0.5046875 0.715625 0.5046875
2 0.734375 0.4578125000000002 0.728125 0.4578125000000002 0.728125 0.5078125000000002 0.734375 0.5078125000000002
2 0.7671875 0.4937500000000002 0.75625 0.4937500000000002 0.75625 0.5625000000000002 0.7671875 0.5625000000000002
2 0.790625 0.4812500000000002 0.784375 0.4812500000000002 0.784375 0.5375000000000002 0.790625 0.5375000000000002
2 0.8125 0.47187500000000016 0.809375 0.47187500000000016 0.809375 0.5109375000000002 0.8125 0.5109375000000002
2 0.8390625 0.6093750000000002 0.83125 0.6093750000000002 0.83125 0.6937500000000002 0.8390625 0.6937500000000002
2 0.840625 0.5828125000000002 0.834375 0.5828125000000002 0.834375 0.6234375000000002 0.840625 0.6234375000000002
2 0.8609375 0.5640625000000001 0.8546875 0.5640625000000001 0.8546875 0.6250000000000002 0.8609375 0.6250000000000002
2 0.86875 0.5640625000000001 0.8609375 0.5640625000000001 0.8609375 0.6296875000000002 0.86875 0.6296875000000002
2 0.89375 0.5875000000000001 0.8875 0.5875000000000001 0.8875 0.6640625000000002 0.89375 0.6640625000000002
2 0.9046875 0.5859375000000002 0.8984375 0.5859375000000002 0.8984375 0.6453125000000002 0.9046875 0.6453125000000002
2 0.9109375 0.6046875000000002 0.9 0.6046875000000002 0.9 0.6828125000000002 0.9109375 0.6828125000000002
2 0.91875 0.7062500000000002 0.909375 0.7062500000000002 0.909375 0.8015625 0.91875 0.8015625