2 0.2156250000000001 0.4984375 0.2093750000000001 0.4984375 0.2093750000000001 0.546875 0.2156250000000001 0.546875
2 0.2531250000000001 0.4703125 0.2468750000000001 0.4703125 0.2468750000000001 0.509375 0.2531250000000001 0.509375
2 0.2578125000000001 0.459375 0.2531250000000001 0.459375 0.2531250000000001 0.49375 0.2578125000000001 0.49375
0 0.2593750000000001 0.4828125 0.2562500000000001 0.4828125 0.2562500000000001 0.4921875 0.2593750000000001 0.4921875
2 0.2796875000000001 0.446875 0.2734375000000001 0.446875 0.2734375000000001 0.49375 0.2796875000000001 0.49375
2 0.29375000000000007 0.465625 0.2890625000000001 0.465625 0.2890625000000001 0.509375 0.29375000000000007 0.509375
2 0.3140625000000001 0.453125 0.3078125000000001 0.453125 0.3078125000000001 0.4953125 0.3140625000000001 0.4953125
2 0.3421875000000001 0.4984375 0.33281250000000007 0.4984375 0.33281250000000007 0.5609375 0.3421875000000001 0.5609375
2 0.34062500000000007 0.4390625 0.3343750000000001 0.4390625 0.3343750000000001 0.4796875 0.34062500000000007 0.4796875
2 0.3531250000000001 0.428125 0.3468750000000001 0.428125 0.3468750000000001 0.4578125 0.3531250000000001 0.4578125
2 0.3812500000000001 0.4328125 0.3750000000000001 0.4328125 0.3750000000000001 0.4796875 0.3812500000000001 0.4796875
2 0.3921875000000001 0.459375 0.38750000000000007 0.459375 0.38750000000000007 0.509375 0.3921875000000001 0.509375
2 0.3937500000000001 0.4421875 0.3890625000000001 0.4421875 0.3890625000000001 0.475 0.3937500000000001 0.475
2 0.4 0.4515625 0.3937500000000001 0.4515625 0.3937500000000001 0.5015625 0.4 0.5015625
2 0.446875 0.4125 0.440625 0.4125 0.440625 0.45 0.446875 0.45
2 0.484375 0.4109375 0.478125 0.4109375 0.478125 0.4484375 0.484375 0.4484375
2 0.4671875 0.4296875 0.459375 0.4296875 0.459375 0.475 0.4671875 0.475
2 0.484375 0.496875 0.475 0.496875 0.475 0.575 0.484375 0.575
2 0.5125 0.4234375 0.5046875 0.4234375 0.5046875 0.4734375 0.5125 0.4734375
2 0.53125 0.4515625 0.525 0.4515625 0.525 0.5109375 0.53125 0.5109375
2 0.525 0.440625 0.5203125 0.440625 0.5203125 0.503125 0.525 0.503125
2 0.553125 0.45625 0.5453125 0.45625 0.5453125 0.5125 0.553125 0.5125
2 0.70625 0.453125 0.7 0.453125 0.7 0.4984375 0.70625 0.4984375