2 0.68125 0.446875 0.6734375 0.446875 0.6734375 0.4953125 0.68125 0.4953125
2 0.4921875 0.496875 0.48125 0.496875 0.48125 0.5875 0.4921875 0.5875
2 0.4890625 0.4265625 0.4828125 0.4265625 0.4828125 0.4828125 0.4890625 0.4828125
2 0.4640625 0.4515625 0.4546875 0.4515625 0.4546875 0.5140625 0.4640625 0.5140625
2 0.4453125 0.440625 0.4390625 0.440625 0.4390625 0.49375 0.4453125 0.49375
2 0.3531250000000001 0.4484375 0.3437500000000001 0.4484375 0.3437500000000001 0.4921875 0.3531250000000001 0.4921875
2 0.3281250000000001 0.4609375 0.3203125000000001 0.4609375 0.3203125000000001 0.5109375 0.3281250000000001 0.5109375
2 0.27031250000000007 0.5046875 0.26250000000000007 0.5046875 0.26250000000000007 0.565625 0.27031250000000007 0.565625
2 0.22031250000000008 0.5265625 0.2140625000000001 0.5265625 0.2140625000000001 0.5859375 0.22031250000000008 0.5859375
2 0.18281250000000004 0.4984375 0.17812500000000003 0.4984375 0.17812500000000003 0.5375 0.18281250000000004 0.5375
2 0.19062500000000004 0.4953125 0.18437500000000004 0.4953125 0.18437500000000004 0.5390625 0.19062500000000004 0.5390625
2 0.21250000000000008 0.4921875 0.2078125000000001 0.4921875 0.2078125000000001 0.5390625 0.21250000000000008 0.5390625
2 0.23593750000000008 0.4671875 0.2296875000000001 0.4671875 0.2296875000000001 0.5078125 0.23593750000000008 0.5078125
2 0.2453125000000001 0.46875 0.2406250000000001 0.46875 0.2406250000000001 0.50625 0.2453125000000001 0.50625
2 0.25468750000000007 0.4671875 0.2484375000000001 0.4671875 0.2484375000000001 0.509375 0.25468750000000007 0.509375
2 0.2718750000000001 0.45625 0.2687500000000001 0.45625 0.2687500000000001 0.4859375 0.2718750000000001 0.4859375
2 0.2734375000000001 0.4484375 0.27031250000000007 0.4484375 0.27031250000000007 0.4796875 0.2734375000000001 0.4796875
2 0.2828125000000001 0.4671875 0.27812500000000007 0.4671875 0.27812500000000007 0.509375 0.2828125000000001 0.509375
2 0.2843750000000001 0.4546875 0.2796875000000001 0.4546875 0.2796875000000001 0.4875 0.2843750000000001 0.4875
2 0.2968750000000001 0.45 0.2906250000000001 0.45 0.2906250000000001 0.4828125 0.2968750000000001 0.4828125
0 0.2921875000000001 0.478125 0.2890625000000001 0.478125 0.2890625000000001 0.4859375 0.2921875000000001 0.4859375
2 0.3062500000000001 0.440625 0.3000000000000001 0.440625 0.3000000000000001 0.471875 0.3062500000000001 0.471875
2 0.3437500000000001 0.4203125 0.3390625000000001 0.4203125 0.3390625000000001 0.4515625 0.3437500000000001 0.4515625
2 0.17500000000000004 0.4859375 0.17031250000000003 0.4859375 0.17031250000000003 0.51875 0.17500000000000004 0.51875