2 0.2484375000000001 0.625 0.1906250000000001 0.625 0.1906250000000001 0.71875 0.2484375000000001 0.71875
2 0.3468750000000001 0.4296875 0.3187500000000001 0.4296875 0.3187500000000001 0.5171875 0.3468750000000001 0.5171875
2 0.5515625 0.5046875 0.5109375 0.5046875 0.5109375 0.6 0.5515625 0.6
2 0.5703125 0.4640625 0.5390625 0.4640625 0.5390625 0.546875 0.5703125 0.546875
2 0.7921875 0.42500000000000016 0.7640625 0.42500000000000016 0.7640625 0.5140625000000002 0.7921875 0.5140625000000002
2 0.865625 0.5796875000000001 0.8265625 0.5796875000000001 0.8265625 0.6875000000000002 0.865625 0.6875000000000002
2 0.984375 0.43750000000000017 0.940625 0.43750000000000017 0.940625 0.5328125000000001 0.984375 0.5328125000000001
2 0.8578125 0.3390625000000001 0.8234375 0.3390625000000001 0.8234375 0.42500000000000016 0.8578125 0.42500000000000016
2 0.80625 0.3000000000000001 0.7828125 0.3000000000000001 0.7828125 0.37968750000000007 0.80625 0.37968750000000007
2 0.8296875 0.24218750000000008 0.8015625 0.24218750000000008 0.8015625 0.2968750000000001 0.8296875 0.2968750000000001
2 0.5859375 0.2750000000000001 0.55625 0.2750000000000001 0.55625 0.3281250000000001 0.5859375 0.3281250000000001
2 0.59375 0.3125000000000001 0.565625 0.3125000000000001 0.565625 0.3781250000000001 0.59375 0.3781250000000001
2 0.428125 0.3593750000000001 0.3921875 0.3593750000000001 0.3921875 0.4328125 0.428125 0.4328125
2 0.38281250000000006 0.36250000000000004 0.346875 0.3625 0.34687500000000004 0.4328125 0.3828125000000001 0.4328125
2 0.2687500000000001 0.5015625 0.2156250000000001 0.5015625 0.2156250000000001 0.590625 0.2687500000000001 0.590625
2 0.603125 0.3765625000000001 0.5640625 0.3765625000000001 0.5640625 0.4359375 0.603125 0.4359375
3 0.6734375 0.3656250000000001 0.6453125 0.3656250000000001 0.6453125 0.4390625 0.6734375 0.4390625