0 0.6265625000000001 0.8890625 0.6187500000000001 0.8890625 0.6187500000000001 0.9046875 0.6265625000000001 0.9046875
2 0.6578125 0.6453125 0.653125 0.6453125 0.653125 0.6796875 0.6578125 0.6796875
2 0.6796875 0.640625 0.6734375 0.640625 0.6734375 0.6796875 0.6796875 0.6796875
2 0.578125 0.64375 0.571875 0.64375 0.571875 0.675 0.578125 0.675
2 0.75625 0.6265625000000001 0.7515625 0.6265625000000001 0.7515625 0.6531250000000002 0.75625 0.6531250000000002
2 0.6984375 0.653125 0.6921875 0.653125 0.6921875 0.6953125 0.6984375 0.6953125
2 0.415625 0.6171875 0.4109375 0.6171875 0.4109375 0.6515625 0.415625 0.6515625
2 0.5421875 0.6296875 0.534375 0.6296875 0.534375 0.659375 0.5421875 0.659375
2 0.7234375 0.659375 0.7171875 0.659375 0.7171875 0.703125 0.7234375 0.703125
2 0.6328125 0.625 0.628125 0.625 0.628125 0.65625 0.6328125 0.65625
2 0.4453125 0.65625 0.4359375 0.65625 0.4359375 0.7015625 0.4453125 0.7015625
2 0.6359375 0.646875 0.6265625 0.646875 0.6265625 0.684375 0.6359375 0.684375
2 0.7468750000000001 0.6906250000000002 0.7390625 0.6906250000000002 0.7390625000000001 0.7359375000000001 0.7468750000000002 0.7359375000000001
2 0.565625 0.6140625 0.5625 0.6140625 0.5625 0.6390625 0.565625 0.6390625
2 0.621875 0.6484375 0.615625 0.6484375 0.615625 0.690625 0.621875 0.690625
2 0.7078125000000001 0.6875 0.7 0.6875 0.7000000000000001 0.740625 0.7078125000000002 0.740625
2 0.6703125000000001 0.7 0.6609375 0.7 0.6609375000000001 0.765625 0.6703125000000002 0.765625
2 0.22656250000000008 0.575 0.2218750000000001 0.575 0.2218750000000001 0.6046875 0.22656250000000008 0.6046875
2 0.4390625 0.66875 0.4296875 0.66875 0.4296875 0.721875 0.4390625 0.721875
2 0.5078125 0.6484375 0.496875 0.6484375 0.496875 0.6921875 0.5078125 0.6921875
2 0.5171875 0.653125 0.5046875 0.653125 0.5046875 0.6984375 0.5171875 0.6984375
2 0.6078125000000001 0.6796875 0.5953125 0.6796875 0.5953125000000001 0.728125 0.6078125000000002 0.728125
2 0.6750000000000002 0.8 0.6531250000000002 0.8 0.6531250000000002 0.8859375 0.6750000000000002 0.8859375
2 0.6406250000000002 0.81875 0.6109375000000001 0.81875 0.6109375000000001 0.9234375 0.6406250000000002 0.9234375