0 0.1781250000000001 0.7046875 0.17343750000000008 0.7046875 0.17343750000000008 0.7171875 0.1781250000000001 0.7171875
2 0.71875 0.5921875 0.7140625 0.5921875 0.7140625 0.625 0.71875 0.625
2 0.4421875 0.5890625 0.4359375 0.5890625 0.4359375 0.628125 0.4421875 0.628125
2 0.5171875 0.571875 0.509375 0.571875 0.509375 0.6 0.5171875 0.6
2 0.37187500000000007 0.5640625 0.3671875000000001 0.5640625 0.3671875000000001 0.6078125 0.37187500000000007 0.6078125
2 0.53125 0.5828125 0.521875 0.5828125 0.521875 0.6171875 0.53125 0.6171875
2 0.4390625 0.559375 0.434375 0.559375 0.434375 0.590625 0.4390625 0.590625
2 0.19687500000000008 0.5359375 0.19375000000000003 0.5359375 0.19375000000000006 0.5625 0.19687500000000008 0.5625
2 0.3062500000000001 0.58125 0.3000000000000001 0.58125 0.3000000000000001 0.625 0.3062500000000001 0.625
2 0.2453125000000001 0.565625 0.2390625000000001 0.565625 0.2390625000000001 0.6046875 0.2453125000000001 0.6046875
2 0.3062500000000001 0.60625 0.2968750000000001 0.60625 0.2968750000000001 0.6625 0.3062500000000001 0.6625
2 0.3031250000000001 0.54375 0.3000000000000001 0.54375 0.3000000000000001 0.5671875 0.3031250000000001 0.5671875
2 0.4625 0.603125 0.453125 0.603125 0.453125 0.6578125 0.4625 0.6578125
2 0.3906250000000001 0.5875 0.3828125000000001 0.5875 0.3828125000000001 0.63125 0.3906250000000001 0.63125
2 0.3156250000000001 0.628125 0.3062500000000001 0.628125 0.3062500000000001 0.6984375 0.3156250000000001 0.6984375
2 0.553125 0.6 0.5421875 0.6 0.5421875 0.6453125 0.553125 0.6453125
2 0.2718750000000001 0.6796875 0.2609375000000001 0.6796875 0.2609375000000001 0.775 0.2718750000000001 0.775
2 0.1750000000000001 0.6390625 0.1625000000000001 0.6390625 0.1625000000000001 0.7046875 0.1750000000000001 0.7046875
2 0.23593750000000008 0.76875 0.20468750000000008 0.76875 0.20468750000000008 0.871875 0.23593750000000008 0.871875
2 0.40625000000000017 0.8078125 0.37968750000000007 0.8078125 0.37968750000000007 0.928125 0.40625000000000017 0.928125
2 0.4093750000000001 0.6625 0.3937500000000001 0.6625 0.3937500000000001 0.740625 0.40937500000000016 0.740625
2 0.4765625000000001 0.6578125 0.459375 0.6578125 0.4593750000000001 0.7296875 0.47656250000000017 0.7296875
2 0.4421875 0.5453125 0.4375 0.5453125 0.4375 0.56875 0.4421875 0.56875
2 0.5546875 0.6453125 0.5390625 0.6453125 0.5390625 0.7109375 0.5546875 0.7109375