0 0.5265625 0.5609375 0.5203125 0.5609375 0.5203125 0.5703125 0.5265625 0.5703125
2 0.55 0.45625 0.5453125 0.45625 0.5453125 0.4828125 0.55 0.4828125
2 0.7515625 0.5421875000000002 0.7453125 0.5421875000000002 0.7453125 0.5984375000000002 0.7515625 0.5984375000000002
2 0.5609375 0.471875 0.5546875 0.471875 0.5546875 0.50625 0.5609375 0.50625
2 0.4640625 0.4765625 0.4578125 0.4765625 0.4578125 0.5140625 0.4640625 0.5140625
2 0.6453125 0.4640625 0.6421875 0.4640625 0.6421875 0.4890625 0.6453125 0.4890625
2 0.5671875 0.49375 0.5609375 0.49375 0.5609375 0.534375 0.5671875 0.534375
2 0.6921875 0.5078125 0.684375 0.5078125 0.684375 0.55 0.6921875 0.55
2 0.5078125 0.51875 0.4921875 0.51875 0.4921875 0.5640625 0.5078125 0.5640625
2 0.65625 0.465625 0.653125 0.465625 0.653125 0.4890625 0.65625 0.4890625
2 0.3156250000000001 0.49375 0.30937500000000007 0.49375 0.30937500000000007 0.5265625 0.3156250000000001 0.5265625
2 0.7078125 0.5 0.7015625 0.5 0.7015625 0.534375 0.7078125 0.534375
2 0.6109375 0.4765625 0.6046875 0.4765625 0.6046875 0.515625 0.6109375 0.515625
2 0.6171875 0.4546875 0.6140625 0.4546875 0.6140625 0.478125 0.6171875 0.478125
2 0.45625 0.509375 0.446875 0.509375 0.446875 0.575 0.45625 0.575
2 0.625 0.45 0.621875 0.45 0.621875 0.475 0.625 0.475
2 0.653125 0.4734375 0.6484375 0.4734375 0.6484375 0.50625 0.653125 0.50625
2 0.7703125 0.6234375000000002 0.7578125 0.6234375000000002 0.7578125 0.7234375000000002 0.7703125 0.7234375000000002
2 0.6921875 0.4859375 0.6875 0.4859375 0.6875 0.5125 0.6921875 0.5125
2 0.5265625 0.4609375 0.5203125 0.4609375 0.5203125 0.4921875 0.5265625 0.4921875
2 0.6203125 0.4765625 0.615625 0.4765625 0.615625 0.5078125 0.6203125 0.5078125
2 0.6171875 0.5046875 0.6078125 0.5046875 0.6078125 0.5484375 0.6171875 0.5484375
2 0.7875 0.47656250000000017 0.784375 0.47656250000000017 0.784375 0.5031250000000002 0.7875 0.5031250000000002
2 0.4890625 0.465625 0.4828125 0.465625 0.4828125 0.503125 0.4890625 0.503125