2 0.703125 0.509375 0.696875 0.509375 0.696875 0.553125 0.703125 0.553125
2 0.721875 0.5453125 0.7140625 0.5453125 0.7140625 0.6046875 0.721875 0.6046875
2 0.6171875 0.4875 0.6109375 0.4875 0.6109375 0.525 0.6171875 0.525
2 0.5171875 0.45625 0.5109375 0.45625 0.5109375 0.48125 0.5171875 0.48125
2 0.5875 0.4875 0.5796875 0.4875 0.5796875 0.5296875 0.5875 0.5296875
2 0.6765625 0.503125 0.6703125 0.503125 0.6703125 0.5453125 0.6765625 0.5453125
2 0.36406250000000007 0.5671875 0.3500000000000001 0.5671875 0.3500000000000001 0.63125 0.36406250000000007 0.63125
2 0.7359375 0.5265625000000002 0.728125 0.5265625000000002 0.728125 0.5750000000000002 0.7359375 0.5750000000000002
2 0.3546875000000001 0.503125 0.3500000000000001 0.503125 0.3500000000000001 0.546875 0.3546875000000001 0.546875
2 0.2843750000000001 0.521875 0.27812500000000007 0.521875 0.27812500000000007 0.565625 0.2843750000000001 0.565625
2 0.20468750000000008 0.5703125 0.19531250000000008 0.5703125 0.19531250000000008 0.646875 0.20468750000000008 0.646875
2 0.790625 0.6171875000000002 0.78125 0.6171875000000002 0.78125 0.7078125000000002 0.790625 0.7078125000000002
2 0.6875 0.5390625 0.6765625 0.5390625 0.6765625 0.6015625 0.6875 0.6015625
2 0.796875 0.5812500000000002 0.7859375 0.5812500000000002 0.7859375 0.6390625000000002 0.796875 0.6390625000000002
2 0.21250000000000008 0.521875 0.2062500000000001 0.521875 0.2062500000000001 0.5515625 0.21250000000000008 0.5515625
2 0.3312500000000001 0.571875 0.3218750000000001 0.571875 0.3218750000000001 0.6375 0.3312500000000001 0.6375
2 0.6234375 0.4625 0.6203125 0.4625 0.6203125 0.4890625 0.6234375 0.4890625
2 0.765625 0.6078125000000002 0.7484375 0.6078125000000002 0.7484375 0.6890625000000001 0.765625 0.6890625000000001
2 0.5109375 0.5359375 0.49375 0.5359375 0.49375 0.6125 0.5109375 0.6125
2 0.603125 0.453125 0.5984375 0.453125 0.5984375 0.471875 0.603125 0.471875
2 0.2812500000000001 0.7125 0.2640625000000001 0.7125 0.2640625000000001 0.8203125 0.2812500000000001 0.8203125
2 0.3140625000000001 0.6671875 0.2968750000000001 0.6671875 0.2968750000000001 0.7671875 0.3140625000000001 0.7671875
2 0.7859375 0.4781250000000002 0.7828125 0.4781250000000002 0.7828125 0.5046875000000002 0.7859375 0.5046875000000002