1 0.16250000000000003 0.43125 0.15312500000000004 0.43125 0.15312500000000004 0.4703125 0.16250000000000003 0.4703125
2 0.07812500000000007 0.496875 0.06406250000000006 0.496875 0.06406250000000006 0.5390625 0.07812500000000007 0.5390625
2 0.403125 0.3546875000000001 0.3953125 0.3546875000000001 0.39531250000000007 0.3890625000000001 0.403125 0.3890625000000001
2 0.671875 0.30937500000000007 0.665625 0.30937500000000007 0.665625 0.3343750000000001 0.671875 0.3343750000000001
2 0.4375 0.35625000000000007 0.4296875 0.35625000000000007 0.4296875 0.3921875000000001 0.4375 0.3921875000000001
2 0.7671875 0.4125000000000002 0.7578125 0.4125000000000002 0.7578125 0.44843750000000016 0.7671875 0.44843750000000016
2 0.3375000000000001 0.46875 0.3296875000000001 0.46875 0.3296875000000001 0.515625 0.3375000000000001 0.515625
2 0.76875 0.3703125000000001 0.759375 0.3703125000000001 0.759375 0.4046875000000002 0.76875 0.4046875000000002
2 0.2593750000000001 0.4390625 0.2500000000000001 0.4390625 0.2500000000000001 0.4796875 0.2593750000000001 0.4796875
2 0.15937500000000004 0.4859375 0.15000000000000005 0.4859375 0.15000000000000005 0.5203125 0.15937500000000004 0.5203125
2 0.728125 0.4515625000000001 0.7171875 0.4515625 0.7171875 0.4859375000000001 0.728125 0.4859375000000002
2 0.521875 0.4109375 0.5125 0.4109375 0.5125 0.4515625 0.521875 0.4515625
2 0.3812500000000001 0.4859375 0.3703125000000001 0.4859375 0.3703125000000001 0.5328125 0.3812500000000001 0.5328125
2 0.4515625 0.4890625 0.4390625 0.4890625 0.4390625 0.534375 0.4515625 0.534375
2 0.7296875 0.6109375000000001 0.7171875 0.6109375 0.7171875 0.6687500000000001 0.7296875 0.6687500000000002
2 0.7828125 0.4500000000000002 0.7671875 0.4500000000000002 0.7671875 0.4906250000000002 0.7828125 0.4906250000000002
2 0.5875 0.4171875 0.575 0.4171875 0.575 0.45625 0.5875 0.45625
2 0.403125 0.6390625 0.3921875000000001 0.6390625 0.3921875000000001 0.7 0.403125 0.7
2 0.3781250000000001 0.653125 0.36406250000000007 0.653125 0.36406250000000007 0.7171875 0.3781250000000001 0.7171875
2 0.6578125 0.55625 0.65 0.55625 0.65 0.6109375 0.6578125 0.6109375
3 0.8046875 0.80625 0.7843750000000002 0.80625 0.7843750000000002 0.88125 0.8046875 0.88125
3 0.5625 0.459375 0.55 0.459375 0.55 0.50625 0.5625 0.50625
2 0.775 0.6093750000000002 0.7640625 0.6093750000000002 0.7640625 0.6671875000000002 0.775 0.6671875000000002
3 0.434375 0.26250000000000007 0.4265625 0.26250000000000007 0.4265625 0.2906250000000001 0.434375 0.2906250000000001