0 0.14531250000000004 0.53125 0.14375000000000004 0.53125 0.14375000000000004 0.534375 0.14531250000000004 0.534375
2 0.27812500000000007 0.4640625 0.2750000000000001 0.4640625 0.2750000000000001 0.490625 0.27812500000000007 0.490625
2 0.3234375000000001 0.4546875 0.3203125000000001 0.4546875 0.3203125000000001 0.48125 0.3234375000000001 0.48125
2 0.2640625000000001 0.4734375 0.2609375000000001 0.4734375 0.2609375000000001 0.4984375 0.2640625000000001 0.4984375
2 0.34843750000000007 0.4625 0.3437500000000001 0.4625 0.3437500000000001 0.490625 0.34843750000000007 0.490625
2 0.3125000000000001 0.4484375 0.3109375000000001 0.4484375 0.3109375000000001 0.4671875 0.3125000000000001 0.4671875
2 0.2875000000000001 0.5125 0.2796875000000001 0.5125 0.2796875000000001 0.55625 0.2875000000000001 0.55625
2 0.465625 0.4625 0.45625 0.4625 0.45625 0.5 0.465625 0.5
2 0.2828125000000001 0.45 0.2796875000000001 0.45 0.2796875000000001 0.471875 0.2828125000000001 0.471875
2 0.4671875 0.4390625 0.4625 0.4390625 0.4625 0.4640625 0.4671875 0.4640625
2 0.471875 0.440625 0.4671875 0.440625 0.4671875 0.471875 0.471875 0.471875
2 0.3750000000000001 0.5109375 0.36406250000000007 0.5109375 0.36406250000000007 0.5609375 0.3750000000000001 0.5609375
2 0.2750000000000001 0.471875 0.27031250000000007 0.471875 0.27031250000000007 0.4984375 0.2750000000000001 0.4984375
2 0.2515625000000001 0.4640625 0.2484375000000001 0.4640625 0.2484375000000001 0.4859375 0.2515625000000001 0.4859375
2 0.19687500000000005 0.4859375 0.19375000000000003 0.4859375 0.19375000000000003 0.5109375 0.19687500000000005 0.5109375
2 0.19062500000000004 0.5046875 0.18437500000000004 0.5046875 0.18437500000000004 0.53125 0.19062500000000004 0.53125
2 0.6859375 0.453125 0.6828125 0.453125 0.6828125 0.4796875 0.6859375 0.4796875
2 0.17031250000000003 0.496875 0.16718750000000004 0.496875 0.16718750000000004 0.515625 0.17031250000000003 0.515625
2 0.3703125000000001 0.4375 0.3671875000000001 0.4375 0.3671875000000001 0.459375 0.3703125000000001 0.459375
2 0.17343750000000005 0.5078125 0.16875000000000004 0.5078125 0.16875000000000004 0.525 0.17343750000000005 0.525
2 0.2718750000000001 0.459375 0.2687500000000001 0.459375 0.2687500000000001 0.4734375 0.2718750000000001 0.4734375
2 0.2984375000000001 0.446875 0.29375000000000007 0.446875 0.29375000000000007 0.46875 0.2984375000000001 0.46875
2 0.15156250000000004 0.5125 0.14687500000000003 0.5125 0.14687500000000003 0.5359375 0.15156250000000004 0.5359375