2 0.7109375 0.48125 0.7046875 0.48125 0.7046875 0.509375 0.7109375 0.509375
2 0.63125 0.4828125 0.625 0.4828125 0.625 0.515625 0.63125 0.515625
2 0.740625 0.49531250000000016 0.734375 0.49531250000000016 0.734375 0.5296875000000002 0.740625 0.5296875000000002
2 0.634375 0.4515625 0.6328125 0.4515625 0.6328125 0.4703125 0.634375 0.4703125
2 0.596875 0.4515625 0.5921875 0.4515625 0.5921875 0.4734375 0.596875 0.4734375
2 0.4984375 0.475 0.490625 0.475 0.490625 0.5171875 0.4984375 0.5171875
2 0.6640625 0.55 0.6515625 0.55 0.6515625 0.6140625 0.6640625 0.6140625
2 0.665625 0.4609375 0.6609375 0.4609375 0.6609375 0.4828125 0.665625 0.4828125
2 0.6578125 0.471875 0.653125 0.471875 0.653125 0.5015625 0.6578125 0.5015625
2 0.6359375 0.4796875 0.6296875 0.4796875 0.6296875 0.5109375 0.6359375 0.5109375
2 0.61875 0.4703125 0.6140625 0.4703125 0.6140625 0.5015625 0.61875 0.5015625
2 0.515625 0.459375 0.509375 0.459375 0.509375 0.4859375 0.515625 0.4859375
2 0.5265625 0.4859375 0.5171875 0.4859375 0.5171875 0.525 0.5265625 0.525
2 0.6109375 0.4640625 0.6046875 0.4640625 0.6046875 0.4921875 0.6109375 0.4921875
2 0.7015625 0.4703125 0.696875 0.4703125 0.696875 0.496875 0.7015625 0.496875
2 0.696875 0.4765625 0.690625 0.4765625 0.690625 0.5046875 0.696875 0.5046875
2 0.32500000000000007 0.4859375 0.3187500000000001 0.4859375 0.3187500000000001 0.5140625 0.32500000000000007 0.5140625
2 0.5328125 0.475 0.5234375 0.475 0.5234375 0.509375 0.5328125 0.509375
2 0.53125 0.45625 0.5265625 0.45625 0.5265625 0.478125 0.53125 0.478125
2 0.7703125 0.4703125000000002 0.7671875 0.4703125000000002 0.7671875 0.49531250000000016 0.7703125 0.49531250000000016
2 0.7359375 0.49218750000000017 0.7296875 0.49218750000000017 0.7296875 0.5250000000000001 0.7359375 0.5250000000000001
2 0.6171875 0.453125 0.6109375 0.453125 0.6109375 0.4796875 0.6171875 0.4796875
0 0.6515625 0.4703125 0.65 0.4703125 0.65 0.4734375 0.6515625 0.4734375