2 0.66875 0.503125 0.6625 0.503125 0.6625 0.546875 0.66875 0.546875
2 0.7171875 0.5515625 0.7078125 0.5515625 0.7078125 0.6140625 0.7171875 0.6140625
2 0.5546875 0.4796875 0.546875 0.4796875 0.546875 0.5171875 0.5546875 0.5171875
2 0.3062500000000001 0.4984375 0.30156250000000007 0.4984375 0.30156250000000007 0.53125 0.3062500000000001 0.53125
2 0.4078125 0.4734375 0.4015625 0.4734375 0.4015625 0.5046875 0.4078125 0.5046875
2 0.5234375 0.50625 0.5125 0.50625 0.5125 0.5546875 0.5234375 0.5546875
2 0.696875 0.4875 0.6921875 0.4875 0.6921875 0.525 0.696875 0.525
2 0.628125 0.465625 0.625 0.465625 0.625 0.49375 0.628125 0.49375
2 0.734375 0.5046875000000002 0.728125 0.5046875000000002 0.728125 0.5453125000000002 0.734375 0.5453125000000002
2 0.58125 0.5015625 0.571875 0.5015625 0.571875 0.5453125 0.58125 0.5453125
2 0.79375 0.6125000000000002 0.7828125 0.6125000000000002 0.7828125 0.6984375000000002 0.79375 0.6984375000000002
2 0.503125 0.46875 0.49375 0.46875 0.49375 0.503125 0.503125 0.503125
2 0.596875 0.490625 0.5875 0.490625 0.5875 0.5375 0.596875 0.5375
2 0.771875 0.5437500000000002 0.7625 0.5437500000000002 0.7625 0.6031250000000001 0.771875 0.6031250000000001
2 0.5875 0.4828125 0.5796875 0.4828125 0.5796875 0.515625 0.5875 0.515625
2 0.6453125 0.465625 0.640625 0.465625 0.640625 0.490625 0.6453125 0.490625
2 0.6359375 0.459375 0.6328125 0.459375 0.6328125 0.484375 0.6359375 0.484375
2 0.69375 0.484375 0.6890625 0.484375 0.6890625 0.51875 0.69375 0.51875
2 0.434375 0.49375 0.425 0.49375 0.425 0.54375 0.434375 0.54375
2 0.7765625 0.4750000000000002 0.7734375 0.4750000000000002 0.7734375 0.4984375000000002 0.7765625 0.4984375000000002
2 0.6421875 0.4734375 0.6375 0.4734375 0.6375 0.5015625 0.6421875 0.5015625
2 0.615625 0.5015625 0.60625 0.5015625 0.60625 0.55 0.615625 0.55
0 0.55 0.5109375 0.546875 0.5109375 0.546875 0.51875 0.55 0.51875
2 0.6125 0.4484375 0.609375 0.4484375 0.609375 0.4703125 0.6125 0.4703125