0 0.1921875000000001 0.74375 0.1859375000000001 0.74375 0.1859375000000001 0.75625 0.1921875000000001 0.75625
2 0.6515625 0.5625 0.646875 0.5625 0.646875 0.59375 0.6515625 0.59375
2 0.740625 0.5781250000000002 0.734375 0.5781250000000002 0.734375 0.6046875000000002 0.740625 0.6046875000000002
2 0.7078125 0.584375 0.7015625 0.584375 0.7015625 0.6265625 0.7078125 0.6265625
2 0.434375 0.575 0.428125 0.575 0.428125 0.6140625 0.434375 0.6140625
2 0.75625 0.5656250000000002 0.753125 0.5656250000000002 0.753125 0.5890625000000002 0.75625 0.5890625000000002
2 0.5875 0.578125 0.58125 0.578125 0.58125 0.6125 0.5875 0.6125
2 0.7953125 0.6156250000000002 0.7875 0.6156250000000002 0.7875 0.6625000000000002 0.7953125 0.6625000000000002
2 0.75625 0.5843750000000002 0.75 0.5843750000000002 0.75 0.6250000000000002 0.75625 0.6250000000000002
2 0.771875 0.6234375000000002 0.765625 0.6234375000000002 0.765625 0.6796875000000002 0.771875 0.6796875000000002
2 0.696875 0.5703125 0.6921875 0.5703125 0.6921875 0.603125 0.696875 0.603125
2 0.628125 0.6140625 0.621875 0.6140625 0.621875 0.6703125 0.628125 0.6703125
2 0.7109375 0.6515625 0.703125 0.6515625 0.703125 0.7203125 0.7109375 0.7203125
2 0.4265625 0.58125 0.4203125 0.58125 0.4203125 0.625 0.4265625 0.625
2 0.55 0.575 0.540625 0.575 0.540625 0.61875 0.55 0.61875
2 0.5484375 0.5984375 0.540625 0.5984375 0.540625 0.65625 0.5484375 0.65625
2 0.6203125 0.571875 0.6140625 0.571875 0.6140625 0.6125 0.6203125 0.6125
2 0.4296875 0.5484375 0.425 0.5484375 0.425 0.5796875 0.4296875 0.5796875
2 0.1750000000000001 0.6703125 0.1609375000000001 0.6703125 0.1609375000000001 0.7546875 0.1750000000000001 0.7546875
2 0.4125 0.615625 0.4015625 0.615625 0.4015625 0.6796875 0.4125 0.6796875
2 0.54375 0.6140625 0.5328125 0.6140625 0.5328125 0.6734375 0.54375 0.6734375
2 0.5625 0.54375 0.559375 0.54375 0.559375 0.56875 0.5625 0.56875
2 0.7546875000000001 0.6671875000000002 0.7453125 0.6671875000000002 0.7453125 0.7437500000000001 0.7546875000000002 0.7437500000000001