2 0.18750000000000006 0.5421875 0.18125000000000005 0.5421875 0.18125000000000008 0.5921875 0.18750000000000008 0.5921875
2 0.2500000000000001 0.4765625 0.2468750000000001 0.4765625 0.2468750000000001 0.5046875 0.2500000000000001 0.5046875
2 0.446875 0.4578125 0.440625 0.4578125 0.440625 0.496875 0.446875 0.496875
2 0.46875 0.4921875 0.4609375 0.4921875 0.4609375 0.5515625 0.46875 0.5515625
2 0.13750000000000007 0.540625 0.13125000000000003 0.540625 0.13125000000000006 0.58125 0.1375000000000001 0.58125
2 0.2078125000000001 0.534375 0.2015625000000001 0.534375 0.2015625000000001 0.578125 0.2078125000000001 0.578125
2 0.2812500000000001 0.4828125 0.27812500000000007 0.4828125 0.27812500000000007 0.515625 0.2812500000000001 0.515625
2 0.05468750000000007 0.5671875 0.048437500000000064 0.5671875 0.04843750000000007 0.6015625 0.05468750000000007 0.6015625
2 0.2718750000000001 0.4953125 0.2671875000000001 0.4953125 0.2671875000000001 0.5375 0.2718750000000001 0.5375
2 0.3296875000000001 0.4984375 0.3234375000000001 0.4984375 0.3234375000000001 0.5453125 0.3296875000000001 0.5453125
2 0.035937500000000074 0.575 0.029687500000000068 0.575 0.02968750000000007 0.615625 0.03593750000000008 0.615625
2 0.12500000000000006 0.5359375 0.11875000000000005 0.5359375 0.11875000000000006 0.56875 0.12500000000000008 0.56875
2 0.10156250000000007 0.5390625 0.09531250000000006 0.5390625 0.09531250000000006 0.5734375 0.10156250000000008 0.5734375
2 0.16250000000000006 0.5421875 0.15781250000000005 0.5421875 0.15781250000000008 0.5859375 0.1625000000000001 0.5859375
2 0.14687500000000006 0.5421875 0.14062500000000006 0.5421875 0.14062500000000006 0.5859375 0.1468750000000001 0.5859375
2 0.15000000000000008 0.51875 0.14687500000000003 0.51875 0.14687500000000006 0.55 0.15000000000000008 0.55
2 0.04062500000000007 0.5765625 0.034375000000000065 0.5765625 0.03437500000000007 0.6171875 0.04062500000000008 0.6171875
2 0.7328125 0.4828125000000002 0.7265625 0.4828125000000002 0.7265625 0.5203125000000002 0.7328125 0.5203125000000002
2 0.4015625 0.5796875 0.3921875000000001 0.5796875 0.3921875000000001 0.6609375 0.4015625 0.6609375
2 0.425 0.5890625 0.4109375 0.5890625 0.4109375 0.6859375 0.425 0.6859375
2 0.2656250000000001 0.4734375 0.26250000000000007 0.4734375 0.26250000000000007 0.503125 0.2656250000000001 0.503125
2 0.17812500000000003 0.4953125 0.17500000000000004 0.4953125 0.17500000000000004 0.51875 0.17812500000000003 0.51875