0 0.4375 0.5796875 0.4359375 0.5796875 0.4359375 0.5828125 0.4375 0.5828125
2 0.628125 0.590625 0.6234375 0.590625 0.6234375 0.63125 0.628125 0.63125
2 0.3078125000000001 0.56875 0.30156250000000007 0.56875 0.30156250000000007 0.6109375 0.3078125000000001 0.6109375
2 0.7234375 0.5828125 0.71875 0.5828125 0.71875 0.6109375 0.7234375 0.6109375
2 0.4625 0.5546875 0.4578125 0.5546875 0.4578125 0.5796875 0.4625 0.5796875
2 0.33281250000000007 0.5484375 0.3281250000000001 0.5484375 0.3281250000000001 0.578125 0.33281250000000007 0.578125
2 0.23593750000000008 0.51875 0.2328125000000001 0.51875 0.2328125000000001 0.5453125 0.23593750000000008 0.5453125
2 0.59375 0.5859375 0.5875 0.5859375 0.5875 0.628125 0.59375 0.628125
2 0.3437500000000001 0.55 0.3390625000000001 0.55 0.3390625000000001 0.58125 0.3437500000000001 0.58125
2 0.37187500000000007 0.5375 0.3671875000000001 0.5375 0.3671875000000001 0.565625 0.37187500000000007 0.565625
2 0.3812500000000001 0.5953125 0.3750000000000001 0.5953125 0.3750000000000001 0.64375 0.3812500000000001 0.64375
2 0.4296875 0.559375 0.4234375 0.559375 0.4234375 0.578125 0.4296875 0.578125
2 0.4171875 0.5875 0.4078125 0.5875 0.4078125 0.634375 0.4171875 0.634375
2 0.5046875 0.5625 0.5 0.5625 0.5 0.5890625 0.5046875 0.5890625
2 0.425 0.5546875 0.41875 0.5546875 0.41875 0.5828125 0.425 0.5828125
2 0.49375 0.59375 0.4859375 0.59375 0.4859375 0.6375 0.49375 0.6375
2 0.5734375 0.5609375 0.5671875 0.5609375 0.5671875 0.5875 0.5734375 0.5875
2 0.48125 0.5703125 0.475 0.5703125 0.475 0.609375 0.48125 0.609375
2 0.24375000000000008 0.6078125 0.23437500000000008 0.6078125 0.23437500000000008 0.6734375 0.24375000000000008 0.6734375
2 0.4421875 0.5515625 0.4328125 0.5515625 0.4328125 0.575 0.4421875 0.575
2 0.4125 0.5375 0.409375 0.5375 0.409375 0.559375 0.4125 0.559375
2 0.5015625 0.559375 0.496875 0.559375 0.496875 0.5875 0.5015625 0.5875
2 0.5703125000000001 0.6640625 0.5515625 0.6640625 0.5515625000000001 0.7296875 0.5703125000000002 0.7296875
2 0.5734375 0.653125 0.5640625 0.653125 0.5640625 0.7234375 0.5734375 0.7234375