2 0.5703125 0.45625 0.565625 0.45625 0.565625 0.4828125 0.5703125 0.4828125
2 0.37968750000000007 0.459375 0.3765625000000001 0.459375 0.3765625000000001 0.478125 0.37968750000000007 0.478125
2 0.58125 0.4734375 0.575 0.4734375 0.575 0.5046875 0.58125 0.5046875
2 0.615625 0.4703125 0.6109375 0.4703125 0.6109375 0.503125 0.615625 0.503125
2 0.5109375 0.45 0.50625 0.45 0.50625 0.46875 0.5109375 0.46875
2 0.590625 0.45625 0.5859375 0.45625 0.5859375 0.4828125 0.590625 0.4828125
2 0.2828125000000001 0.4859375 0.2796875000000001 0.4859375 0.2796875000000001 0.509375 0.2828125000000001 0.509375
2 0.6015625 0.45625 0.596875 0.45625 0.596875 0.48125 0.6015625 0.48125
2 0.4484375 0.453125 0.44375 0.453125 0.44375 0.475 0.4484375 0.475
2 0.4203125 0.4640625 0.415625 0.4640625 0.415625 0.4875 0.4203125 0.4875
2 0.5875 0.446875 0.584375 0.446875 0.584375 0.4703125 0.5875 0.4703125
2 0.6375 0.490625 0.6328125 0.490625 0.6328125 0.528125 0.6375 0.528125
2 0.4734375 0.4515625 0.46875 0.4515625 0.46875 0.475 0.4734375 0.475
2 0.4140625 0.4578125 0.4109375 0.4578125 0.4109375 0.475 0.4140625 0.475
2 0.3359375000000001 0.4828125 0.3312500000000001 0.4828125 0.3312500000000001 0.5140625 0.3359375000000001 0.5140625
2 0.521875 0.453125 0.515625 0.453125 0.515625 0.475 0.521875 0.475
2 0.5078125 0.453125 0.5015625 0.453125 0.5015625 0.471875 0.5078125 0.471875
2 0.4140625 0.4765625 0.409375 0.4765625 0.409375 0.5046875 0.4140625 0.5046875
2 0.48125 0.603125 0.4578125 0.603125 0.4578125 0.7 0.48125 0.7
2 0.4546875 0.459375 0.45 0.459375 0.45 0.484375 0.4546875 0.484375
0 0.4875 0.4703125 0.4859375 0.4703125 0.4859375 0.4734375 0.4875 0.4734375
2 0.76875 0.47187500000000016 0.765625 0.47187500000000016 0.765625 0.4968750000000002 0.76875 0.4968750000000002