2 0.5984375 0.46875 0.5921875 0.46875 0.5921875 0.5015625 0.5984375 0.5015625
2 0.3500000000000001 0.4828125 0.3437500000000001 0.4828125 0.3437500000000001 0.5109375 0.3500000000000001 0.5109375
2 0.4859375 0.465625 0.4765625 0.465625 0.4765625 0.496875 0.4859375 0.496875
2 0.3046875000000001 0.4921875 0.2984375000000001 0.4921875 0.2984375000000001 0.5234375 0.3046875000000001 0.5234375
2 0.65625 0.496875 0.65 0.496875 0.65 0.5359375 0.65625 0.5359375
2 0.5390625 0.490625 0.5296875 0.490625 0.5296875 0.534375 0.5390625 0.534375
2 0.690625 0.4953125 0.6859375 0.4953125 0.6859375 0.5375 0.690625 0.5375
2 0.43125 0.50625 0.421875 0.50625 0.421875 0.5609375 0.43125 0.5609375
2 0.7609375 0.5328125000000001 0.753125 0.5328125000000001 0.753125 0.5828125000000002 0.7609375 0.5828125000000002
2 0.784375 0.5359375000000002 0.778125 0.5359375000000002 0.778125 0.5859375000000002 0.784375 0.5859375000000002
2 0.609375 0.5078125 0.6 0.5078125 0.6 0.5578125 0.609375 0.5578125
2 0.5859375 0.48125 0.5796875 0.48125 0.5796875 0.525 0.5859375 0.525
2 0.7390625 0.5093750000000001 0.7328125 0.5093750000000001 0.7328125 0.5531250000000002 0.7390625 0.5531250000000002
2 0.49375 0.5125 0.48125 0.5125 0.48125 0.5625 0.49375 0.5625
2 0.5796875 0.4765625 0.5734375 0.4765625 0.5734375 0.509375 0.5796875 0.509375
2 0.625 0.5109375 0.6125 0.5109375 0.6125 0.584375 0.625 0.584375
2 0.6625 0.4765625 0.65625 0.4765625 0.65625 0.5046875 0.6625 0.5046875
2 0.671875 0.4828125 0.6640625 0.4828125 0.6640625 0.5171875 0.671875 0.5171875
2 0.5078125 0.4640625 0.5 0.4640625 0.5 0.4890625 0.5078125 0.4890625
2 0.7796875 0.4734375000000002 0.7734375 0.4734375000000002 0.7734375 0.5015625000000001 0.7796875 0.5015625000000001
2 0.6796875 0.471875 0.675 0.471875 0.675 0.5015625 0.6796875 0.5015625
2 0.503125 0.4640625 0.4953125 0.4640625 0.4953125 0.490625 0.503125 0.490625
2 0.6546875 0.4625 0.6515625 0.4625 0.6515625 0.4875 0.6546875 0.4875
2 0.6765625 0.63125 0.6515625 0.63125 0.6515625 0.725 0.6765625 0.725
0 0.6640625 0.5109375 0.6625 0.5109375 0.6625 0.5171875 0.6640625 0.5171875