0 0.7875 0.6140625000000002 0.7828125 0.6140625000000002 0.7828125 0.6250000000000002 0.7875 0.6250000000000002
2 0.5234375 0.453125 0.5140625 0.453125 0.5140625 0.4859375 0.5234375 0.4859375
2 0.2453125000000001 0.49375 0.2390625000000001 0.49375 0.2390625000000001 0.528125 0.2453125000000001 0.528125
2 0.7125 0.4703125 0.70625 0.4703125 0.70625 0.5046875 0.7125 0.5046875
2 0.615625 0.475 0.6078125 0.475 0.6078125 0.5203125 0.615625 0.5203125
2 0.6484375 0.5140625 0.6390625 0.5140625 0.6390625 0.5859375 0.6484375 0.5859375
2 0.7890625 0.6250000000000002 0.7765625 0.6250000000000002 0.7765625 0.7015625000000002 0.7890625 0.7015625000000002
2 0.5484375 0.4546875 0.5421875 0.4546875 0.5421875 0.4875 0.5484375 0.4875
2 0.803125 0.5640625000000001 0.790625 0.5640625000000001 0.790625 0.6296875000000002 0.803125 0.6296875000000002
2 0.4109375 0.5046875 0.4015625 0.5046875 0.4015625 0.553125 0.4109375 0.553125
2 0.659375 0.5953125 0.6375 0.5953125 0.6375 0.6703125 0.659375 0.6703125
2 0.4 0.496875 0.3921875000000001 0.496875 0.3921875000000001 0.5515625 0.4 0.5515625
2 0.7109375 0.528125 0.703125 0.528125 0.703125 0.5765625 0.7109375 0.5765625
2 0.6359375 0.4796875 0.6265625 0.4796875 0.6265625 0.51875 0.6359375 0.51875
2 0.7390625 0.4906250000000002 0.7328125 0.4906250000000002 0.7328125 0.5281250000000002 0.7390625 0.5281250000000002
2 0.8234375 0.5484375000000001 0.8125 0.5484375000000001 0.8125 0.5984375000000002 0.8234375 0.5984375000000002
2 0.7890625 0.5593750000000002 0.7796875 0.5593750000000002 0.7796875 0.6078125000000002 0.7890625 0.6078125000000002
2 0.4140625 0.6 0.3921875000000001 0.6 0.3921875000000001 0.696875 0.4140625 0.696875
2 0.3390625000000001 0.56875 0.3218750000000001 0.56875 0.3218750000000001 0.6484375 0.3390625000000001 0.6484375
2 0.3968750000000001 0.7359375 0.3671875000000001 0.7359375 0.3671875000000001 0.8703125 0.3968750000000001 0.8703125
2 0.65 0.50625 0.64375 0.50625 0.64375 0.55625 0.65 0.55625
2 0.6593750000000002 0.7375 0.6312500000000002 0.7375 0.6312500000000002 0.8859375 0.6593750000000002 0.8859375
2 0.803125 0.47656250000000017 0.7984375 0.47656250000000017 0.7984375 0.5046875000000002 0.803125 0.5046875000000002