1 0.12500000000000006 0.35 0.11406250000000004 0.35 0.11406250000000004 0.3890625 0.12500000000000006 0.3890625
2 0.47343750000000007 0.6734375 0.4484375 0.6734375 0.4484375000000001 0.7421875 0.4734375000000002 0.7421875
2 0.675 0.3140625000000001 0.6671875 0.3140625000000001 0.6671875 0.34843750000000007 0.675 0.34843750000000007
2 0.521875 0.521875 0.503125 0.521875 0.503125 0.56875 0.521875 0.56875
2 0.4265625 0.40625 0.4125 0.40625 0.4125 0.4484375 0.4265625 0.4484375
2 0.434375 0.4578125 0.4203125 0.4578125 0.4203125 0.5046875 0.434375 0.5046875
2 0.375 0.32500000000000007 0.3640625 0.32500000000000007 0.3640625 0.3609375000000001 0.375 0.3609375000000001
2 0.5125 0.2843750000000001 0.50625 0.2843750000000001 0.50625 0.3156250000000001 0.5125 0.3156250000000001
2 0.19843750000000004 0.475 0.18906250000000005 0.475 0.18906250000000005 0.521875 0.19843750000000004 0.521875
2 0.19531250000000008 0.5734375 0.1750000000000001 0.5734375 0.1750000000000001 0.6234375 0.19531250000000008 0.6234375
2 0.66875 0.4296875 0.65625 0.4296875 0.65625 0.4796875 0.66875 0.4796875
3 0.546875 0.415625 0.5375 0.415625 0.5375 0.4578125 0.546875 0.4578125
2 0.7390625 0.3343750000000001 0.7296875 0.3343750000000001 0.7296875 0.37187500000000007 0.7390625 0.37187500000000007
2 0.6 0.3765625000000001 0.5890625 0.3765625000000001 0.5890625 0.4171875 0.6 0.4171875
2 0.36250000000000004 0.3578125 0.353125 0.3578125 0.353125 0.396875 0.3625000000000001 0.396875
2 0.73125 0.3968750000000001 0.715625 0.3968750000000001 0.715625 0.4390625000000001 0.73125 0.4390625000000002
2 0.68125 0.45 0.6671875 0.45 0.6671875 0.4875 0.68125 0.4875
2 0.6046875 0.4765625 0.5890625 0.4765625 0.5890625 0.5109375 0.6046875 0.5109375
2 0.2765625000000001 0.5859375 0.2578125000000001 0.5859375 0.2578125000000001 0.6421875 0.2765625000000001 0.6421875
2 0.7828125 0.4234375000000002 0.7640625 0.4234375000000002 0.7640625 0.4656250000000002 0.7828125 0.4656250000000002
2 0.534375 0.59375 0.509375 0.59375 0.509375 0.653125 0.534375 0.653125
3 0.8796875 0.8 0.853125 0.8 0.853125 0.88125 0.8796875 0.88125
2 0.12031250000000004 0.446875 0.10625000000000004 0.446875 0.10625000000000004 0.49375 0.12031250000000004 0.49375
3 0.3609375 0.2390625 0.3515625 0.2390625 0.3515625 0.26875 0.3609375 0.26875
0 0.675 0.3437500000000001 0.6703125 0.3437500000000001 0.6703125 0.3515625000000001 0.675 0.3515625000000001