3 0.253125 0.19062500000000004 0.2453125 0.19062500000000004 0.2453125 0.228125 0.253125 0.228125
2 0.434375 0.2078125000000001 0.425 0.2078125000000001 0.425 0.2390625000000001 0.434375 0.2390625000000001
2 0.3171875 0.203125 0.3046875 0.203125 0.3046875 0.2515625 0.3171875 0.2515625
2 0.6140625 0.20312500000000008 0.6046875 0.20312500000000008 0.6046875 0.2390625000000001 0.6140625 0.2390625000000001
2 0.7515625 0.3281250000000001 0.7359375 0.3281250000000001 0.7359375 0.3843750000000001 0.7515625 0.3843750000000001
2 0.496875 0.24218750000000008 0.4875 0.24218750000000008 0.4875 0.28593750000000007 0.496875 0.28593750000000007
2 0.365625 0.24062500000000003 0.3578125 0.240625 0.3578125 0.28750000000000003 0.365625 0.2875000000000001
2 0.659375 0.2484375000000001 0.65 0.2484375000000001 0.65 0.2953125000000001 0.659375 0.2953125000000001
2 0.609375 0.2468750000000001 0.5984375 0.2468750000000001 0.5984375 0.2906250000000001 0.609375 0.2906250000000001
2 0.4421875 0.2640625000000001 0.4296875 0.2640625000000001 0.4296875 0.3140625000000001 0.4421875 0.3140625000000001
3 0.6328125 0.2906250000000001 0.621875 0.2906250000000001 0.621875 0.3390625000000001 0.6328125 0.3390625000000001
2 0.5765625 0.3078125000000001 0.565625 0.3078125000000001 0.565625 0.3593750000000001 0.5765625 0.3593750000000001
2 0.2765625 0.246875 0.2671875 0.246875 0.2671875 0.2921875 0.2765625 0.2921875
2 0.34062500000000007 0.3265625 0.3265625 0.3265625 0.32656250000000003 0.38125 0.34062500000000007 0.38125
2 0.5984375 0.43125 0.5859375 0.43125 0.5859375 0.49375 0.5984375 0.49375
2 0.784375 0.36406250000000007 0.771875 0.36406250000000007 0.771875 0.42500000000000016 0.784375 0.42500000000000016
2 0.803125 0.3890625000000001 0.7875 0.3890625000000001 0.7875 0.4500000000000002 0.803125 0.4500000000000002
2 0.16406250000000006 0.465625 0.15000000000000005 0.465625 0.15000000000000005 0.534375 0.16406250000000006 0.534375
2 0.5890625 0.7 0.56875 0.7 0.5687500000000001 0.7828125 0.5890625000000002 0.7828125
2 0.6796875 0.3921875000000001 0.6640625 0.3921875000000001 0.6640625 0.45625 0.6796875 0.45625
2 0.471875 0.18437500000000004 0.4625 0.18437500000000004 0.4625 0.21875000000000008 0.471875 0.21875000000000008
2 0.5984375 0.17968750000000008 0.590625 0.17968750000000008 0.590625 0.2140625000000001 0.5984375 0.2140625000000001