2 0.55625 0.17343750000000008 0.546875 0.17343750000000008 0.546875 0.20468750000000008 0.55625 0.20468750000000008
2 0.6046875 0.1703125000000001 0.5953125 0.1703125000000001 0.5953125 0.21093750000000008 0.6046875 0.21093750000000008
2 0.253125 0.2046875 0.2421875 0.2046875 0.2421875 0.25 0.253125 0.25
2 0.8453125 0.3359375000000001 0.81875 0.3359375000000001 0.81875 0.38750000000000007 0.8453125 0.38750000000000007
2 0.625 0.1828125000000001 0.6109375 0.1828125000000001 0.6109375 0.22656250000000008 0.625 0.22656250000000008
2 0.4890625 0.17812500000000003 0.4796875 0.17812500000000003 0.4796875 0.22031250000000008 0.4890625 0.22031250000000008
2 0.4515625 0.17343750000000005 0.4421875 0.17343750000000005 0.4421875 0.2218750000000001 0.4515625 0.2218750000000001
2 0.3984375 0.2156250000000001 0.3890625 0.2156250000000001 0.3890625 0.2593750000000001 0.3984375 0.2593750000000001
2 0.51875 0.2250000000000001 0.503125 0.2250000000000001 0.503125 0.2609375000000001 0.51875 0.2609375000000001
2 0.275 0.2453125 0.2625 0.2453125 0.2625 0.29375 0.275 0.29375
2 0.55 0.21875000000000008 0.53125 0.21875000000000008 0.53125 0.2640625000000001 0.55 0.2640625000000001
2 0.46875 0.2078125000000001 0.45625 0.2078125000000001 0.45625 0.2515625000000001 0.46875 0.2515625000000001
2 0.8 0.2875000000000001 0.7859375 0.2875000000000001 0.7859375 0.3453125000000001 0.8 0.3453125000000001
2 0.5796875 0.2906250000000001 0.5671875 0.2906250000000001 0.5671875 0.3421875000000001 0.5796875 0.3421875000000001
2 0.6484375 0.3765625000000001 0.6296875 0.3765625000000001 0.6296875 0.440625 0.6484375 0.440625
2 0.853125 0.34843750000000007 0.8296875 0.34843750000000007 0.8296875 0.40937500000000016 0.853125 0.40937500000000016
2 0.3640625 0.2984375 0.346875 0.2984375 0.346875 0.35625000000000007 0.3640625 0.35625000000000007
2 0.20468750000000008 0.40625 0.18437500000000004 0.40625 0.18437500000000004 0.4734375 0.20468750000000008 0.4734375
3 0.6140625 0.2640625000000001 0.6015625 0.2640625000000001 0.6015625 0.31718750000000007 0.6140625 0.31718750000000007
2 0.6953125 0.2968750000000001 0.68125 0.2968750000000001 0.68125 0.3515625000000001 0.6953125 0.3515625000000001
2 0.7359375000000001 0.64375 0.7015625 0.64375 0.7015625000000001 0.7375 0.7359375000000001 0.7375000000000002
0 0.4640625 0.24218750000000008 0.459375 0.24218750000000008 0.459375 0.2500000000000001 0.4640625 0.2500000000000001
3 0.253125 0.17031250000000003 0.2421875 0.17031250000000003 0.2421875 0.2140625 0.253125 0.2140625