2 0.36250000000000004 0.340625 0.353125 0.340625 0.353125 0.3796875 0.3625000000000001 0.3796875
2 0.53125 0.24218750000000008 0.521875 0.24218750000000008 0.521875 0.2718750000000001 0.53125 0.2718750000000001
2 0.409375 0.2484375000000001 0.403125 0.2484375000000001 0.403125 0.2750000000000001 0.409375 0.2750000000000001
2 0.425 0.23437500000000008 0.41875 0.23437500000000008 0.41875 0.2609375000000001 0.425 0.2609375000000001
2 0.365625 0.31875000000000003 0.35625 0.31875 0.35625 0.3609375 0.365625 0.3609375000000001
2 0.5 0.26250000000000007 0.490625 0.26250000000000007 0.490625 0.2921875000000001 0.5 0.2921875000000001
2 0.6984375 0.2468750000000001 0.6890625 0.2468750000000001 0.6890625 0.2765625000000001 0.6984375 0.2765625000000001
2 0.6234375 0.2734375000000001 0.6171875 0.2734375000000001 0.6171875 0.3078125000000001 0.6234375 0.3078125000000001
2 0.553125 0.43125 0.54375 0.43125 0.54375 0.475 0.553125 0.475
2 0.715625 0.3312500000000001 0.7046875 0.3312500000000001 0.7046875 0.37187500000000007 0.715625 0.37187500000000007
2 0.55 0.3296875000000001 0.5390625 0.3296875000000001 0.5390625 0.3656250000000001 0.55 0.3656250000000001
1 0.9078125 0.3125000000000001 0.8984375 0.3125000000000001 0.8984375 0.34843750000000007 0.9078125 0.34843750000000007
2 0.9078125 0.4031250000000002 0.8953125 0.4031250000000002 0.8953125 0.4468750000000002 0.9078125 0.4468750000000002
1 0.09062500000000004 0.34375 0.07656250000000005 0.34375 0.07656250000000005 0.384375 0.09062500000000004 0.384375
2 0.35625000000000007 0.4265625 0.3468750000000001 0.4265625 0.3468750000000001 0.471875 0.35625000000000007 0.471875
2 0.6390625 0.3109375000000001 0.625 0.3109375000000001 0.625 0.3500000000000001 0.6390625 0.3500000000000001
3 0.4703125 0.32500000000000007 0.4609375 0.32500000000000007 0.4609375 0.36406250000000007 0.4703125 0.36406250000000007
2 0.434375 0.3890625000000001 0.425 0.3890625000000001 0.425 0.434375 0.434375 0.434375
2 0.3359375000000001 0.5984375 0.3156250000000001 0.5984375 0.3156250000000001 0.6578125 0.3359375000000001 0.6578125
2 0.775 0.5593750000000002 0.759375 0.5593750000000002 0.759375 0.6218750000000002 0.775 0.6218750000000002
0 0.6859375 0.27031250000000007 0.68125 0.27031250000000007 0.68125 0.27812500000000007 0.6859375 0.27812500000000007
3 0.3921875 0.2140625000000001 0.3859375 0.2140625000000001 0.3859375 0.24218750000000008 0.3921875 0.24218750000000008
2 0.50625 0.2812500000000001 0.4953125 0.2812500000000001 0.4953125 0.3125000000000001 0.50625 0.3125000000000001
2 0.3640625 0.30312500000000003 0.3546875 0.303125 0.3546875 0.33437500000000003 0.3640625 0.3343750000000001
2 0.6109375 0.2171875000000001 0.6046875 0.2171875000000001 0.6046875 0.24218750000000008 0.6109375 0.24218750000000008