2 0.615625 0.3390625000000001 0.603125 0.3390625000000001 0.603125 0.3765625000000001 0.615625 0.3765625000000001
2 0.628125 0.2750000000000001 0.61875 0.2750000000000001 0.61875 0.3046875000000001 0.628125 0.3046875000000001
2 0.7234375 0.28593750000000007 0.715625 0.28593750000000007 0.715625 0.31718750000000007 0.7234375 0.31718750000000007
2 0.4453125 0.3062500000000001 0.4359375 0.3062500000000001 0.4359375 0.34062500000000007 0.4453125 0.34062500000000007
2 0.6328125 0.3359375000000001 0.61875 0.3359375000000001 0.61875 0.3687500000000001 0.6328125 0.3687500000000001
2 0.571875 0.3078125000000001 0.5625 0.3078125000000001 0.5625 0.3421875000000001 0.571875 0.3421875000000001
2 0.5484375 0.2765625000000001 0.5421875 0.2765625000000001 0.5421875 0.3109375000000001 0.5484375 0.3109375000000001
2 0.528125 0.3468750000000001 0.5171875 0.3468750000000001 0.5171875 0.38750000000000007 0.528125 0.38750000000000007
3 0.4515625 0.2578125000000001 0.4453125 0.2578125000000001 0.4453125 0.2843750000000001 0.4515625 0.2843750000000001
2 0.5109375 0.30156250000000007 0.503125 0.30156250000000007 0.503125 0.3359375000000001 0.5109375 0.3359375000000001
2 0.3765625000000001 0.40625 0.36406250000000007 0.40625 0.36406250000000007 0.4515625 0.3765625000000001 0.4515625
2 0.6640625 0.3046875000000001 0.6546875 0.3046875000000001 0.6546875 0.3390625000000001 0.6640625 0.3390625000000001
2 0.425 0.3265625000000001 0.4125 0.3265625000000001 0.4125 0.36406250000000007 0.425 0.36406250000000007
3 0.7078125 0.34843750000000007 0.6984375 0.34843750000000007 0.6984375 0.3859375000000001 0.7078125 0.3859375000000001
2 0.74375 0.5687500000000001 0.721875 0.56875 0.721875 0.6296875000000001 0.74375 0.6296875000000002
2 0.5921875 0.3812500000000001 0.578125 0.3812500000000001 0.578125 0.4171875 0.5921875 0.4171875
2 0.69375 0.3890625000000001 0.68125 0.3890625000000001 0.68125 0.4296875 0.69375 0.4296875
2 0.84375 0.3703125000000001 0.8296875 0.3703125000000001 0.8296875 0.4109375000000002 0.84375 0.4109375000000002
1 0.10781250000000005 0.371875 0.09531250000000005 0.371875 0.09531250000000005 0.4171875 0.10781250000000005 0.4171875
2 0.4109375 0.3781250000000001 0.4 0.3781250000000001 0.4 0.41875 0.4109375 0.41875
2 0.815625 0.45312500000000017 0.8015625 0.45312500000000017 0.8015625 0.5046875000000002 0.815625 0.5046875000000002
2 0.4546875 0.5765625 0.4359375 0.5765625 0.4359375 0.628125 0.4546875 0.628125
0 0.6109375 0.3734375000000001 0.6046875 0.3734375000000001 0.6046875 0.3828125000000001 0.6109375 0.3828125000000001