3 0.15000000000000005 0.2875 0.14062500000000006 0.2875 0.14062500000000006 0.321875 0.15000000000000005 0.321875
2 0.5828125 0.3828125000000001 0.571875 0.3828125000000001 0.571875 0.4203125 0.5828125 0.4203125
1 0.7578125 0.3296875000000001 0.7453125 0.3296875000000001 0.7453125 0.3656250000000001 0.7578125 0.3656250000000001
2 0.571875 0.38750000000000007 0.5578125 0.38750000000000007 0.5578125 0.4234375 0.571875 0.4234375
2 0.6171875 0.3421875000000001 0.60625 0.3421875000000001 0.60625 0.3843750000000001 0.6171875 0.3843750000000001
2 0.5984375 0.3437500000000001 0.5890625 0.3437500000000001 0.5890625 0.37968750000000007 0.5984375 0.37968750000000007
3 0.60625 0.3750000000000001 0.596875 0.3750000000000001 0.596875 0.4171875 0.60625 0.4171875
2 0.6453125 0.38750000000000007 0.6359375 0.38750000000000007 0.6359375 0.428125 0.6453125 0.428125
2 0.19375000000000003 0.4 0.18437500000000004 0.4 0.18437500000000004 0.446875 0.19375000000000003 0.446875
2 0.521875 0.3921875000000001 0.5109375 0.3921875000000001 0.5109375 0.4296875 0.521875 0.4296875
2 0.734375 0.4218750000000001 0.7234375 0.421875 0.7234375 0.46562500000000007 0.734375 0.4656250000000002
2 0.32500000000000007 0.346875 0.3140625 0.346875 0.3140625 0.384375 0.32500000000000007 0.384375
2 0.4640625 0.43125 0.4515625 0.43125 0.4515625 0.475 0.4640625 0.475
2 0.75625 0.46875000000000017 0.746875 0.46875000000000017 0.746875 0.5156250000000002 0.75625 0.5156250000000002
3 0.984375 0.6015625000000002 0.965625 0.6015625000000002 0.965625 0.6671875000000002 0.984375 0.6671875000000002
2 0.4109375 0.3671875000000001 0.4015625 0.3671875000000001 0.4015625 0.4078125 0.4109375 0.4078125
2 0.6875 0.4625 0.6765625 0.4625 0.6765625 0.5125 0.6875 0.5125
2 0.56875 0.45625 0.55625 0.45625 0.55625 0.503125 0.56875 0.503125
2 0.21875000000000008 0.40625 0.2078125000000001 0.40625 0.2078125000000001 0.453125 0.21875000000000008 0.453125
2 0.2984375000000001 0.5015625 0.2843750000000001 0.5015625 0.2843750000000001 0.5578125 0.2984375000000001 0.5578125
2 0.496875 0.4953125 0.4859375 0.4953125 0.4859375 0.5515625 0.496875 0.5515625
2 0.3265625000000001 0.5140625 0.3125000000000001 0.5140625 0.3125000000000001 0.565625 0.3265625000000001 0.565625
2 0.58125 0.34843750000000007 0.5703125 0.34843750000000007 0.5703125 0.3921875000000001 0.58125 0.3921875000000001