2 0.14218750000000005 0.43125 0.13125000000000003 0.43125 0.13125000000000003 0.4703125 0.14218750000000005 0.4703125
1 0.14375000000000004 0.3203125 0.12968750000000004 0.3203125 0.12968750000000004 0.35625 0.14375000000000004 0.35625
2 0.3578125 0.284375 0.35 0.284375 0.35 0.315625 0.3578125 0.315625
2 0.3390625000000001 0.3796875 0.3265625000000001 0.3796875 0.3265625000000001 0.425 0.3390625000000001 0.425
2 0.303125 0.315625 0.2921875 0.315625 0.2921875 0.3546875 0.303125 0.3546875
2 0.17812500000000003 0.4375 0.16406250000000006 0.4375 0.16406250000000006 0.484375 0.17812500000000003 0.484375
2 0.2828125000000001 0.4328125 0.2640625000000001 0.4328125 0.2640625000000001 0.4796875 0.2828125000000001 0.4796875
2 0.671875 0.2968750000000001 0.6640625 0.2968750000000001 0.6640625 0.33281250000000007 0.671875 0.33281250000000007
2 0.8140625 0.3218750000000001 0.8046875 0.3218750000000001 0.8046875 0.3625000000000001 0.8140625 0.3625000000000001
2 0.3812500000000001 0.3671875000000001 0.3703125000000001 0.3671875000000001 0.3703125000000001 0.4109375 0.3812500000000001 0.4109375
2 0.66875 0.3781250000000001 0.6609375 0.3781250000000001 0.6609375 0.415625 0.66875 0.415625
2 0.571875 0.4703125 0.55625 0.4703125 0.55625 0.5125 0.571875 0.5125
2 0.7796875 0.3921875000000001 0.76875 0.3921875000000001 0.76875 0.4390625000000002 0.7796875 0.4390625000000002
2 0.34843750000000007 0.421875 0.3390625000000001 0.421875 0.3390625000000001 0.4671875 0.34843750000000007 0.4671875
2 0.26250000000000007 0.4828125 0.2468750000000001 0.4828125 0.2468750000000001 0.5328125 0.26250000000000007 0.5328125
3 0.3984375000000001 0.4234375 0.3859375000000001 0.4234375 0.3859375000000001 0.4703125 0.3984375000000001 0.4703125
2 0.8015625 0.5109375000000002 0.7875 0.5109375000000002 0.7875 0.5625000000000002 0.8015625 0.5625000000000002
2 0.828125 0.3375000000000001 0.815625 0.3375000000000001 0.815625 0.3781250000000001 0.828125 0.3781250000000001
2 0.2656250000000001 0.425 0.2484375000000001 0.425 0.2484375000000001 0.471875 0.2656250000000001 0.471875
2 0.809375 0.4312500000000002 0.79375 0.4312500000000002 0.79375 0.48750000000000016 0.809375 0.48750000000000016
2 0.5234375 0.5078125 0.5109375 0.5078125 0.5109375 0.5671875 0.5234375 0.5671875
3 0.928125 0.8171875 0.896875 0.8171875 0.896875 0.9015625 0.928125 0.9015625
2 0.634375 0.2718750000000001 0.621875 0.2718750000000001 0.621875 0.3031250000000001 0.634375 0.3031250000000001
3 0.41875 0.19843750000000004 0.409375 0.19843750000000004 0.409375 0.22812500000000008 0.41875 0.22812500000000008
0 0.3390625000000001 0.509375 0.3312500000000001 0.509375 0.3312500000000001 0.5234375 0.3390625000000001 0.5234375