3 0.3421875 0.225 0.334375 0.225 0.334375 0.2546875 0.3421875 0.2546875
2 0.2390625000000001 0.3828125 0.22812500000000008 0.3828125 0.22812500000000008 0.428125 0.2390625000000001 0.428125
2 0.425 0.28593750000000007 0.4171875 0.28593750000000007 0.4171875 0.31718750000000007 0.425 0.31718750000000007
2 0.60625 0.2953125000000001 0.596875 0.2953125000000001 0.596875 0.3343750000000001 0.60625 0.3343750000000001
2 0.6671875 0.3312500000000001 0.6546875 0.3312500000000001 0.6546875 0.3703125000000001 0.6671875 0.3703125000000001
2 0.4375 0.3437500000000001 0.428125 0.3437500000000001 0.428125 0.3828125000000001 0.4375 0.3828125000000001
2 0.2406250000000001 0.471875 0.22812500000000008 0.471875 0.22812500000000008 0.51875 0.2406250000000001 0.51875
2 0.6765625 0.2750000000000001 0.66875 0.2750000000000001 0.66875 0.3062500000000001 0.6765625 0.3062500000000001
2 0.628125 0.3078125000000001 0.615625 0.3078125000000001 0.615625 0.3421875000000001 0.628125 0.3421875000000001
2 0.546875 0.2750000000000001 0.5359375 0.2750000000000001 0.5359375 0.3078125000000001 0.546875 0.3078125000000001
2 0.6984375 0.3140625000000001 0.6890625 0.3140625000000001 0.6890625 0.3515625000000001 0.6984375 0.3515625000000001
2 0.4296875 0.3203125000000001 0.4171875 0.3203125000000001 0.4171875 0.3578125000000001 0.4296875 0.3578125000000001
2 0.3984375 0.2640625000000001 0.3890625 0.2640625000000001 0.3890625 0.3000000000000001 0.3984375 0.3000000000000001
2 0.8 0.3390625000000001 0.7890625 0.3390625000000001 0.7890625 0.3843750000000001 0.8 0.3843750000000001
3 0.609375 0.3453125000000001 0.6015625 0.3453125000000001 0.6015625 0.3906250000000001 0.609375 0.3906250000000001
2 0.703125 0.3843750000000001 0.690625 0.3843750000000001 0.690625 0.4296875 0.703125 0.4296875
2 0.4828125 0.4578125 0.4703125 0.4578125 0.4703125 0.51875 0.4828125 0.51875
2 0.2328125000000001 0.421875 0.21875000000000008 0.421875 0.21875000000000008 0.4796875 0.2328125000000001 0.4796875
2 0.278125 0.3046875 0.2671875 0.3046875 0.2671875 0.3453125 0.278125 0.3453125
2 0.3625000000000001 0.38125 0.3531250000000001 0.38125 0.3531250000000001 0.428125 0.3625000000000001 0.428125
2 0.78125 0.4265625000000002 0.7703125 0.4265625000000002 0.7703125 0.4828125000000002 0.78125 0.4828125000000002
2 0.40625 0.540625 0.38750000000000007 0.540625 0.38750000000000007 0.603125 0.40625 0.603125