2 0.5765625 0.3156250000000001 0.5671875 0.3156250000000001 0.5671875 0.3453125000000001 0.5765625 0.3453125000000001
2 0.33125000000000004 0.35625 0.31875 0.35625 0.31875000000000003 0.4 0.3312500000000001 0.4
2 0.18125000000000005 0.465625 0.16406250000000006 0.465625 0.16406250000000006 0.5171875 0.18125000000000005 0.5171875
2 0.66875 0.3234375000000001 0.6578125 0.3234375000000001 0.6578125 0.3593750000000001 0.66875 0.3593750000000001
2 0.496875 0.3828125000000001 0.4765625 0.3828125000000001 0.4765625 0.41875 0.496875 0.41875
1 0.03125000000000005 0.378125 0.018750000000000044 0.378125 0.018750000000000048 0.421875 0.031250000000000056 0.421875
2 0.4171875 0.2968750000000001 0.4078125 0.2968750000000001 0.4078125 0.33281250000000007 0.4171875 0.33281250000000007
2 0.6015625 0.3984375000000001 0.590625 0.3984375000000001 0.590625 0.4453125 0.6015625 0.4453125
2 0.2687500000000001 0.6109375 0.2562500000000001 0.6109375 0.2562500000000001 0.665625 0.2687500000000001 0.665625
2 0.4671875 0.4109375 0.45625 0.4109375 0.45625 0.45 0.4671875 0.45
2 0.4515625 0.5109375 0.4390625 0.5109375 0.4390625 0.5640625 0.4515625 0.5640625
2 0.21093750000000008 0.4765625 0.2015625000000001 0.4765625 0.2015625000000001 0.528125 0.21093750000000008 0.528125
2 0.3203125000000001 0.3703125 0.3078125000000001 0.3703125 0.3078125000000001 0.40625 0.3203125000000001 0.40625
2 0.7265625 0.3984375000000001 0.7171875 0.3984375000000001 0.7171875 0.44218750000000007 0.7265625 0.4421875000000002
3 0.4890625 0.421875 0.478125 0.421875 0.478125 0.471875 0.4890625 0.471875
2 0.6953125 0.6109375 0.6765625 0.6109375 0.6765625 0.678125 0.6953125 0.678125
2 0.3281250000000001 0.5859375 0.3140625000000001 0.5859375 0.3140625000000001 0.640625 0.3281250000000001 0.640625
2 0.6875 0.44375 0.675 0.44375 0.675 0.490625 0.6875 0.490625
2 0.51875 0.471875 0.5015625 0.471875 0.5015625 0.5234375 0.51875 0.5234375
2 0.715625 0.5421875 0.696875 0.5421875 0.696875 0.6015625 0.715625 0.6015625
3 0.9140625 0.7546875000000002 0.890625 0.7546875000000002 0.890625 0.8265625 0.9140625 0.8265625
3 0.321875 0.25 0.3125 0.25 0.3125 0.2796875 0.321875 0.2796875
0 0.4828125 0.3859375000000001 0.478125 0.3859375000000001 0.478125 0.3937500000000001 0.4828125 0.3937500000000001
2 0.4640625 0.3984375000000001 0.4546875 0.3984375000000001 0.4546875 0.434375 0.4640625 0.434375
2 0.7234375 0.3859375000000001 0.715625 0.3859375000000001 0.715625 0.428125 0.7234375 0.428125