2 0.4765625 0.3343750000000001 0.4609375 0.3343750000000001 0.4609375 0.37187500000000007 0.4765625 0.37187500000000007
2 0.4640625 0.2765625000000001 0.4546875 0.2765625000000001 0.4546875 0.3109375000000001 0.4640625 0.3109375000000001
2 0.55 0.2671875000000001 0.5421875 0.2671875000000001 0.5421875 0.2968750000000001 0.55 0.2968750000000001
2 0.35 0.290625 0.3421875 0.290625 0.3421875 0.3296875 0.35 0.3296875
2 0.37500000000000006 0.35625000000000007 0.365625 0.35625000000000007 0.36562500000000003 0.3906250000000001 0.3750000000000001 0.3906250000000001
2 0.2812500000000001 0.3703125 0.2671875000000001 0.3703125 0.2671875000000001 0.415625 0.2812500000000001 0.415625
2 0.58125 0.2953125000000001 0.571875 0.2953125000000001 0.571875 0.3359375000000001 0.58125 0.3359375000000001
2 0.6015625 0.3375000000000001 0.5890625 0.3375000000000001 0.5890625 0.3765625000000001 0.6015625 0.3765625000000001
2 0.4765625 0.4046875 0.465625 0.4046875 0.465625 0.4515625 0.4765625 0.4515625
2 0.34375 0.2875 0.334375 0.2875 0.334375 0.328125 0.34375 0.328125
2 0.421875 0.3203125000000001 0.4125 0.3203125000000001 0.4125 0.35625000000000007 0.421875 0.35625000000000007
2 0.7078125 0.3921875000000001 0.6984375 0.3921875000000001 0.6984375 0.4421875 0.7078125 0.4421875
3 0.51875 0.3390625000000001 0.509375 0.3390625000000001 0.509375 0.3828125000000001 0.51875 0.3828125000000001
2 0.2640625000000001 0.3828125 0.2531250000000001 0.3828125 0.2531250000000001 0.434375 0.2640625000000001 0.434375
2 0.265625 0.3171875 0.2546875 0.3171875 0.2546875 0.35625 0.265625 0.35625
2 0.66875 0.3343750000000001 0.6578125 0.3343750000000001 0.6578125 0.37968750000000007 0.66875 0.37968750000000007
2 0.55625 0.3078125000000001 0.5421875 0.3078125000000001 0.5421875 0.3468750000000001 0.55625 0.3468750000000001
2 0.64375 0.3296875000000001 0.634375 0.3296875000000001 0.634375 0.3703125000000001 0.64375 0.3703125000000001
2 0.2765625000000001 0.4484375 0.2656250000000001 0.4484375 0.2656250000000001 0.5046875 0.2765625000000001 0.5046875
2 0.553125 0.3750000000000001 0.540625 0.3750000000000001 0.540625 0.41875 0.553125 0.41875
2 0.4328125 0.4890625 0.4171875 0.4890625 0.4171875 0.546875 0.4328125 0.546875
3 0.9171875 0.7578125000000002 0.89375 0.7578125000000002 0.89375 0.8421875 0.9171875 0.8421875
0 0.4890625 0.34843750000000007 0.48125 0.34843750000000007 0.48125 0.3625000000000001 0.4890625 0.3625000000000001
3 0.2953125 0.2234375 0.284375 0.2234375 0.284375 0.2625 0.2953125 0.2625