2 0.478125 0.34843750000000007 0.4671875 0.34843750000000007 0.4671875 0.38750000000000007 0.478125 0.38750000000000007
2 0.4671875 0.2578125000000001 0.4609375 0.2578125000000001 0.4609375 0.2890625000000001 0.4671875 0.2890625000000001
1 0.04062500000000004 0.3421875 0.025000000000000043 0.3421875 0.025000000000000043 0.3859375 0.04062500000000004 0.3859375
2 0.3578125 0.2703125 0.35 0.2703125 0.35 0.3046875 0.3578125 0.3046875
2 0.31562500000000004 0.340625 0.3078125 0.340625 0.30781250000000004 0.384375 0.3156250000000001 0.384375
2 0.2796875000000001 0.4453125 0.2671875000000001 0.4453125 0.2671875000000001 0.490625 0.2796875000000001 0.490625
2 0.415625 0.6046875 0.3921875000000001 0.6046875 0.3921875000000001 0.65625 0.415625 0.65625
2 0.540625 0.3062500000000001 0.53125 0.3062500000000001 0.53125 0.3468750000000001 0.540625 0.3468750000000001
2 0.6578125 0.34062500000000007 0.6484375 0.34062500000000007 0.6484375 0.3859375000000001 0.6578125 0.3859375000000001
2 0.784375 0.4625000000000002 0.771875 0.4625000000000002 0.771875 0.5187500000000002 0.784375 0.5187500000000002
2 0.7234375 0.6375 0.7046875 0.6375 0.7046875 0.70625 0.7234375 0.70625
2 0.6875 0.4890625 0.671875 0.4890625 0.671875 0.540625 0.6875 0.540625
2 0.3921875 0.2562500000000001 0.384375 0.2562500000000001 0.384375 0.2906250000000001 0.3921875 0.2906250000000001
2 0.30781250000000004 0.340625 0.296875 0.340625 0.29687500000000006 0.384375 0.3078125000000001 0.384375
2 0.6125 0.4859375 0.596875 0.4859375 0.596875 0.5359375 0.6125 0.5359375
3 0.434375 0.3843750000000001 0.425 0.3843750000000001 0.425 0.4296875 0.434375 0.4296875
2 0.3125000000000001 0.471875 0.30156250000000007 0.471875 0.30156250000000007 0.51875 0.3125000000000001 0.51875
2 0.7453125 0.2828125000000001 0.7375 0.2828125000000001 0.7375 0.3218750000000001 0.7453125 0.3218750000000001
2 0.7968750000000001 0.6718750000000002 0.7796875 0.6718750000000002 0.7796875000000001 0.7406250000000002 0.7968750000000002 0.7406250000000002
2 0.8671875 0.44531250000000017 0.8484375 0.44531250000000017 0.8484375 0.4984375000000002 0.8671875 0.4984375000000002
0 0.784375 0.7218750000000002 0.7765625 0.7218750000000002 0.7765625 0.7359375000000001 0.7843750000000002 0.7359375000000001
2 0.559375 0.2140625000000001 0.55 0.2140625000000001 0.55 0.2484375000000001 0.559375 0.2484375000000001
3 0.365625 0.19843750000000004 0.3578125 0.19843750000000004 0.3578125 0.23125000000000004 0.365625 0.2312500000000001
2 0.3968750000000001 0.5890625 0.3812500000000001 0.5890625 0.3812500000000001 0.646875 0.3968750000000001 0.646875