1 0.775 0.2968750000000001 0.765625 0.2968750000000001 0.765625 0.3265625000000001 0.775 0.3265625000000001
1 0.012500000000000048 0.3828125 4.6881010279859617e-17 0.3828125 4.9368574090627673e-17 0.4234375 0.01250000000000005 0.4234375
2 0.28593750000000007 0.346875 0.278125 0.346875 0.27812500000000007 0.3859375 0.28593750000000007 0.3859375
2 0.4328125 0.30156250000000007 0.4265625 0.30156250000000007 0.4265625 0.3343750000000001 0.4328125 0.3343750000000001
2 0.3140625 0.278125 0.3078125 0.278125 0.3078125 0.3078125 0.3140625 0.3078125
2 0.27812500000000007 0.378125 0.2687500000000001 0.378125 0.2687500000000001 0.4203125 0.27812500000000007 0.4203125
2 0.459375 0.2562500000000001 0.453125 0.2562500000000001 0.453125 0.2843750000000001 0.459375 0.2843750000000001
2 0.590625 0.2968750000000001 0.5828125 0.2968750000000001 0.5828125 0.33281250000000007 0.590625 0.33281250000000007
2 0.3265625 0.2796875 0.3203125 0.2796875 0.3203125 0.309375 0.3265625 0.309375
2 0.26250000000000007 0.4875 0.2531250000000001 0.4875 0.2531250000000001 0.5359375 0.26250000000000007 0.5359375
2 0.684375 0.2484375000000001 0.675 0.2484375000000001 0.675 0.27812500000000007 0.684375 0.27812500000000007
2 0.55 0.3578125000000001 0.540625 0.3578125000000001 0.540625 0.3968750000000001 0.55 0.3968750000000001
2 0.8265625 0.3812500000000001 0.8125 0.3812500000000001 0.8125 0.42187500000000017 0.8265625 0.42187500000000017
2 0.7015625 0.3421875000000001 0.6921875 0.3421875000000001 0.6921875 0.3812500000000001 0.7015625 0.3812500000000001
2 0.6265625 0.3625000000000001 0.6171875 0.3625000000000001 0.6171875 0.4015625 0.6265625 0.4015625
2 0.3359375000000001 0.4421875 0.3234375000000001 0.4421875 0.3234375000000001 0.490625 0.3359375000000001 0.490625
3 0.38750000000000007 0.35625000000000007 0.378125 0.35625000000000007 0.37812500000000004 0.39531250000000007 0.38750000000000007 0.39531250000000007
2 0.2921875000000001 0.6359375 0.2765625000000001 0.6359375 0.2765625000000001 0.6921875 0.2921875000000001 0.6921875
2 0.6390625 0.58125 0.6203125 0.58125 0.6203125 0.640625 0.6390625 0.640625
2 0.5296875 0.4828125 0.5171875 0.4828125 0.5171875 0.534375 0.5296875 0.534375
3 0.309375 0.2265625 0.2984375 0.2265625 0.2984375 0.2625 0.309375 0.2625
2 0.28906250000000006 0.33125 0.28125 0.33125 0.28125000000000006 0.3703125 0.2890625000000001 0.3703125
2 0.553125 0.2218750000000001 0.54375 0.2218750000000001 0.54375 0.2515625000000001 0.553125 0.2515625000000001
2 0.4359375 0.2843750000000001 0.4265625 0.2843750000000001 0.4265625 0.3187500000000001 0.4359375 0.3187500000000001
0 0.765625 0.3203125000000001 0.7609375 0.3203125000000001 0.7609375 0.3296875000000001 0.765625 0.3296875000000001