0 0.621875 0.5 0.61875 0.5 0.61875 0.5078125 0.621875 0.5078125
2 0.540625 0.4546875 0.5328125 0.4546875 0.5328125 0.484375 0.540625 0.484375
2 0.2718750000000001 0.4921875 0.2656250000000001 0.4921875 0.2656250000000001 0.5359375 0.2718750000000001 0.5359375
2 0.6015625 0.4421875 0.5953125 0.4421875 0.5953125 0.46875 0.6015625 0.46875
2 0.40625 0.5140625 0.3906250000000001 0.5140625 0.3906250000000001 0.5640625 0.40625 0.5640625
2 0.64375 0.4546875 0.6390625 0.4546875 0.6390625 0.4859375 0.64375 0.4859375
2 0.3343750000000001 0.4828125 0.3265625000000001 0.4828125 0.3265625000000001 0.5203125 0.3343750000000001 0.5203125
2 0.23593750000000008 0.5296875 0.2296875000000001 0.5296875 0.2296875000000001 0.578125 0.23593750000000008 0.578125
2 0.7109375 0.540625 0.7046875 0.540625 0.7046875 0.6 0.7109375 0.6
2 0.540625 0.5453125 0.5234375 0.5453125 0.5234375 0.6140625 0.540625 0.6140625
2 0.6328125 0.46875 0.628125 0.46875 0.628125 0.509375 0.6328125 0.509375
2 0.36406250000000007 0.45 0.3609375000000001 0.45 0.3609375000000001 0.471875 0.36406250000000007 0.471875
2 0.58125 0.4859375 0.5703125 0.4859375 0.5703125 0.53125 0.58125 0.53125
2 0.2328125000000001 0.4859375 0.22812500000000008 0.4859375 0.22812500000000008 0.509375 0.2328125000000001 0.509375
2 0.78125 0.47187500000000016 0.778125 0.47187500000000016 0.778125 0.4968750000000002 0.78125 0.4968750000000002
2 0.45625 0.4671875 0.4453125 0.4671875 0.4453125 0.5078125 0.45625 0.5078125
2 0.45625 0.4421875 0.4515625 0.4421875 0.4515625 0.4671875 0.45625 0.4671875
2 0.4390625 0.4953125 0.4265625 0.4953125 0.4265625 0.540625 0.4390625 0.540625
2 0.4453125 0.465625 0.4390625 0.465625 0.4390625 0.5046875 0.4453125 0.5046875
2 0.3296875000000001 0.4625 0.3265625000000001 0.4625 0.3265625000000001 0.4890625 0.3296875000000001 0.4890625
2 0.6515625 0.4625 0.6484375 0.4625 0.6484375 0.496875 0.6515625 0.496875
2 0.5984375 0.490625 0.590625 0.490625 0.590625 0.54375 0.5984375 0.54375
2 0.3421875000000001 0.7125 0.3125000000000001 0.7125 0.3125000000000001 0.8296875 0.3421875000000001 0.8296875