0 0.6234375 0.5015625 0.6203125 0.5015625 0.6203125 0.5046875 0.6234375 0.5046875
2 0.5859375 0.484375 0.5734375 0.484375 0.5734375 0.53125 0.5859375 0.53125
2 0.2718750000000001 0.4921875 0.2656250000000001 0.4921875 0.2656250000000001 0.5375 0.2718750000000001 0.5375
2 0.5390625 0.540625 0.5234375 0.540625 0.5234375 0.6140625 0.5390625 0.6140625
2 0.64375 0.4546875 0.640625 0.4546875 0.640625 0.4859375 0.64375 0.4859375
2 0.6015625 0.4421875 0.596875 0.4421875 0.596875 0.46875 0.6015625 0.46875
2 0.4421875 0.46875 0.4359375 0.46875 0.4359375 0.503125 0.4421875 0.503125
2 0.7109375 0.540625 0.7046875 0.540625 0.7046875 0.6015625 0.7109375 0.6015625
2 0.54375 0.4546875 0.534375 0.4546875 0.534375 0.4828125 0.54375 0.4828125
2 0.23593750000000008 0.528125 0.22812500000000008 0.528125 0.22812500000000008 0.5765625 0.23593750000000008 0.5765625
2 0.36406250000000007 0.4484375 0.3593750000000001 0.4484375 0.3593750000000001 0.471875 0.36406250000000007 0.471875
2 0.3343750000000001 0.48125 0.3281250000000001 0.48125 0.3281250000000001 0.5203125 0.3343750000000001 0.5203125
2 0.63125 0.4671875 0.6265625 0.4671875 0.6265625 0.5078125 0.63125 0.5078125
2 0.4578125 0.4671875 0.4484375 0.4671875 0.4484375 0.509375 0.4578125 0.509375
2 0.78125 0.47187500000000016 0.778125 0.47187500000000016 0.778125 0.4968750000000002 0.78125 0.4968750000000002
2 0.403125 0.5078125 0.38750000000000007 0.5078125 0.38750000000000007 0.5671875 0.403125 0.5671875
2 0.5984375 0.49375 0.590625 0.49375 0.590625 0.54375 0.5984375 0.54375
2 0.4359375 0.496875 0.4234375 0.496875 0.4234375 0.540625 0.4359375 0.540625
2 0.2328125000000001 0.4859375 0.22812500000000008 0.4859375 0.22812500000000008 0.509375 0.2328125000000001 0.509375
2 0.6515625 0.4609375 0.6484375 0.4609375 0.6484375 0.5 0.6515625 0.5
2 0.3296875000000001 0.4609375 0.3265625000000001 0.4609375 0.3265625000000001 0.484375 0.3296875000000001 0.484375
2 0.4578125 0.44375 0.453125 0.44375 0.453125 0.4671875 0.4578125 0.4671875
2 0.3343750000000001 0.70625 0.30937500000000007 0.70625 0.30937500000000007 0.8421875 0.3343750000000001 0.8421875