0 0.6234375 0.4984375 0.6203125 0.4984375 0.6203125 0.5046875 0.6234375 0.5046875
2 0.27031250000000007 0.49375 0.2640625000000001 0.49375 0.2640625000000001 0.5390625 0.27031250000000007 0.5390625
2 0.55 0.45625 0.54375 0.45625 0.54375 0.484375 0.55 0.484375
2 0.5390625 0.534375 0.525 0.534375 0.525 0.6046875 0.5390625 0.6046875
2 0.64375 0.4546875 0.6390625 0.4546875 0.6390625 0.4859375 0.64375 0.4859375
2 0.4390625 0.465625 0.434375 0.465625 0.434375 0.5046875 0.4390625 0.5046875
2 0.3890625000000001 0.509375 0.37968750000000007 0.509375 0.37968750000000007 0.565625 0.3890625000000001 0.565625
2 0.465625 0.4640625 0.45625 0.4640625 0.45625 0.5109375 0.465625 0.5109375
2 0.5890625 0.48125 0.58125 0.48125 0.58125 0.525 0.5890625 0.525
2 0.6515625 0.4609375 0.646875 0.4609375 0.646875 0.4984375 0.6515625 0.4984375
2 0.5984375 0.440625 0.5953125 0.440625 0.5953125 0.4671875 0.5984375 0.4671875
2 0.3343750000000001 0.48125 0.3265625000000001 0.48125 0.3265625000000001 0.5234375 0.3343750000000001 0.5234375
2 0.63125 0.4671875 0.625 0.4671875 0.625 0.5078125 0.63125 0.5078125
2 0.459375 0.4421875 0.4546875 0.4421875 0.4546875 0.46875 0.459375 0.46875
2 0.2328125000000001 0.5328125 0.22656250000000008 0.5328125 0.22656250000000008 0.5796875 0.2328125000000001 0.5796875
2 0.2328125000000001 0.484375 0.2296875000000001 0.484375 0.2296875000000001 0.5109375 0.2328125000000001 0.5109375
2 0.7078125 0.5390625 0.7015625 0.5390625 0.7015625 0.6015625 0.7078125 0.6015625
2 0.425 0.496875 0.415625 0.496875 0.415625 0.540625 0.425 0.540625
2 0.78125 0.47187500000000016 0.778125 0.47187500000000016 0.778125 0.4968750000000002 0.78125 0.4968750000000002
2 0.3312500000000001 0.4609375 0.3281250000000001 0.4609375 0.3281250000000001 0.484375 0.3312500000000001 0.484375
2 0.3671875000000001 0.446875 0.3625000000000001 0.446875 0.3625000000000001 0.46875 0.3671875000000001 0.46875
2 0.32500000000000007 0.6953125 0.30156250000000007 0.6953125 0.30156250000000007 0.8265625 0.32500000000000007 0.8265625
2 0.4671875 0.4234375 0.4625 0.4234375 0.4625 0.4484375 0.4671875 0.4484375
2 0.6015625 0.490625 0.5921875 0.490625 0.5921875 0.546875 0.6015625 0.546875