0 0.6140625 0.496875 0.6109375 0.496875 0.6109375 0.503125 0.6140625 0.503125
2 0.2640625000000001 0.4953125 0.2578125000000001 0.4953125 0.2578125000000001 0.5390625 0.2640625000000001 0.5390625
2 0.5390625 0.525 0.5265625 0.525 0.5265625 0.590625 0.5390625 0.590625
2 0.64375 0.453125 0.6390625 0.453125 0.6390625 0.484375 0.64375 0.484375
2 0.65 0.4609375 0.6453125 0.4609375 0.6453125 0.4953125 0.65 0.4953125
2 0.703125 0.5375 0.696875 0.5375 0.696875 0.6 0.703125 0.6
2 0.628125 0.46875 0.615625 0.46875 0.615625 0.50625 0.628125 0.50625
2 0.403125 0.4953125 0.3906250000000001 0.4953125 0.3906250000000001 0.5390625 0.403125 0.5390625
2 0.3656250000000001 0.5109375 0.3515625000000001 0.5109375 0.3515625000000001 0.5640625 0.3656250000000001 0.5640625
2 0.56875 0.459375 0.5625 0.459375 0.5625 0.490625 0.56875 0.490625
2 0.484375 0.46875 0.475 0.46875 0.475 0.509375 0.484375 0.509375
2 0.4625 0.4421875 0.45625 0.4421875 0.45625 0.46875 0.4625 0.46875
2 0.3343750000000001 0.484375 0.32500000000000007 0.484375 0.32500000000000007 0.528125 0.3343750000000001 0.528125
2 0.2218750000000001 0.534375 0.2171875000000001 0.534375 0.2171875000000001 0.58125 0.2218750000000001 0.58125
2 0.59375 0.440625 0.5890625 0.440625 0.5890625 0.4640625 0.59375 0.4640625
2 0.4265625 0.4671875 0.421875 0.4671875 0.421875 0.5046875 0.4265625 0.5046875
2 0.23437500000000008 0.4859375 0.2312500000000001 0.4859375 0.2312500000000001 0.5109375 0.23437500000000008 0.5109375
2 0.3750000000000001 0.446875 0.3687500000000001 0.446875 0.3687500000000001 0.471875 0.3750000000000001 0.471875
2 0.7796875 0.47187500000000016 0.7765625 0.47187500000000016 0.7765625 0.49531250000000016 0.7796875 0.49531250000000016
2 0.33281250000000007 0.4625 0.3296875000000001 0.4625 0.3296875000000001 0.4890625 0.33281250000000007 0.4890625
2 0.6046875 0.478125 0.5921875 0.478125 0.5921875 0.5078125 0.6046875 0.5078125
2 0.2968750000000001 0.678125 0.2750000000000001 0.678125 0.2750000000000001 0.7875 0.2968750000000001 0.7875
2 0.6046875 0.4921875 0.5953125 0.4921875 0.5953125 0.5390625 0.6046875 0.5390625