2 0.4796875 0.4609375 0.4734375 0.4609375 0.4734375 0.49375 0.4796875 0.49375
2 0.38750000000000007 0.54375 0.3781250000000001 0.54375 0.3781250000000001 0.6140625 0.38750000000000007 0.6140625
2 0.6984375 0.5390625 0.6890625 0.5390625 0.6890625 0.6140625 0.6984375 0.6140625
2 0.83125 0.5671875000000002 0.8234375 0.5671875000000002 0.8234375 0.6296875000000002 0.83125 0.6296875000000002
2 0.7140625 0.465625 0.7078125 0.465625 0.7078125 0.4984375 0.7140625 0.4984375
2 0.7421875 0.5531250000000002 0.734375 0.5531250000000002 0.734375 0.6187500000000001 0.7421875 0.6187500000000001
2 0.6234375 0.4640625 0.615625 0.4640625 0.615625 0.503125 0.6234375 0.503125
2 0.22031250000000008 0.5234375 0.2140625000000001 0.5234375 0.2140625000000001 0.565625 0.22031250000000008 0.565625
2 0.75625 0.5437500000000002 0.746875 0.5437500000000002 0.746875 0.6093750000000002 0.75625 0.6093750000000002
2 0.35625000000000007 0.546875 0.3468750000000001 0.546875 0.3468750000000001 0.6234375 0.35625000000000007 0.6234375
2 0.80625 0.4734375000000002 0.803125 0.4734375000000002 0.803125 0.4984375000000002 0.80625 0.4984375000000002
2 0.665625 0.5546875 0.653125 0.5546875 0.653125 0.6359375 0.665625 0.6359375
2 0.896875 0.5984375000000002 0.8875 0.5984375000000002 0.8875 0.6671875000000002 0.896875 0.6671875000000002
2 0.6546875 0.5171875 0.646875 0.5171875 0.646875 0.5765625 0.6546875 0.5765625
2 0.865625 0.5578125000000002 0.85625 0.5578125000000002 0.85625 0.6078125000000002 0.865625 0.6078125000000002
2 0.784375 0.5031250000000002 0.7796875 0.5031250000000002 0.7796875 0.5468750000000002 0.784375 0.5468750000000002
2 0.65625 0.4421875 0.6515625 0.4421875 0.6515625 0.4671875 0.65625 0.4671875
2 0.8578125 0.5515625000000002 0.8484375 0.5515625000000002 0.8484375 0.6015625000000002 0.8578125 0.6015625000000002
2 0.85 0.5671875000000002 0.840625 0.5671875000000002 0.840625 0.6328125000000002 0.85 0.6328125000000002
2 0.8859375 0.6187500000000001 0.875 0.6187500000000001 0.875 0.6984375000000002 0.8859375 0.6984375000000002
2 0.8984375 0.5906250000000002 0.890625 0.5906250000000002 0.890625 0.6328125000000002 0.8984375 0.6328125000000002
2 0.3234375000000001 0.7046875 0.3031250000000001 0.7046875 0.3031250000000001 0.85625 0.3234375000000001 0.85625