0 0.2640625000000001 0.4734375 0.2609375000000001 0.4734375 0.2609375000000001 0.48125 0.2640625000000001 0.48125
2 0.3984375000000001 0.5078125 0.3906250000000001 0.5078125 0.3906250000000001 0.55625 0.3984375000000001 0.55625
2 0.3078125000000001 0.5 0.3000000000000001 0.5 0.3000000000000001 0.5421875 0.3078125000000001 0.5421875
2 0.459375 0.44375 0.453125 0.44375 0.453125 0.4703125 0.459375 0.4703125
2 0.2562500000000001 0.515625 0.2500000000000001 0.515625 0.2500000000000001 0.5625 0.2562500000000001 0.5625
2 0.21250000000000008 0.5703125 0.2000000000000001 0.5703125 0.2000000000000001 0.6171875 0.21250000000000008 0.6171875
2 0.446875 0.490625 0.4328125 0.490625 0.4328125 0.540625 0.446875 0.540625
2 0.2890625000000001 0.503125 0.2828125000000001 0.503125 0.2828125000000001 0.55 0.2890625000000001 0.55
2 0.546875 0.54375 0.5296875 0.54375 0.5296875 0.6078125 0.546875 0.6078125
2 0.2062500000000001 0.5296875 0.2000000000000001 0.5296875 0.2000000000000001 0.5671875 0.2062500000000001 0.5671875
2 0.3984375000000001 0.478125 0.3921875000000001 0.478125 0.3921875000000001 0.5203125 0.3984375000000001 0.5203125
2 0.3156250000000001 0.48125 0.3109375000000001 0.48125 0.3109375000000001 0.5109375 0.3156250000000001 0.5109375
2 0.27031250000000007 0.4796875 0.2640625000000001 0.4796875 0.2640625000000001 0.5109375 0.27031250000000007 0.5109375
2 0.5890625 0.4859375 0.58125 0.4859375 0.58125 0.5296875 0.5890625 0.5296875
2 0.20468750000000008 0.49375 0.2000000000000001 0.49375 0.2000000000000001 0.51875 0.20468750000000008 0.51875
2 0.521875 0.459375 0.5140625 0.459375 0.5140625 0.50625 0.521875 0.50625
2 0.5296875 0.459375 0.521875 0.459375 0.521875 0.49375 0.5296875 0.49375
2 0.20312500000000008 0.5140625 0.19687500000000005 0.5140625 0.19687500000000008 0.5515625 0.20312500000000008 0.5515625
2 0.5234375 0.440625 0.5171875 0.440625 0.5171875 0.4703125 0.5234375 0.4703125
2 0.7703125 0.4703125000000002 0.7671875 0.4703125000000002 0.7671875 0.4937500000000002 0.7703125 0.4937500000000002
2 0.3968750000000001 0.4390625 0.3937500000000001 0.4390625 0.3937500000000001 0.4515625 0.3968750000000001 0.4515625
2 0.5703125 0.459375 0.5625 0.459375 0.5625 0.496875 0.5703125 0.496875
2 0.5890625 0.46875 0.5796875 0.46875 0.5796875 0.5015625 0.5890625 0.5015625
2 0.3125000000000001 0.4625 0.30937500000000007 0.4625 0.30937500000000007 0.4875 0.3125000000000001 0.4875