0 0.2734375000000001 0.4796875 0.27031250000000007 0.4796875 0.27031250000000007 0.4875 0.2734375000000001 0.4875
2 0.3046875000000001 0.5 0.2984375000000001 0.5 0.2984375000000001 0.5453125 0.3046875000000001 0.5453125
2 0.2890625000000001 0.5078125 0.2828125000000001 0.5078125 0.2828125000000001 0.553125 0.2890625000000001 0.553125
2 0.2687500000000001 0.4796875 0.2640625000000001 0.4796875 0.2640625000000001 0.5109375 0.2687500000000001 0.5109375
2 0.56875 0.459375 0.5609375 0.459375 0.5609375 0.4984375 0.56875 0.4984375
2 0.21250000000000008 0.56875 0.20312500000000008 0.56875 0.20312500000000008 0.615625 0.21250000000000008 0.615625
2 0.459375 0.44375 0.453125 0.44375 0.453125 0.4734375 0.459375 0.4734375
2 0.3937500000000001 0.4796875 0.38750000000000007 0.4796875 0.38750000000000007 0.51875 0.3937500000000001 0.51875
2 0.53125 0.5484375 0.51875 0.5484375 0.51875 0.60625 0.53125 0.60625
2 0.2578125000000001 0.51875 0.2515625000000001 0.51875 0.2515625000000001 0.5625 0.2578125000000001 0.5625
2 0.3140625000000001 0.484375 0.30937500000000007 0.484375 0.30937500000000007 0.5140625 0.3140625000000001 0.5140625
2 0.2062500000000001 0.5296875 0.2000000000000001 0.5296875 0.2000000000000001 0.5671875 0.2062500000000001 0.5671875
2 0.4390625 0.4890625 0.43125 0.4890625 0.43125 0.5453125 0.4390625 0.5453125
2 0.51875 0.4625 0.509375 0.4625 0.509375 0.5015625 0.51875 0.5015625
2 0.3125000000000001 0.4625 0.30937500000000007 0.4625 0.30937500000000007 0.4875 0.3125000000000001 0.4875
2 0.20312500000000008 0.4984375 0.2000000000000001 0.4984375 0.2000000000000001 0.5171875 0.20312500000000008 0.5171875
2 0.20312500000000008 0.5203125 0.19687500000000005 0.5203125 0.19687500000000008 0.5546875 0.20312500000000008 0.5546875
2 0.39531250000000007 0.5078125 0.3828125000000001 0.5078125 0.3828125000000001 0.5609375 0.39531250000000007 0.5609375
2 0.521875 0.44375 0.515625 0.44375 0.515625 0.4703125 0.521875 0.4703125
2 0.528125 0.4609375 0.515625 0.4609375 0.515625 0.49375 0.528125 0.49375
2 0.5875 0.46875 0.5796875 0.46875 0.5796875 0.5296875 0.5875 0.5296875
2 0.7703125 0.47187500000000016 0.7671875 0.47187500000000016 0.7671875 0.4968750000000002 0.7703125 0.4968750000000002