0 0.27812500000000007 0.48125 0.2750000000000001 0.48125 0.2750000000000001 0.490625 0.27812500000000007 0.490625
2 0.3062500000000001 0.5015625 0.2984375000000001 0.5015625 0.2984375000000001 0.546875 0.3062500000000001 0.546875
2 0.3921875000000001 0.5125 0.37968750000000007 0.5125 0.37968750000000007 0.5625 0.3921875000000001 0.5625
2 0.4359375 0.4921875 0.428125 0.4921875 0.428125 0.540625 0.4359375 0.540625
2 0.2890625000000001 0.509375 0.2828125000000001 0.509375 0.2828125000000001 0.553125 0.2890625000000001 0.553125
2 0.2578125000000001 0.5171875 0.2515625000000001 0.5171875 0.2515625000000001 0.565625 0.2578125000000001 0.565625
2 0.459375 0.44375 0.453125 0.44375 0.453125 0.471875 0.459375 0.471875
2 0.56875 0.4609375 0.5609375 0.4609375 0.5609375 0.4984375 0.56875 0.4984375
2 0.5171875 0.4640625 0.50625 0.4640625 0.50625 0.5046875 0.5171875 0.5046875
2 0.2671875000000001 0.48125 0.26250000000000007 0.48125 0.26250000000000007 0.5125 0.2671875000000001 0.5125
2 0.3125000000000001 0.484375 0.3078125000000001 0.484375 0.3078125000000001 0.5125 0.3125000000000001 0.5125
2 0.521875 0.4625 0.5140625 0.4625 0.5140625 0.4921875 0.521875 0.4921875
2 0.3937500000000001 0.48125 0.3859375000000001 0.48125 0.3859375000000001 0.5203125 0.3937500000000001 0.5203125
2 0.7703125 0.4703125000000002 0.7671875 0.4703125000000002 0.7671875 0.49531250000000016 0.7703125 0.49531250000000016
2 0.2140625000000001 0.56875 0.20468750000000008 0.56875 0.20468750000000008 0.6140625 0.2140625000000001 0.6140625
2 0.20312500000000008 0.4984375 0.2000000000000001 0.4984375 0.2000000000000001 0.5171875 0.20312500000000008 0.5171875
2 0.5875 0.471875 0.5796875 0.471875 0.5796875 0.5015625 0.5875 0.5015625
2 0.2062500000000001 0.53125 0.19843750000000004 0.53125 0.19843750000000007 0.565625 0.2062500000000001 0.565625
2 0.3937500000000001 0.440625 0.3906250000000001 0.440625 0.3906250000000001 0.4578125 0.3937500000000001 0.4578125
2 0.3125000000000001 0.4625 0.3078125000000001 0.4625 0.3078125000000001 0.4890625 0.3125000000000001 0.4890625
2 0.528125 0.5453125 0.5125 0.5453125 0.5125 0.609375 0.528125 0.609375
2 0.5859375 0.48125 0.5796875 0.48125 0.5796875 0.534375 0.5859375 0.534375
2 0.20312500000000008 0.521875 0.19687500000000005 0.521875 0.19687500000000008 0.55625 0.20312500000000008 0.55625
2 0.5203125 0.44375 0.5140625 0.44375 0.5140625 0.46875 0.5203125 0.46875