0 0.3609375000000001 0.503125 0.3578125000000001 0.503125 0.3578125000000001 0.5125 0.3609375000000001 0.5125
2 0.24375000000000008 0.5640625 0.23437500000000008 0.5640625 0.23437500000000008 0.6234375 0.24375000000000008 0.6234375
2 0.30937500000000007 0.4671875 0.3046875000000001 0.4671875 0.3046875000000001 0.4921875 0.30937500000000007 0.4921875
2 0.37187500000000007 0.521875 0.3625000000000001 0.521875 0.3625000000000001 0.571875 0.37187500000000007 0.571875
2 0.3921875000000001 0.49375 0.3812500000000001 0.49375 0.3812500000000001 0.5359375 0.3921875000000001 0.5359375
2 0.4921875 0.4640625 0.484375 0.4640625 0.484375 0.50625 0.4921875 0.50625
2 0.48125 0.4640625 0.471875 0.4640625 0.471875 0.5046875 0.48125 0.5046875
2 0.4609375 0.4453125 0.453125 0.4453125 0.453125 0.4734375 0.4609375 0.4734375
2 0.2015625000000001 0.4984375 0.19843750000000004 0.4984375 0.19843750000000004 0.5234375 0.2015625000000001 0.5234375
2 0.21875000000000008 0.509375 0.21250000000000008 0.509375 0.21250000000000008 0.553125 0.21875000000000008 0.553125
2 0.590625 0.478125 0.584375 0.478125 0.584375 0.5203125 0.590625 0.5203125
2 0.5703125 0.46875 0.559375 0.46875 0.559375 0.5109375 0.5703125 0.5109375
2 0.2750000000000001 0.51875 0.2687500000000001 0.51875 0.2687500000000001 0.565625 0.2750000000000001 0.565625
2 0.4375 0.53125 0.4234375 0.53125 0.4234375 0.590625 0.4375 0.590625
2 0.20468750000000008 0.5375 0.19843750000000004 0.5375 0.19843750000000007 0.58125 0.20468750000000008 0.58125
2 0.29375000000000007 0.4859375 0.2906250000000001 0.4859375 0.2906250000000001 0.515625 0.29375000000000007 0.515625
2 0.5140625 0.446875 0.5046875 0.446875 0.5046875 0.48125 0.5140625 0.48125
2 0.3828125000000001 0.4421875 0.37968750000000007 0.4421875 0.37968750000000007 0.4640625 0.3828125000000001 0.4640625
2 0.26250000000000007 0.4859375 0.2593750000000001 0.4859375 0.2593750000000001 0.5203125 0.26250000000000007 0.5203125
2 0.3078125000000001 0.50625 0.30156250000000007 0.50625 0.30156250000000007 0.55625 0.3078125000000001 0.55625
2 0.3046875000000001 0.5125 0.2968750000000001 0.5125 0.2968750000000001 0.5671875 0.3046875000000001 0.5671875
2 0.5796875 0.490625 0.571875 0.490625 0.571875 0.54375 0.5796875 0.54375
2 0.7671875 0.4703125000000002 0.7640625 0.4703125000000002 0.7640625 0.49531250000000016 0.7671875 0.49531250000000016
2 0.4203125 0.5 0.4109375 0.5 0.4109375 0.55 0.4203125 0.55