2 0.7109375 0.528125 0.7046875 0.528125 0.7046875 0.5703125 0.7109375 0.5703125
2 0.6625 0.4703125 0.659375 0.4703125 0.659375 0.4984375 0.6625 0.4984375
2 0.6140625 0.4734375 0.6078125 0.4734375 0.6078125 0.5015625 0.6140625 0.5015625
2 0.3203125000000001 0.490625 0.3140625000000001 0.490625 0.3140625000000001 0.51875 0.3203125000000001 0.51875
2 0.6453125 0.503125 0.6390625 0.503125 0.6390625 0.5453125 0.6453125 0.5453125
2 0.634375 0.478125 0.628125 0.478125 0.628125 0.5109375 0.634375 0.5109375
2 0.6265625 0.4734375 0.621875 0.4734375 0.621875 0.5 0.6265625 0.5
2 0.596875 0.4515625 0.59375 0.4515625 0.59375 0.4703125 0.596875 0.4703125
2 0.653125 0.4609375 0.6484375 0.4609375 0.6484375 0.4796875 0.653125 0.4796875
2 0.4796875 0.478125 0.4734375 0.478125 0.4734375 0.5125 0.4796875 0.5125
2 0.7125 0.4859375 0.7078125 0.4859375 0.7078125 0.5171875 0.7125 0.5171875
2 0.5796875 0.465625 0.5734375 0.465625 0.5734375 0.4953125 0.5796875 0.4953125
2 0.509375 0.4828125 0.503125 0.4828125 0.503125 0.5140625 0.509375 0.5140625
2 0.6296875 0.459375 0.6265625 0.459375 0.6265625 0.4828125 0.6296875 0.4828125
2 0.4875 0.471875 0.48125 0.471875 0.48125 0.4984375 0.4875 0.4984375
2 0.4875 0.4625 0.48125 0.4625 0.48125 0.478125 0.4875 0.478125
2 0.4921875 0.496875 0.484375 0.496875 0.484375 0.5375 0.4921875 0.5375
2 0.5015625 0.4578125 0.496875 0.4578125 0.496875 0.48125 0.5015625 0.48125
2 0.50625 0.4578125 0.5015625 0.4578125 0.5015625 0.48125 0.50625 0.48125
2 0.7515625 0.47187500000000016 0.746875 0.47187500000000016 0.746875 0.4968750000000002 0.7515625 0.4968750000000002
2 0.6765625 0.4703125 0.671875 0.4703125 0.671875 0.4984375 0.6765625 0.4984375
2 0.5390625 0.4609375 0.5328125 0.4609375 0.5328125 0.4796875 0.5390625 0.4796875
2 0.5375 0.4640625 0.53125 0.4640625 0.53125 0.4890625 0.5375 0.4890625
0 0.646875 0.475 0.6453125 0.475 0.6453125 0.48125 0.646875 0.48125