0 0.3656250000000001 0.5015625 0.3625000000000001 0.5015625 0.3625000000000001 0.509375 0.3656250000000001 0.509375
2 0.4609375 0.446875 0.45625 0.446875 0.45625 0.4734375 0.4609375 0.4734375
2 0.21875000000000008 0.5109375 0.21250000000000008 0.5109375 0.21250000000000008 0.5546875 0.21875000000000008 0.5546875
2 0.4921875 0.465625 0.4828125 0.465625 0.4828125 0.509375 0.4921875 0.509375
2 0.3937500000000001 0.4921875 0.3812500000000001 0.4921875 0.3812500000000001 0.5359375 0.3937500000000001 0.5359375
2 0.20468750000000008 0.5375 0.19843750000000004 0.5375 0.19843750000000007 0.5828125 0.20468750000000008 0.5828125
2 0.30937500000000007 0.46875 0.3046875000000001 0.46875 0.3046875000000001 0.49375 0.30937500000000007 0.49375
2 0.5140625 0.4515625 0.5046875 0.4515625 0.5046875 0.4828125 0.5140625 0.4828125
2 0.4796875 0.465625 0.4703125 0.465625 0.4703125 0.50625 0.4796875 0.50625
2 0.2015625000000001 0.4984375 0.19687500000000005 0.4984375 0.19687500000000005 0.525 0.2015625000000001 0.525
2 0.5703125 0.46875 0.559375 0.46875 0.559375 0.5125 0.5703125 0.5125
2 0.2468750000000001 0.5625 0.23593750000000008 0.5625 0.23593750000000008 0.621875 0.2468750000000001 0.621875
2 0.3812500000000001 0.4421875 0.3781250000000001 0.4421875 0.3781250000000001 0.4671875 0.3812500000000001 0.4671875
2 0.26250000000000007 0.4875 0.2593750000000001 0.4875 0.2593750000000001 0.525 0.26250000000000007 0.525
2 0.4359375 0.53125 0.421875 0.53125 0.421875 0.590625 0.4359375 0.590625
2 0.37187500000000007 0.51875 0.36406250000000007 0.51875 0.36406250000000007 0.575 0.37187500000000007 0.575
2 0.590625 0.4765625 0.584375 0.4765625 0.584375 0.5203125 0.590625 0.5203125
2 0.2765625000000001 0.521875 0.2687500000000001 0.521875 0.2687500000000001 0.571875 0.2765625000000001 0.571875
2 0.29375000000000007 0.484375 0.2890625000000001 0.484375 0.2890625000000001 0.5140625 0.29375000000000007 0.5140625
2 0.3062500000000001 0.5140625 0.2968750000000001 0.5140625 0.2968750000000001 0.5671875 0.3062500000000001 0.5671875
2 0.5796875 0.4921875 0.571875 0.4921875 0.571875 0.5453125 0.5796875 0.5453125
2 0.3078125000000001 0.50625 0.30156250000000007 0.50625 0.30156250000000007 0.55625 0.3078125000000001 0.55625
2 0.4234375 0.5 0.4125 0.5 0.4125 0.55 0.4234375 0.55
2 0.7671875 0.4703125000000002 0.7640625 0.4703125000000002 0.7640625 0.4968750000000002 0.7671875 0.4968750000000002