0 0.37187500000000007 0.5 0.3687500000000001 0.5 0.3687500000000001 0.5078125 0.37187500000000007 0.5078125
2 0.39531250000000007 0.49375 0.3859375000000001 0.49375 0.3859375000000001 0.540625 0.39531250000000007 0.540625
2 0.2218750000000001 0.509375 0.2156250000000001 0.509375 0.2156250000000001 0.5515625 0.2218750000000001 0.5515625
2 0.56875 0.471875 0.559375 0.471875 0.559375 0.515625 0.56875 0.515625
2 0.20468750000000008 0.5421875 0.19843750000000004 0.5421875 0.19843750000000007 0.5859375 0.20468750000000008 0.5859375
2 0.3734375000000001 0.5171875 0.36406250000000007 0.5171875 0.36406250000000007 0.575 0.3734375000000001 0.575
2 0.590625 0.478125 0.5828125 0.478125 0.5828125 0.5234375 0.590625 0.5234375
2 0.27812500000000007 0.521875 0.2718750000000001 0.521875 0.2718750000000001 0.56875 0.27812500000000007 0.56875
2 0.4625 0.4484375 0.45625 0.4484375 0.45625 0.4765625 0.4625 0.4765625
2 0.2484375000000001 0.565625 0.2390625000000001 0.565625 0.2390625000000001 0.621875 0.2484375000000001 0.621875
2 0.3812500000000001 0.44375 0.3781250000000001 0.44375 0.3781250000000001 0.4671875 0.3812500000000001 0.4671875
2 0.2640625000000001 0.490625 0.2593750000000001 0.490625 0.2593750000000001 0.5234375 0.2640625000000001 0.5234375
2 0.3109375000000001 0.46875 0.3046875000000001 0.46875 0.3046875000000001 0.4953125 0.3109375000000001 0.4953125
2 0.2921875000000001 0.4875 0.2875000000000001 0.4875 0.2875000000000001 0.5171875 0.2921875000000001 0.5171875
2 0.428125 0.534375 0.4125 0.534375 0.4125 0.5921875 0.428125 0.5921875
2 0.7671875 0.47187500000000016 0.7640625 0.47187500000000016 0.7640625 0.4968750000000002 0.7671875 0.4968750000000002
2 0.490625 0.4703125 0.4828125 0.4703125 0.4828125 0.5125 0.490625 0.5125
2 0.515625 0.4546875 0.50625 0.4546875 0.50625 0.484375 0.515625 0.484375
2 0.58125 0.4953125 0.571875 0.4953125 0.571875 0.5515625 0.58125 0.5515625
2 0.4234375 0.503125 0.415625 0.503125 0.415625 0.546875 0.4234375 0.546875
2 0.2015625000000001 0.5 0.19843750000000004 0.5 0.19843750000000004 0.5265625 0.2015625000000001 0.5265625
2 0.3078125000000001 0.5125 0.30156250000000007 0.5125 0.30156250000000007 0.5703125 0.3078125000000001 0.5703125
2 0.4765625 0.4703125 0.46875 0.4703125 0.46875 0.509375 0.4765625 0.509375