0 0.3890625000000001 0.5125 0.3859375000000001 0.5125 0.3859375000000001 0.521875 0.3890625000000001 0.521875
2 0.2640625000000001 0.49375 0.2593750000000001 0.49375 0.2593750000000001 0.528125 0.2640625000000001 0.528125
2 0.3140625000000001 0.4734375 0.30937500000000007 0.4734375 0.30937500000000007 0.5 0.3140625000000001 0.5
2 0.2062500000000001 0.546875 0.2015625000000001 0.546875 0.2015625000000001 0.5953125 0.2062500000000001 0.5953125
2 0.4046875 0.5 0.3937500000000001 0.5 0.3937500000000001 0.5453125 0.4046875 0.5453125
2 0.2843750000000001 0.525 0.2765625000000001 0.525 0.2765625000000001 0.5828125 0.2843750000000001 0.5828125
2 0.2562500000000001 0.5703125 0.2468750000000001 0.5703125 0.2468750000000001 0.628125 0.2562500000000001 0.628125
2 0.20312500000000008 0.503125 0.19843750000000004 0.503125 0.19843750000000004 0.5296875 0.20312500000000008 0.5296875
2 0.5671875 0.4765625 0.5609375 0.4765625 0.5609375 0.5203125 0.5671875 0.5203125
2 0.2890625000000001 0.4953125 0.2828125000000001 0.4953125 0.2828125000000001 0.525 0.2890625000000001 0.525
2 0.4703125 0.471875 0.4625 0.471875 0.4625 0.5125 0.4703125 0.5125
2 0.490625 0.478125 0.48125 0.478125 0.48125 0.5203125 0.490625 0.5203125
2 0.5875 0.484375 0.58125 0.484375 0.58125 0.528125 0.5875 0.528125
2 0.51875 0.4609375 0.5125 0.4609375 0.5125 0.4921875 0.51875 0.4921875
2 0.22656250000000008 0.5140625 0.22031250000000008 0.5140625 0.22031250000000008 0.553125 0.22656250000000008 0.553125
2 0.3187500000000001 0.5234375 0.3109375000000001 0.5234375 0.3109375000000001 0.5703125 0.3187500000000001 0.5703125
2 0.3125000000000001 0.515625 0.3062500000000001 0.515625 0.3062500000000001 0.565625 0.3125000000000001 0.565625
2 0.765625 0.4734375000000002 0.7625 0.4734375000000002 0.7625 0.5000000000000002 0.765625 0.5000000000000002
2 0.41875 0.534375 0.40625 0.534375 0.40625 0.590625 0.41875 0.590625
2 0.3781250000000001 0.5234375 0.3703125000000001 0.5234375 0.3703125000000001 0.5828125 0.3781250000000001 0.5828125
2 0.3812500000000001 0.4484375 0.3781250000000001 0.4484375 0.3781250000000001 0.471875 0.3812500000000001 0.471875
2 0.465625 0.4546875 0.459375 0.4546875 0.459375 0.478125 0.465625 0.478125
2 0.584375 0.4890625 0.575 0.4890625 0.575 0.5640625 0.584375 0.5640625
2 0.4296875 0.5078125 0.41875 0.5078125 0.41875 0.5578125 0.4296875 0.5578125