0 0.3781250000000001 0.478125 0.3750000000000001 0.478125 0.3750000000000001 0.4875 0.3781250000000001 0.4875
2 0.32500000000000007 0.4640625 0.3203125000000001 0.4640625 0.3203125000000001 0.490625 0.32500000000000007 0.490625
2 0.21250000000000008 0.5421875 0.2062500000000001 0.5421875 0.2062500000000001 0.5953125 0.21250000000000008 0.5953125
2 0.43125 0.4921875 0.4203125 0.4921875 0.4203125 0.5375 0.43125 0.5375
2 0.3187500000000001 0.5078125 0.30937500000000007 0.5078125 0.30937500000000007 0.55625 0.3187500000000001 0.55625
2 0.3921875000000001 0.5234375 0.3828125000000001 0.5234375 0.3828125000000001 0.571875 0.3921875000000001 0.571875
2 0.4921875 0.4734375 0.478125 0.4734375 0.478125 0.51875 0.4921875 0.51875
2 0.5375 0.4484375 0.528125 0.4484375 0.528125 0.4859375 0.5375 0.4859375
2 0.471875 0.44375 0.4625 0.44375 0.4625 0.471875 0.471875 0.471875
2 0.3453125000000001 0.5125 0.3375000000000001 0.5125 0.3375000000000001 0.5625 0.3453125000000001 0.5625
2 0.4125 0.5203125 0.4015625 0.5203125 0.4015625 0.56875 0.4125 0.56875
2 0.45625 0.465625 0.446875 0.465625 0.446875 0.5046875 0.45625 0.5046875
2 0.56875 0.465625 0.5625 0.465625 0.5625 0.509375 0.56875 0.509375
2 0.27031250000000007 0.4875 0.2640625000000001 0.4875 0.2640625000000001 0.525 0.27031250000000007 0.525
2 0.2718750000000001 0.571875 0.2609375000000001 0.571875 0.2609375000000001 0.640625 0.2718750000000001 0.640625
2 0.2078125000000001 0.496875 0.2015625000000001 0.496875 0.2015625000000001 0.5234375 0.2078125000000001 0.5234375
2 0.2375000000000001 0.50625 0.2328125000000001 0.50625 0.2328125000000001 0.5484375 0.2375000000000001 0.5484375
2 0.765625 0.4671875000000002 0.7609375 0.4671875000000002 0.7609375 0.49218750000000017 0.765625 0.49218750000000017
2 0.2968750000000001 0.5109375 0.2906250000000001 0.5109375 0.2906250000000001 0.5703125 0.2968750000000001 0.5703125
2 0.2875000000000001 0.4890625 0.2828125000000001 0.4890625 0.2828125000000001 0.5234375 0.2875000000000001 0.5234375
2 0.3828125000000001 0.440625 0.3781250000000001 0.440625 0.3781250000000001 0.465625 0.3828125000000001 0.465625
2 0.584375 0.4953125 0.575 0.4953125 0.575 0.55625 0.584375 0.55625
2 0.5828125 0.48125 0.5734375 0.48125 0.5734375 0.521875 0.5828125 0.521875
2 0.4421875 0.4984375 0.428125 0.4984375 0.428125 0.5484375 0.4421875 0.5484375