0 0.3546875000000001 0.4765625 0.3515625000000001 0.4765625 0.3515625000000001 0.484375 0.3546875000000001 0.484375
2 0.446875 0.4734375 0.4375 0.4734375 0.4375 0.5125 0.446875 0.5125
2 0.2765625000000001 0.4921875 0.2718750000000001 0.4921875 0.2718750000000001 0.5265625 0.2765625000000001 0.5265625
2 0.2906250000000001 0.49375 0.28593750000000007 0.49375 0.28593750000000007 0.5265625 0.2906250000000001 0.5265625
2 0.3968750000000001 0.5203125 0.38750000000000007 0.5203125 0.38750000000000007 0.578125 0.3968750000000001 0.578125
2 0.2453125000000001 0.50625 0.2390625000000001 0.50625 0.2390625000000001 0.5546875 0.2453125000000001 0.5546875
2 0.7640625 0.47187500000000016 0.7609375 0.47187500000000016 0.7609375 0.4984375000000002 0.7640625 0.4984375000000002
2 0.5453125 0.459375 0.5375 0.459375 0.5375 0.4921875 0.5453125 0.4921875
2 0.21875000000000008 0.55 0.21250000000000008 0.55 0.21250000000000008 0.6 0.21875000000000008 0.6
2 0.4921875 0.4796875 0.4828125 0.4796875 0.4828125 0.5265625 0.4921875 0.5265625
2 0.3578125000000001 0.5109375 0.3500000000000001 0.5109375 0.3500000000000001 0.5671875 0.3578125000000001 0.5671875
2 0.5796875 0.490625 0.571875 0.490625 0.571875 0.540625 0.5796875 0.540625
2 0.4328125 0.49375 0.421875 0.49375 0.421875 0.55 0.4328125 0.55
2 0.56875 0.4703125 0.559375 0.4703125 0.559375 0.5125 0.56875 0.5125
2 0.4140625 0.51875 0.40625 0.51875 0.40625 0.575 0.4140625 0.575
2 0.3281250000000001 0.5109375 0.31718750000000007 0.5109375 0.31718750000000007 0.5609375 0.3281250000000001 0.5609375
2 0.3046875000000001 0.5203125 0.2968750000000001 0.5203125 0.2968750000000001 0.5828125 0.3046875000000001 0.5828125
2 0.2718750000000001 0.5921875 0.2593750000000001 0.5921875 0.2593750000000001 0.6578125 0.2718750000000001 0.6578125
2 0.3296875000000001 0.46875 0.32500000000000007 0.46875 0.32500000000000007 0.496875 0.3296875000000001 0.496875
2 0.21093750000000008 0.4984375 0.20468750000000008 0.4984375 0.20468750000000008 0.528125 0.21093750000000008 0.528125
2 0.4671875 0.45 0.4578125 0.45 0.4578125 0.4828125 0.4671875 0.4828125
2 0.584375 0.50625 0.575 0.50625 0.575 0.55625 0.584375 0.55625
2 0.440625 0.5 0.43125 0.5 0.43125 0.553125 0.440625 0.553125
2 0.3828125000000001 0.44375 0.37968750000000007 0.44375 0.37968750000000007 0.4703125 0.3828125000000001 0.4703125