0 0.34843750000000007 0.48125 0.3453125000000001 0.48125 0.3453125000000001 0.490625 0.34843750000000007 0.490625
2 0.2484375000000001 0.5078125 0.24218750000000008 0.5078125 0.24218750000000008 0.553125 0.2484375000000001 0.553125
2 0.3968750000000001 0.5203125 0.38750000000000007 0.5203125 0.38750000000000007 0.575 0.3968750000000001 0.575
2 0.3312500000000001 0.4703125 0.32500000000000007 0.4703125 0.32500000000000007 0.4984375 0.3312500000000001 0.4984375
2 0.565625 0.471875 0.55625 0.471875 0.55625 0.5125 0.565625 0.5125
2 0.2765625000000001 0.490625 0.2718750000000001 0.490625 0.2718750000000001 0.528125 0.2765625000000001 0.528125
2 0.44375 0.475 0.434375 0.475 0.434375 0.5125 0.44375 0.5125
2 0.2906250000000001 0.49375 0.28593750000000007 0.49375 0.28593750000000007 0.528125 0.2906250000000001 0.528125
2 0.415625 0.51875 0.4078125 0.51875 0.4078125 0.575 0.415625 0.575
2 0.4328125 0.4953125 0.4203125 0.4953125 0.4203125 0.55 0.4328125 0.55
2 0.7640625 0.4734375000000002 0.7609375 0.4734375000000002 0.7609375 0.5000000000000002 0.7640625 0.5000000000000002
2 0.3031250000000001 0.521875 0.2968750000000001 0.521875 0.2968750000000001 0.5765625 0.3031250000000001 0.5765625
2 0.3593750000000001 0.509375 0.3515625000000001 0.509375 0.3515625000000001 0.565625 0.3593750000000001 0.565625
2 0.22031250000000008 0.55 0.2140625000000001 0.55 0.2140625000000001 0.6 0.22031250000000008 0.6
2 0.49375 0.4828125 0.48125 0.4828125 0.48125 0.5296875 0.49375 0.5296875
2 0.578125 0.4921875 0.5703125 0.4921875 0.5703125 0.5421875 0.578125 0.5421875
2 0.546875 0.459375 0.5390625 0.459375 0.5390625 0.49375 0.546875 0.49375
2 0.2671875000000001 0.590625 0.2578125000000001 0.590625 0.2578125000000001 0.65625 0.2671875000000001 0.65625
2 0.3281250000000001 0.5109375 0.3187500000000001 0.5109375 0.3187500000000001 0.5609375 0.3281250000000001 0.5609375
2 0.21093750000000008 0.496875 0.20468750000000008 0.496875 0.20468750000000008 0.5265625 0.21093750000000008 0.5265625
2 0.3828125000000001 0.446875 0.37968750000000007 0.446875 0.37968750000000007 0.475 0.3828125000000001 0.475
2 0.4625 0.453125 0.45625 0.453125 0.45625 0.4828125 0.4625 0.4828125
2 0.5828125 0.503125 0.5734375 0.503125 0.5734375 0.5578125 0.5828125 0.5578125