0 0.3046875000000001 0.7140625 0.2984375000000001 0.7140625 0.2984375000000001 0.728125 0.3046875000000001 0.728125
2 0.3593750000000001 0.5140625 0.3531250000000001 0.5140625 0.3531250000000001 0.5625 0.3593750000000001 0.5625
2 0.778125 0.5390625000000002 0.771875 0.5390625000000002 0.771875 0.5859375000000002 0.778125 0.5859375000000002
2 0.6125 0.5328125 0.603125 0.5328125 0.603125 0.596875 0.6125 0.596875
2 0.6453125 0.478125 0.6390625 0.478125 0.6390625 0.509375 0.6453125 0.509375
2 0.653125 0.4546875 0.65 0.4546875 0.65 0.4796875 0.653125 0.4796875
2 0.4453125 0.4953125 0.4375 0.4953125 0.4375 0.5375 0.4453125 0.5375
2 0.7359375 0.49531250000000016 0.73125 0.49531250000000016 0.73125 0.5343750000000002 0.7359375 0.5343750000000002
2 0.2843750000000001 0.509375 0.27812500000000007 0.509375 0.27812500000000007 0.540625 0.2843750000000001 0.540625
2 0.7578125 0.5312500000000002 0.75 0.5312500000000002 0.75 0.5906250000000002 0.7578125 0.5906250000000002
2 0.6640625 0.48125 0.6578125 0.48125 0.6578125 0.51875 0.6640625 0.51875
2 0.6171875 0.465625 0.6125 0.465625 0.6125 0.4890625 0.6171875 0.4890625
2 0.65625 0.5078125 0.65 0.5078125 0.65 0.5546875 0.65625 0.5546875
2 0.6703125 0.4625 0.665625 0.4625 0.665625 0.4875 0.6703125 0.4875
2 0.690625 0.4796875 0.6859375 0.4796875 0.6859375 0.509375 0.690625 0.509375
2 0.5046875 0.5421875 0.4859375 0.5421875 0.4859375 0.6125 0.5046875 0.6125
2 0.7609375 0.5156250000000002 0.7546875 0.5156250000000002 0.7546875 0.5531250000000002 0.7609375 0.5531250000000002
2 0.6984375 0.478125 0.69375 0.478125 0.69375 0.5078125 0.6984375 0.5078125
2 0.7671875000000001 0.6468750000000002 0.753125 0.6468750000000002 0.753125 0.7421875000000002 0.7671875000000001 0.7421875000000002
2 0.7671875 0.6171875000000002 0.7578125 0.6171875000000002 0.7578125 0.6921875000000002 0.7671875 0.6921875000000002
2 0.29375000000000007 0.6171875 0.2812500000000001 0.6171875 0.2812500000000001 0.7265625 0.29375000000000007 0.7265625
2 0.5000000000000001 0.621875 0.4734375 0.621875 0.47343750000000007 0.73125 0.5000000000000002 0.73125
2 0.7921875 0.47968750000000016 0.7890625 0.47968750000000016 0.7890625 0.5046875000000002 0.7921875 0.5046875000000002