0 0.3687500000000001 0.5203125 0.3671875000000001 0.5203125 0.3671875000000001 0.528125 0.3687500000000001 0.528125
2 0.46875 0.4484375 0.4609375 0.4484375 0.4609375 0.478125 0.46875 0.478125
2 0.403125 0.5125 0.3937500000000001 0.5125 0.3937500000000001 0.5671875 0.403125 0.5671875
2 0.2218750000000001 0.4921875 0.21875000000000008 0.4921875 0.21875000000000008 0.5203125 0.2218750000000001 0.5203125
2 0.2609375000000001 0.5015625 0.2562500000000001 0.5015625 0.2562500000000001 0.55 0.2609375000000001 0.55
2 0.2375000000000001 0.5421875 0.2296875000000001 0.5421875 0.2296875000000001 0.596875 0.2375000000000001 0.596875
2 0.3500000000000001 0.509375 0.34062500000000007 0.509375 0.34062500000000007 0.56875 0.3500000000000001 0.56875
2 0.41875 0.4703125 0.4125 0.4703125 0.4125 0.509375 0.41875 0.509375
2 0.2890625000000001 0.584375 0.2750000000000001 0.584375 0.2750000000000001 0.65625 0.2890625000000001 0.65625
2 0.765625 0.47187500000000016 0.7609375 0.47187500000000016 0.7609375 0.4984375000000002 0.765625 0.4984375000000002
2 0.5375 0.4546875 0.53125 0.4546875 0.53125 0.4890625 0.5375 0.4890625
2 0.30937500000000007 0.490625 0.3046875000000001 0.490625 0.3046875000000001 0.525 0.30937500000000007 0.525
2 0.3453125000000001 0.46875 0.34062500000000007 0.46875 0.34062500000000007 0.496875 0.3453125000000001 0.496875
2 0.584375 0.4953125 0.56875 0.4953125 0.56875 0.5546875 0.584375 0.5546875
2 0.39531250000000007 0.4515625 0.3906250000000001 0.4515625 0.3906250000000001 0.475 0.39531250000000007 0.475
2 0.5453125 0.4703125 0.5375 0.4703125 0.5375 0.5140625 0.5453125 0.5140625
2 0.3062500000000001 0.4875 0.30156250000000007 0.4875 0.30156250000000007 0.525 0.3062500000000001 0.525
2 0.453125 0.515625 0.4390625 0.515625 0.4390625 0.58125 0.453125 0.58125
2 0.428125 0.4859375 0.41875 0.4859375 0.41875 0.528125 0.428125 0.528125
2 0.3781250000000001 0.4953125 0.37187500000000007 0.4953125 0.37187500000000007 0.540625 0.3781250000000001 0.540625
2 0.5671875 0.49375 0.5578125 0.49375 0.5578125 0.5484375 0.5671875 0.5484375
2 0.3453125000000001 0.5015625 0.34062500000000007 0.5015625 0.34062500000000007 0.528125 0.3453125000000001 0.528125