0 0.40625 0.50625 0.403125 0.50625 0.403125 0.515625 0.40625 0.515625
2 0.4765625 0.4484375 0.4703125 0.4484375 0.4703125 0.4796875 0.4765625 0.4796875
2 0.3843750000000001 0.49375 0.3750000000000001 0.49375 0.3750000000000001 0.5390625 0.3843750000000001 0.5390625
2 0.4125 0.5125 0.403125 0.5125 0.403125 0.5671875 0.4125 0.5671875
2 0.2609375000000001 0.5 0.2562500000000001 0.5 0.2562500000000001 0.5484375 0.2609375000000001 0.5484375
2 0.3515625000000001 0.4640625 0.3453125000000001 0.4640625 0.3453125000000001 0.4921875 0.3515625000000001 0.4921875
2 0.2968750000000001 0.578125 0.2828125000000001 0.578125 0.2828125000000001 0.65 0.2968750000000001 0.65
2 0.7640625 0.4734375000000002 0.7609375 0.4734375000000002 0.7609375 0.5000000000000002 0.7640625 0.5000000000000002
2 0.3515625000000001 0.503125 0.3421875000000001 0.503125 0.3421875000000001 0.546875 0.3515625000000001 0.546875
2 0.421875 0.475 0.4140625 0.475 0.4140625 0.5078125 0.421875 0.5078125
2 0.2328125000000001 0.5421875 0.2250000000000001 0.5421875 0.2250000000000001 0.5984375 0.2328125000000001 0.5984375
2 0.4421875 0.48125 0.4296875 0.48125 0.4296875 0.525 0.4421875 0.525
2 0.2250000000000001 0.4921875 0.2218750000000001 0.4921875 0.2218750000000001 0.5203125 0.2250000000000001 0.5203125
2 0.3609375000000001 0.5046875 0.3531250000000001 0.5046875 0.3531250000000001 0.559375 0.3609375000000001 0.559375
2 0.5421875 0.471875 0.5359375 0.471875 0.5359375 0.5140625 0.5421875 0.5140625
2 0.5671875 0.4921875 0.559375 0.4921875 0.559375 0.5453125 0.5671875 0.5453125
2 0.4703125 0.5171875 0.459375 0.5171875 0.459375 0.58125 0.4703125 0.58125
2 0.3156250000000001 0.4875 0.30937500000000007 0.4875 0.30937500000000007 0.525 0.3156250000000001 0.525
2 0.58125 0.496875 0.5703125 0.496875 0.5703125 0.553125 0.58125 0.553125
2 0.4296875 0.48125 0.421875 0.48125 0.421875 0.515625 0.4296875 0.515625
2 0.40625 0.45 0.4015625 0.45 0.4015625 0.478125 0.40625 0.478125
2 0.5390625 0.4625 0.5328125 0.4625 0.5328125 0.49375 0.5390625 0.49375
2 0.45 0.5046875 0.440625 0.5046875 0.440625 0.5546875 0.45 0.5546875