0 0.4296875 0.5 0.4265625 0.5 0.4265625 0.50625 0.4296875 0.50625
2 0.3062500000000001 0.5578125 0.2968750000000001 0.5578125 0.2968750000000001 0.6265625 0.3062500000000001 0.6265625
2 0.3281250000000001 0.4765625 0.3218750000000001 0.4765625 0.3218750000000001 0.5109375 0.3281250000000001 0.5109375
2 0.2765625000000001 0.49375 0.27031250000000007 0.49375 0.27031250000000007 0.5359375 0.2765625000000001 0.5359375
2 0.540625 0.5125 0.5265625 0.5125 0.5265625 0.5734375 0.540625 0.5734375
2 0.45 0.5 0.440625 0.5 0.440625 0.55 0.45 0.55
2 0.4875 0.4421875 0.48125 0.4421875 0.48125 0.4703125 0.4875 0.4703125
2 0.37187500000000007 0.4953125 0.3671875000000001 0.4953125 0.3671875000000001 0.540625 0.37187500000000007 0.540625
2 0.5390625 0.45 0.5296875 0.45 0.5296875 0.4796875 0.5390625 0.4796875
2 0.465625 0.4703125 0.4546875 0.4703125 0.4546875 0.5140625 0.465625 0.5140625
2 0.3375000000000001 0.4734375 0.3312500000000001 0.4734375 0.3312500000000001 0.5078125 0.3375000000000001 0.5078125
2 0.5546875 0.4640625 0.5453125 0.4640625 0.5453125 0.503125 0.5546875 0.503125
2 0.23593750000000008 0.5390625 0.2296875000000001 0.5390625 0.2296875000000001 0.5859375 0.23593750000000008 0.5859375
2 0.3859375000000001 0.4890625 0.3781250000000001 0.4890625 0.3781250000000001 0.5390625 0.3859375000000001 0.5390625
2 0.5703125 0.484375 0.5625 0.484375 0.5625 0.53125 0.5703125 0.53125
2 0.428125 0.44375 0.4234375 0.44375 0.4234375 0.4703125 0.428125 0.4703125
2 0.4171875 0.4734375 0.4109375 0.4734375 0.4109375 0.515625 0.4171875 0.515625
2 0.765625 0.4703125000000002 0.7609375 0.4703125000000002 0.7609375 0.4984375000000002 0.765625 0.4984375000000002
2 0.3671875000000001 0.453125 0.36406250000000007 0.453125 0.36406250000000007 0.478125 0.3671875000000001 0.478125
2 0.5828125 0.4859375 0.5703125 0.4859375 0.5703125 0.53125 0.5828125 0.53125
2 0.4625 0.49375 0.4515625 0.49375 0.4515625 0.540625 0.4625 0.540625
2 0.23593750000000008 0.484375 0.2312500000000001 0.484375 0.2312500000000001 0.5125 0.23593750000000008 0.5125
2 0.4140625 0.465625 0.4078125 0.465625 0.4078125 0.5046875 0.4140625 0.5046875