0 0.4296875 0.5 0.4265625 0.5 0.4265625 0.50625 0.4296875 0.50625
2 0.37187500000000007 0.4921875 0.3656250000000001 0.4921875 0.3656250000000001 0.540625 0.37187500000000007 0.540625
2 0.3296875000000001 0.4765625 0.3234375000000001 0.4765625 0.3234375000000001 0.5109375 0.3296875000000001 0.5109375
2 0.3062500000000001 0.5546875 0.2968750000000001 0.5546875 0.2968750000000001 0.6265625 0.3062500000000001 0.6265625
2 0.5375 0.4515625 0.528125 0.4515625 0.528125 0.48125 0.5375 0.48125
2 0.2765625000000001 0.49375 0.2718750000000001 0.49375 0.2718750000000001 0.5375 0.2765625000000001 0.5375
2 0.55625 0.4625 0.546875 0.4625 0.546875 0.5015625 0.55625 0.5015625
2 0.3687500000000001 0.4515625 0.36406250000000007 0.4515625 0.36406250000000007 0.4765625 0.3687500000000001 0.4765625
2 0.5453125 0.5140625 0.528125 0.5140625 0.528125 0.571875 0.5453125 0.571875
2 0.2375000000000001 0.5359375 0.2296875000000001 0.5359375 0.2296875000000001 0.584375 0.2375000000000001 0.584375
2 0.4890625 0.4421875 0.4828125 0.4421875 0.4828125 0.471875 0.4890625 0.471875
2 0.3375000000000001 0.4703125 0.33281250000000007 0.4703125 0.33281250000000007 0.5046875 0.3375000000000001 0.5046875
2 0.4515625 0.5 0.4421875 0.5 0.4421875 0.546875 0.4515625 0.546875
2 0.4296875 0.4421875 0.421875 0.4421875 0.421875 0.471875 0.4296875 0.471875
2 0.4203125 0.4734375 0.4125 0.4734375 0.4125 0.5171875 0.4203125 0.5171875
2 0.5703125 0.4828125 0.5609375 0.4828125 0.5609375 0.53125 0.5703125 0.53125
2 0.5828125 0.484375 0.5703125 0.484375 0.5703125 0.5296875 0.5828125 0.5296875
2 0.765625 0.47187500000000016 0.7609375 0.47187500000000016 0.7609375 0.4968750000000002 0.765625 0.4968750000000002
2 0.23593750000000008 0.484375 0.2312500000000001 0.484375 0.2312500000000001 0.5125 0.23593750000000008 0.5125
2 0.465625 0.471875 0.453125 0.471875 0.453125 0.5125 0.465625 0.5125
2 0.3859375000000001 0.4859375 0.3781250000000001 0.4859375 0.3781250000000001 0.5359375 0.3859375000000001 0.5359375
2 0.4640625 0.49375 0.4515625 0.49375 0.4515625 0.5375 0.4640625 0.5375
2 0.4140625 0.46875 0.40625 0.46875 0.40625 0.5015625 0.4140625 0.5015625