2 0.23593750000000008 0.4796875 0.2328125000000001 0.4796875 0.2328125000000001 0.50625 0.23593750000000008 0.50625
2 0.45625 0.48125 0.446875 0.48125 0.446875 0.5203125 0.45625 0.5203125
2 0.3343750000000001 0.4640625 0.3312500000000001 0.4640625 0.3312500000000001 0.4921875 0.3343750000000001 0.4921875
2 0.2171875000000001 0.5546875 0.2062500000000001 0.5546875 0.2062500000000001 0.6125 0.2171875000000001 0.6125
2 0.3531250000000001 0.4796875 0.3453125000000001 0.4796875 0.3453125000000001 0.5171875 0.3531250000000001 0.5171875
2 0.37968750000000007 0.46875 0.3734375000000001 0.46875 0.3734375000000001 0.4984375 0.37968750000000007 0.4984375
2 0.3828125000000001 0.45625 0.3781250000000001 0.45625 0.3781250000000001 0.48125 0.3828125000000001 0.48125
2 0.2890625000000001 0.50625 0.2828125000000001 0.50625 0.2828125000000001 0.546875 0.2890625000000001 0.546875
2 0.53125 0.4515625 0.5234375 0.4515625 0.5234375 0.484375 0.53125 0.484375
2 0.521875 0.51875 0.509375 0.51875 0.509375 0.584375 0.521875 0.584375
2 0.4640625 0.4625 0.4578125 0.4625 0.4578125 0.496875 0.4640625 0.496875
2 0.753125 0.4703125000000002 0.75 0.4703125000000002 0.75 0.4968750000000002 0.753125 0.4968750000000002
2 0.428125 0.4765625 0.4203125 0.4765625 0.4203125 0.5078125 0.428125 0.5078125
2 0.5609375 0.471875 0.5515625 0.471875 0.5515625 0.51875 0.5609375 0.51875
2 0.3921875000000001 0.471875 0.3859375000000001 0.471875 0.3859375000000001 0.5 0.3921875000000001 0.5
2 0.32500000000000007 0.478125 0.3187500000000001 0.478125 0.3187500000000001 0.5125 0.32500000000000007 0.5125
2 0.4546875 0.4578125 0.4484375 0.4578125 0.4484375 0.484375 0.4546875 0.484375
2 0.3218750000000001 0.48125 0.3156250000000001 0.48125 0.3156250000000001 0.51875 0.3218750000000001 0.51875
2 0.4 0.4515625 0.3968750000000001 0.4515625 0.3968750000000001 0.4796875 0.4 0.4796875
2 0.4609375 0.4421875 0.4546875 0.4421875 0.4546875 0.459375 0.4609375 0.459375
2 0.3281250000000001 0.4765625 0.3218750000000001 0.4765625 0.3218750000000001 0.50625 0.3281250000000001 0.50625
2 0.409375 0.4484375 0.40625 0.4484375 0.40625 0.471875 0.409375 0.471875
0 0.3968750000000001 0.475 0.39531250000000007 0.475 0.39531250000000007 0.48125 0.3968750000000001 0.48125