0 0.3375000000000001 0.4671875 0.3359375000000001 0.4671875 0.3359375000000001 0.4703125 0.3375000000000001 0.4703125
2 0.2640625000000001 0.5 0.2593750000000001 0.5 0.2593750000000001 0.5328125 0.2640625000000001 0.5328125
2 0.4484375 0.46875 0.4421875 0.46875 0.4421875 0.5078125 0.4484375 0.5078125
2 0.2765625000000001 0.4828125 0.2718750000000001 0.4828125 0.2718750000000001 0.5203125 0.2765625000000001 0.5203125
2 0.37968750000000007 0.4828125 0.3734375000000001 0.4828125 0.3734375000000001 0.521875 0.37968750000000007 0.521875
2 0.4484375 0.5265625 0.4359375 0.5265625 0.4359375 0.5890625 0.4484375 0.5890625
2 0.53125 0.475 0.521875 0.475 0.521875 0.51875 0.53125 0.51875
2 0.3687500000000001 0.4671875 0.36406250000000007 0.4671875 0.36406250000000007 0.490625 0.3687500000000001 0.490625
2 0.1515625000000001 0.571875 0.14062500000000008 0.571875 0.14062500000000008 0.615625 0.1515625000000001 0.615625
2 0.32500000000000007 0.48125 0.3187500000000001 0.48125 0.3187500000000001 0.515625 0.32500000000000007 0.515625
2 0.49375 0.446875 0.4890625 0.446875 0.4890625 0.478125 0.49375 0.478125
2 0.34843750000000007 0.46875 0.3437500000000001 0.46875 0.3437500000000001 0.4953125 0.34843750000000007 0.4953125
2 0.3828125000000001 0.4671875 0.3781250000000001 0.4671875 0.3781250000000001 0.49375 0.3828125000000001 0.49375
2 0.30156250000000007 0.4734375 0.2984375000000001 0.4734375 0.2984375000000001 0.5078125 0.30156250000000007 0.5078125
2 0.74375 0.4703125000000002 0.740625 0.4703125000000002 0.740625 0.4984375000000002 0.74375 0.4984375000000002
2 0.3000000000000001 0.4734375 0.2968750000000001 0.4734375 0.2968750000000001 0.5 0.3000000000000001 0.5
2 0.4109375 0.459375 0.40625 0.459375 0.40625 0.4890625 0.4109375 0.4890625
2 0.3625000000000001 0.4625 0.3546875000000001 0.4625 0.3546875000000001 0.496875 0.3625000000000001 0.496875
2 0.22656250000000008 0.4859375 0.2234375000000001 0.4859375 0.2234375000000001 0.509375 0.22656250000000008 0.509375
2 0.3296875000000001 0.4640625 0.32500000000000007 0.4640625 0.32500000000000007 0.4875 0.3296875000000001 0.4875
2 0.3812500000000001 0.44375 0.3765625000000001 0.44375 0.3765625000000001 0.465625 0.3812500000000001 0.465625
2 0.35625000000000007 0.453125 0.3531250000000001 0.453125 0.3531250000000001 0.475 0.35625000000000007 0.475
2 0.525 0.4734375 0.5171875 0.4734375 0.5171875 0.5140625 0.525 0.5140625