0 0.3421875000000001 0.471875 0.34062500000000007 0.471875 0.34062500000000007 0.475 0.3421875000000001 0.475
2 0.2765625000000001 0.4859375 0.2718750000000001 0.4859375 0.2718750000000001 0.51875 0.2765625000000001 0.51875
2 0.4921875 0.4453125 0.4859375 0.4453125 0.4859375 0.478125 0.4921875 0.478125
2 0.51875 0.4703125 0.5109375 0.4703125 0.5109375 0.5125 0.51875 0.5125
2 0.33281250000000007 0.459375 0.3296875000000001 0.459375 0.3296875000000001 0.478125 0.33281250000000007 0.478125
2 0.3890625000000001 0.4625 0.3828125000000001 0.4625 0.3828125000000001 0.49375 0.3890625000000001 0.49375
2 0.4453125 0.4703125 0.4359375 0.4703125 0.4359375 0.5046875 0.4453125 0.5046875
2 0.3531250000000001 0.4515625 0.3500000000000001 0.4515625 0.3500000000000001 0.475 0.3531250000000001 0.475
2 0.1531250000000001 0.565625 0.1453125000000001 0.565625 0.1453125000000001 0.609375 0.1531250000000001 0.609375
2 0.30156250000000007 0.4734375 0.2953125000000001 0.4734375 0.2953125000000001 0.5078125 0.30156250000000007 0.5078125
2 0.3734375000000001 0.4828125 0.36406250000000007 0.4828125 0.36406250000000007 0.5234375 0.3734375000000001 0.5234375
2 0.409375 0.4578125 0.4046875 0.4578125 0.4046875 0.484375 0.409375 0.484375
2 0.3234375000000001 0.478125 0.31718750000000007 0.478125 0.31718750000000007 0.5125 0.3234375000000001 0.5125
2 0.37187500000000007 0.44375 0.3671875000000001 0.44375 0.3671875000000001 0.465625 0.37187500000000007 0.465625
2 0.74375 0.46875000000000017 0.740625 0.46875000000000017 0.740625 0.4984375000000002 0.74375 0.4984375000000002
2 0.45 0.521875 0.4390625 0.521875 0.4390625 0.590625 0.45 0.590625
2 0.5296875 0.4734375 0.5203125 0.4734375 0.5203125 0.5171875 0.5296875 0.5171875
2 0.22812500000000008 0.4828125 0.2250000000000001 0.4828125 0.2250000000000001 0.50625 0.22812500000000008 0.50625
2 0.34062500000000007 0.465625 0.3359375000000001 0.465625 0.3359375000000001 0.49375 0.34062500000000007 0.49375
2 0.3656250000000001 0.4640625 0.3578125000000001 0.4640625 0.3578125000000001 0.4953125 0.3656250000000001 0.4953125
2 0.26250000000000007 0.496875 0.2593750000000001 0.496875 0.2593750000000001 0.53125 0.26250000000000007 0.53125
2 0.3656250000000001 0.4734375 0.3625000000000001 0.4734375 0.3625000000000001 0.515625 0.3656250000000001 0.515625