0 0.3437500000000001 0.4671875 0.3421875000000001 0.4671875 0.3421875000000001 0.4703125 0.3437500000000001 0.4703125
2 0.515625 0.4640625 0.5078125 0.4640625 0.5078125 0.5046875 0.515625 0.5046875
2 0.3203125000000001 0.478125 0.3156250000000001 0.478125 0.3156250000000001 0.5125 0.3203125000000001 0.5125
2 0.3046875000000001 0.465625 0.30156250000000007 0.465625 0.30156250000000007 0.4921875 0.3046875000000001 0.4921875
2 0.1625000000000001 0.565625 0.1546875000000001 0.565625 0.1546875000000001 0.60625 0.1625000000000001 0.60625
2 0.3515625000000001 0.45 0.34843750000000007 0.45 0.34843750000000007 0.471875 0.3515625000000001 0.471875
2 0.3734375000000001 0.4609375 0.3687500000000001 0.4609375 0.3687500000000001 0.4921875 0.3734375000000001 0.4921875
2 0.3671875000000001 0.4828125 0.3609375000000001 0.4828125 0.3609375000000001 0.521875 0.3671875000000001 0.521875
2 0.27812500000000007 0.4828125 0.2750000000000001 0.4828125 0.2750000000000001 0.5140625 0.27812500000000007 0.5140625
2 0.2296875000000001 0.48125 0.22656250000000008 0.48125 0.22656250000000008 0.50625 0.2296875000000001 0.50625
2 0.440625 0.4640625 0.434375 0.4640625 0.434375 0.503125 0.440625 0.503125
2 0.4546875 0.5203125 0.440625 0.5203125 0.440625 0.5859375 0.4546875 0.5859375
2 0.39531250000000007 0.4609375 0.3890625000000001 0.4609375 0.3890625000000001 0.490625 0.39531250000000007 0.490625
2 0.74375 0.4656250000000002 0.740625 0.4656250000000002 0.740625 0.4937500000000002 0.74375 0.4937500000000002
2 0.2640625000000001 0.49375 0.2593750000000001 0.49375 0.2593750000000001 0.53125 0.2640625000000001 0.53125
2 0.53125 0.46875 0.521875 0.46875 0.521875 0.5109375 0.53125 0.5109375
2 0.3671875000000001 0.446875 0.36406250000000007 0.446875 0.36406250000000007 0.465625 0.3671875000000001 0.465625
2 0.3312500000000001 0.4640625 0.3281250000000001 0.4640625 0.3281250000000001 0.4921875 0.3312500000000001 0.4921875
2 0.4125 0.453125 0.40625 0.453125 0.40625 0.4828125 0.4125 0.4828125
2 0.2968750000000001 0.475 0.29375000000000007 0.475 0.29375000000000007 0.50625 0.2968750000000001 0.50625
2 0.36406250000000007 0.4609375 0.3593750000000001 0.4609375 0.3593750000000001 0.484375 0.36406250000000007 0.484375
2 0.4953125 0.4453125 0.4859375 0.4453125 0.4859375 0.4765625 0.4953125 0.4765625
2 0.3390625000000001 0.4546875 0.3359375000000001 0.4546875 0.3359375000000001 0.4828125 0.3390625000000001 0.4828125