0 0.3437500000000001 0.4671875 0.3421875000000001 0.4671875 0.3421875000000001 0.4734375 0.3437500000000001 0.4734375
2 0.515625 0.4640625 0.5078125 0.4640625 0.5078125 0.5046875 0.515625 0.5046875
2 0.3062500000000001 0.465625 0.3031250000000001 0.465625 0.3031250000000001 0.4921875 0.3062500000000001 0.4921875
2 0.3312500000000001 0.465625 0.3265625000000001 0.465625 0.3265625000000001 0.4921875 0.3312500000000001 0.4921875
2 0.3203125000000001 0.478125 0.3140625000000001 0.478125 0.3140625000000001 0.5125 0.3203125000000001 0.5125
2 0.3671875000000001 0.48125 0.3609375000000001 0.48125 0.3609375000000001 0.521875 0.3671875000000001 0.521875
2 0.2796875000000001 0.484375 0.2750000000000001 0.484375 0.2750000000000001 0.515625 0.2796875000000001 0.515625
2 0.3968750000000001 0.459375 0.3890625000000001 0.459375 0.3890625000000001 0.490625 0.3968750000000001 0.490625
2 0.440625 0.4640625 0.434375 0.4640625 0.434375 0.5015625 0.440625 0.5015625
2 0.3500000000000001 0.45 0.3468750000000001 0.45 0.3468750000000001 0.4734375 0.3500000000000001 0.4734375
2 0.45625 0.51875 0.4421875 0.51875 0.4421875 0.578125 0.45625 0.578125
2 0.53125 0.4703125 0.5203125 0.4703125 0.5203125 0.5109375 0.53125 0.5109375
2 0.2640625000000001 0.49375 0.2593750000000001 0.49375 0.2593750000000001 0.53125 0.2640625000000001 0.53125
2 0.22812500000000008 0.4796875 0.2250000000000001 0.4796875 0.2250000000000001 0.5046875 0.22812500000000008 0.5046875
2 0.74375 0.4656250000000002 0.740625 0.4656250000000002 0.740625 0.4937500000000002 0.74375 0.4937500000000002
2 0.3750000000000001 0.4609375 0.3687500000000001 0.4609375 0.3687500000000001 0.4921875 0.3750000000000001 0.4921875
2 0.4953125 0.44375 0.4859375 0.44375 0.4859375 0.475 0.4953125 0.475
2 0.36406250000000007 0.459375 0.3593750000000001 0.459375 0.3593750000000001 0.48125 0.36406250000000007 0.48125
2 0.34062500000000007 0.453125 0.3359375000000001 0.453125 0.3359375000000001 0.478125 0.34062500000000007 0.478125
2 0.16406250000000008 0.5640625 0.15625000000000008 0.5640625 0.15625000000000008 0.603125 0.16406250000000008 0.603125
2 0.4140625 0.4546875 0.4078125 0.4546875 0.4078125 0.4734375 0.4140625 0.4734375
2 0.3671875000000001 0.446875 0.36406250000000007 0.446875 0.36406250000000007 0.4640625 0.3671875000000001 0.4640625
2 0.2968750000000001 0.4703125 0.29375000000000007 0.4703125 0.29375000000000007 0.5015625 0.2968750000000001 0.5015625