0 0.5859375 0.575 0.584375 0.575 0.584375 0.578125 0.5859375 0.578125
2 0.6421875 0.5640625 0.6375 0.5640625 0.6375 0.596875 0.6421875 0.596875
2 0.534375 0.5484375 0.5296875 0.5484375 0.5296875 0.5765625 0.534375 0.5765625
2 0.515625 0.5546875 0.5109375 0.5546875 0.5109375 0.5875 0.515625 0.5875
2 0.565625 0.5515625 0.5609375 0.5515625 0.5609375 0.5734375 0.565625 0.5734375
2 0.4390625 0.5640625 0.4328125 0.5640625 0.4328125 0.5984375 0.4390625 0.5984375
2 0.6625 0.55 0.659375 0.55 0.659375 0.5765625 0.6625 0.5765625
2 0.6 0.5625 0.59375 0.5625 0.59375 0.590625 0.6 0.590625
2 0.684375 0.56875 0.6796875 0.56875 0.6796875 0.6015625 0.684375 0.6015625
2 0.7109375 0.5625 0.7078125 0.5625 0.7078125 0.59375 0.7109375 0.59375
2 0.6234375 0.559375 0.615625 0.559375 0.615625 0.59375 0.6234375 0.59375
2 0.728125 0.5906250000000001 0.721875 0.590625 0.721875 0.6343750000000001 0.728125 0.6343750000000001
2 0.7609375 0.5546875000000002 0.7578125 0.5546875000000002 0.7578125 0.5796875000000001 0.7609375 0.5796875000000001
2 0.2734375000000001 0.5359375 0.27031250000000007 0.5359375 0.27031250000000007 0.5640625 0.2734375000000001 0.5640625
2 0.703125 0.5765625 0.6984375 0.5765625 0.6984375 0.6109375 0.703125 0.6109375
2 0.634375 0.6 0.628125 0.6 0.628125 0.65 0.634375 0.65
2 0.653125 0.5578125 0.6484375 0.5578125 0.6484375 0.5890625 0.653125 0.5890625
2 0.6109375 0.5515625 0.60625 0.5515625 0.60625 0.5828125 0.6109375 0.5828125
2 0.4640625 0.540625 0.459375 0.540625 0.459375 0.5703125 0.4640625 0.5703125
2 0.5796875 0.540625 0.575 0.540625 0.575 0.5640625 0.5796875 0.5640625
2 0.434375 0.596875 0.425 0.596875 0.425 0.65 0.434375 0.65
2 0.5640625 0.5703125 0.55625 0.5703125 0.55625 0.6046875 0.5640625 0.6046875
2 0.596875 0.565625 0.590625 0.565625 0.590625 0.590625 0.596875 0.590625