2 0.74375 0.4703125000000002 0.7390625 0.4703125000000002 0.7390625 0.4984375000000002 0.74375 0.4984375000000002
2 0.4125 0.453125 0.40625 0.453125 0.40625 0.4828125 0.4125 0.4828125
2 0.2765625000000001 0.49375 0.27031250000000007 0.49375 0.27031250000000007 0.528125 0.2765625000000001 0.528125
2 0.3187500000000001 0.465625 0.3156250000000001 0.465625 0.3156250000000001 0.490625 0.3187500000000001 0.490625
2 0.2390625000000001 0.475 0.23437500000000008 0.475 0.23437500000000008 0.5 0.2390625000000001 0.5
2 0.4515625 0.459375 0.44375 0.459375 0.44375 0.4921875 0.4515625 0.4921875
2 0.3281250000000001 0.4578125 0.32500000000000007 0.4578125 0.32500000000000007 0.48125 0.3281250000000001 0.48125
2 0.3296875000000001 0.4765625 0.3234375000000001 0.4765625 0.3234375000000001 0.5109375 0.3296875000000001 0.5109375
2 0.3859375000000001 0.4640625 0.3812500000000001 0.4640625 0.3812500000000001 0.490625 0.3859375000000001 0.490625
2 0.3812500000000001 0.4875 0.3734375000000001 0.4875 0.3734375000000001 0.525 0.3812500000000001 0.525
2 0.30156250000000007 0.46875 0.2968750000000001 0.46875 0.2968750000000001 0.503125 0.30156250000000007 0.503125
2 0.3109375000000001 0.4703125 0.3062500000000001 0.4703125 0.3062500000000001 0.503125 0.3109375000000001 0.503125
2 0.22812500000000008 0.5390625 0.21875000000000008 0.5390625 0.21875000000000008 0.5953125 0.22812500000000008 0.5953125
2 0.5234375 0.45 0.5171875 0.45 0.5171875 0.4875 0.5234375 0.4875
2 0.434375 0.453125 0.428125 0.453125 0.428125 0.4796875 0.434375 0.4796875
2 0.546875 0.4578125 0.5390625 0.4578125 0.5390625 0.4953125 0.546875 0.4953125
2 0.4421875 0.4453125 0.4375 0.4453125 0.4375 0.4671875 0.4421875 0.4671875
2 0.3687500000000001 0.44375 0.3656250000000001 0.44375 0.3656250000000001 0.4671875 0.3687500000000001 0.4671875
2 0.4984375 0.5046875 0.4859375 0.5046875 0.4859375 0.5671875 0.4984375 0.5671875
2 0.37187500000000007 0.446875 0.3671875000000001 0.446875 0.3671875000000001 0.471875 0.37187500000000007 0.471875
2 0.521875 0.44375 0.515625 0.44375 0.515625 0.465625 0.521875 0.465625
2 0.3593750000000001 0.446875 0.35625000000000007 0.446875 0.35625000000000007 0.4703125 0.3593750000000001 0.4703125
2 0.36406250000000007 0.4453125 0.3609375000000001 0.4453125 0.3609375000000001 0.4703125 0.36406250000000007 0.4703125
0 0.37968750000000007 0.45625 0.3781250000000001 0.45625 0.3781250000000001 0.4625 0.37968750000000007 0.4625