0 0.3843750000000001 0.453125 0.3828125000000001 0.453125 0.3828125000000001 0.459375 0.3843750000000001 0.459375
2 0.3031250000000001 0.46875 0.2968750000000001 0.46875 0.2968750000000001 0.503125 0.3031250000000001 0.503125
2 0.3265625000000001 0.4578125 0.3234375000000001 0.4578125 0.3234375000000001 0.4828125 0.3265625000000001 0.4828125
2 0.2390625000000001 0.4765625 0.23593750000000008 0.4765625 0.23593750000000008 0.5 0.2390625000000001 0.5
2 0.4390625 0.4484375 0.4328125 0.4484375 0.4328125 0.475 0.4390625 0.475
2 0.27812500000000007 0.4921875 0.2734375000000001 0.4921875 0.2734375000000001 0.53125 0.27812500000000007 0.53125
2 0.5484375 0.4515625 0.540625 0.4515625 0.540625 0.4953125 0.5484375 0.4953125
2 0.3203125000000001 0.4640625 0.31718750000000007 0.4640625 0.31718750000000007 0.490625 0.3203125000000001 0.490625
2 0.33281250000000007 0.475 0.3265625000000001 0.475 0.3265625000000001 0.509375 0.33281250000000007 0.509375
2 0.3156250000000001 0.4703125 0.30937500000000007 0.4703125 0.30937500000000007 0.5015625 0.3156250000000001 0.5015625
2 0.4171875 0.453125 0.4109375 0.453125 0.4109375 0.48125 0.4171875 0.48125
2 0.45625 0.4546875 0.4484375 0.4546875 0.4484375 0.4890625 0.45625 0.4890625
2 0.3843750000000001 0.4875 0.3781250000000001 0.4875 0.3781250000000001 0.525 0.3843750000000001 0.525
2 0.3890625000000001 0.4609375 0.3828125000000001 0.4609375 0.3828125000000001 0.4921875 0.3890625000000001 0.4921875
2 0.3765625000000001 0.4484375 0.3703125000000001 0.4484375 0.3703125000000001 0.475 0.3765625000000001 0.475
2 0.3609375000000001 0.4453125 0.3578125000000001 0.4453125 0.3578125000000001 0.471875 0.3609375000000001 0.471875
2 0.509375 0.50625 0.4953125 0.50625 0.4953125 0.5609375 0.509375 0.5609375
2 0.4453125 0.44375 0.440625 0.44375 0.440625 0.4703125 0.4453125 0.4703125
2 0.2375000000000001 0.540625 0.2296875000000001 0.540625 0.2296875000000001 0.596875 0.2375000000000001 0.596875
2 0.528125 0.4421875 0.5234375 0.4421875 0.5234375 0.4703125 0.528125 0.4703125
2 0.5265625 0.4484375 0.51875 0.4484375 0.51875 0.4796875 0.5265625 0.4796875
2 0.37187500000000007 0.4453125 0.3687500000000001 0.4453125 0.3687500000000001 0.4625 0.37187500000000007 0.4625
2 0.3656250000000001 0.4484375 0.3625000000000001 0.4484375 0.3625000000000001 0.4671875 0.3656250000000001 0.4671875
2 0.74375 0.46875000000000017 0.7390625 0.46875000000000017 0.7390625 0.49531250000000016 0.74375 0.49531250000000016