0 0.3859375000000001 0.453125 0.3843750000000001 0.453125 0.3843750000000001 0.459375 0.3859375000000001 0.459375
2 0.3031250000000001 0.4671875 0.2984375000000001 0.4671875 0.2984375000000001 0.5015625 0.3031250000000001 0.5015625
2 0.525 0.45 0.51875 0.45 0.51875 0.4796875 0.525 0.4796875
2 0.3359375000000001 0.4734375 0.3281250000000001 0.4734375 0.3281250000000001 0.5078125 0.3359375000000001 0.5078125
2 0.3281250000000001 0.45625 0.32500000000000007 0.45625 0.32500000000000007 0.4828125 0.3281250000000001 0.4828125
2 0.2406250000000001 0.475 0.2375000000000001 0.475 0.2375000000000001 0.5 0.2406250000000001 0.5
2 0.27812500000000007 0.4921875 0.2750000000000001 0.4921875 0.2750000000000001 0.53125 0.27812500000000007 0.53125
2 0.3906250000000001 0.4625 0.3843750000000001 0.4625 0.3843750000000001 0.4921875 0.3906250000000001 0.4921875
2 0.41875 0.4515625 0.4125 0.4515625 0.4125 0.4796875 0.41875 0.4796875
2 0.3187500000000001 0.46875 0.3125000000000001 0.46875 0.3125000000000001 0.5015625 0.3187500000000001 0.5015625
2 0.5125 0.503125 0.4984375 0.503125 0.4984375 0.559375 0.5125 0.559375
2 0.2406250000000001 0.5359375 0.2328125000000001 0.5359375 0.2328125000000001 0.5921875 0.2406250000000001 0.5921875
2 0.55 0.453125 0.5421875 0.453125 0.5421875 0.4921875 0.55 0.4921875
2 0.440625 0.45 0.4359375 0.45 0.4359375 0.475 0.440625 0.475
2 0.45625 0.453125 0.45 0.453125 0.45 0.4859375 0.45625 0.4859375
2 0.38750000000000007 0.4875 0.3812500000000001 0.4875 0.3812500000000001 0.525 0.38750000000000007 0.525
2 0.446875 0.44375 0.4421875 0.44375 0.4421875 0.4671875 0.446875 0.4671875
2 0.3609375000000001 0.4453125 0.3578125000000001 0.4453125 0.3578125000000001 0.4703125 0.3609375000000001 0.4703125
2 0.7421875 0.4671875000000002 0.7390625 0.4671875000000002 0.7390625 0.4937500000000002 0.7421875 0.4937500000000002
2 0.3750000000000001 0.440625 0.3703125000000001 0.440625 0.3703125000000001 0.4640625 0.3750000000000001 0.4640625
2 0.3203125000000001 0.4625 0.31718750000000007 0.4625 0.31718750000000007 0.4921875 0.3203125000000001 0.4921875
2 0.3687500000000001 0.44375 0.36406250000000007 0.44375 0.36406250000000007 0.465625 0.3687500000000001 0.465625
2 0.5296875 0.4453125 0.5234375 0.4453125 0.5234375 0.471875 0.5296875 0.471875
2 0.3781250000000001 0.44375 0.3734375000000001 0.44375 0.3734375000000001 0.4671875 0.3781250000000001 0.4671875