0 0.3890625000000001 0.45 0.38750000000000007 0.45 0.38750000000000007 0.45625 0.3890625000000001 0.45625
2 0.3062500000000001 0.46875 0.30156250000000007 0.46875 0.30156250000000007 0.503125 0.3062500000000001 0.503125
2 0.3421875000000001 0.471875 0.3343750000000001 0.471875 0.3343750000000001 0.509375 0.3421875000000001 0.509375
2 0.5296875 0.4453125 0.521875 0.4453125 0.521875 0.4765625 0.5296875 0.4765625
2 0.4609375 0.4546875 0.453125 0.4546875 0.453125 0.4890625 0.4609375 0.4890625
2 0.521875 0.496875 0.509375 0.496875 0.509375 0.55625 0.521875 0.55625
2 0.24375000000000008 0.475 0.2390625000000001 0.475 0.2390625000000001 0.5 0.24375000000000008 0.5
2 0.2531250000000001 0.5359375 0.2453125000000001 0.5359375 0.2453125000000001 0.590625 0.2531250000000001 0.590625
2 0.446875 0.446875 0.4375 0.446875 0.4375 0.4765625 0.446875 0.4765625
2 0.553125 0.4515625 0.5453125 0.4515625 0.5453125 0.4890625 0.553125 0.4890625
2 0.3781250000000001 0.440625 0.3750000000000001 0.440625 0.3750000000000001 0.4546875 0.3781250000000001 0.4546875
2 0.740625 0.4671875000000002 0.7359375 0.4671875000000002 0.7359375 0.49531250000000016 0.740625 0.49531250000000016
2 0.3625000000000001 0.4453125 0.3593750000000001 0.4453125 0.3593750000000001 0.471875 0.3625000000000001 0.471875
2 0.2812500000000001 0.4953125 0.2750000000000001 0.4953125 0.2750000000000001 0.5328125 0.2812500000000001 0.5328125
2 0.3828125000000001 0.4421875 0.3781250000000001 0.4421875 0.3781250000000001 0.4640625 0.3828125000000001 0.4640625
2 0.3234375000000001 0.4671875 0.31718750000000007 0.4671875 0.31718750000000007 0.5 0.3234375000000001 0.5
2 0.37187500000000007 0.44375 0.3671875000000001 0.44375 0.3671875000000001 0.465625 0.37187500000000007 0.465625
2 0.534375 0.4421875 0.528125 0.4421875 0.528125 0.471875 0.534375 0.471875
2 0.3937500000000001 0.484375 0.38750000000000007 0.484375 0.38750000000000007 0.5234375 0.3937500000000001 0.5234375
2 0.39531250000000007 0.4578125 0.3890625000000001 0.4578125 0.3890625000000001 0.4890625 0.39531250000000007 0.4890625
2 0.4234375 0.4515625 0.41875 0.4515625 0.41875 0.4765625 0.4234375 0.4765625
2 0.4515625 0.4421875 0.446875 0.4421875 0.446875 0.465625 0.4515625 0.465625
2 0.3281250000000001 0.4578125 0.32500000000000007 0.4578125 0.32500000000000007 0.4828125 0.3281250000000001 0.4828125