0 0.621875 0.459375 0.6203125 0.459375 0.6203125 0.4671875 0.621875 0.4671875
2 0.4046875 0.51875 0.39531250000000007 0.51875 0.39531250000000007 0.575 0.4046875 0.575
2 0.4484375 0.459375 0.4390625 0.459375 0.4390625 0.496875 0.4484375 0.496875
2 0.684375 0.4953125 0.675 0.4953125 0.675 0.5375 0.684375 0.5375
2 0.3828125000000001 0.465625 0.3765625000000001 0.465625 0.3765625000000001 0.5046875 0.3828125000000001 0.5046875
2 0.6359375 0.4484375 0.6296875 0.4484375 0.6296875 0.478125 0.6359375 0.478125
2 0.6578125 0.4703125 0.653125 0.4703125 0.653125 0.503125 0.6578125 0.503125
2 0.409375 0.4515625 0.40625 0.4515625 0.40625 0.4765625 0.409375 0.4765625
2 0.4609375 0.43125 0.45625 0.43125 0.45625 0.4546875 0.4609375 0.4546875
2 0.475 0.434375 0.4703125 0.434375 0.4703125 0.4609375 0.475 0.4609375
2 0.6265625 0.4453125 0.621875 0.4453125 0.621875 0.471875 0.6265625 0.471875
2 0.5796875 0.446875 0.5703125 0.446875 0.5703125 0.484375 0.5796875 0.484375
2 0.5875 0.4890625 0.58125 0.4890625 0.58125 0.53125 0.5875 0.53125
2 0.515625 0.4265625 0.5109375 0.4265625 0.5109375 0.453125 0.515625 0.453125
2 0.7734375 0.4656250000000002 0.7703125 0.4656250000000002 0.7703125 0.4906250000000002 0.7734375 0.4906250000000002
2 0.6109375 0.4375 0.6046875 0.4375 0.6046875 0.4640625 0.6109375 0.4640625
2 0.5328125 0.4453125 0.5265625 0.4453125 0.5265625 0.475 0.5328125 0.475
2 0.4984375 0.4453125 0.49375 0.4453125 0.49375 0.4734375 0.4984375 0.4734375
2 0.5515625 0.434375 0.546875 0.434375 0.546875 0.459375 0.5515625 0.459375
2 0.503125 0.4390625 0.4984375 0.4390625 0.4984375 0.471875 0.503125 0.471875
2 0.421875 0.4390625 0.4171875 0.4390625 0.4171875 0.4609375 0.421875 0.4609375
2 0.2828125000000001 0.471875 0.2796875000000001 0.471875 0.2796875000000001 0.4984375 0.2828125000000001 0.4984375
2 0.5078125 0.4359375 0.503125 0.4359375 0.503125 0.4625 0.5078125 0.4625
2 0.578125 0.428125 0.571875 0.428125 0.571875 0.453125 0.578125 0.453125
2 0.5328125 0.4265625 0.528125 0.4265625 0.528125 0.4453125 0.5328125 0.4453125