0 0.6375 0.4828125 0.6359375 0.4828125 0.6359375 0.490625 0.6375 0.490625
2 0.6875 0.4953125 0.6796875 0.4953125 0.6796875 0.5359375 0.6875 0.5359375
2 0.6578125 0.46875 0.65 0.46875 0.65 0.503125 0.6578125 0.503125
2 0.453125 0.459375 0.4453125 0.459375 0.4453125 0.496875 0.453125 0.496875
2 0.4734375 0.434375 0.46875 0.434375 0.46875 0.4578125 0.4734375 0.4578125
2 0.4109375 0.51875 0.4015625 0.51875 0.4015625 0.58125 0.4109375 0.58125
2 0.3843750000000001 0.4625 0.3781250000000001 0.4625 0.3781250000000001 0.5046875 0.3843750000000001 0.5046875
2 0.5921875 0.4859375 0.5828125 0.4859375 0.5828125 0.5296875 0.5921875 0.5296875
2 0.5546875 0.4390625 0.5484375 0.4390625 0.5484375 0.45625 0.5546875 0.45625
2 0.4109375 0.453125 0.4078125 0.453125 0.4078125 0.4765625 0.4109375 0.4765625
2 0.459375 0.4328125 0.4546875 0.4328125 0.4546875 0.4546875 0.459375 0.4546875
2 0.5375 0.4453125 0.5296875 0.4453125 0.5296875 0.475 0.5375 0.475
2 0.6125 0.440625 0.6078125 0.440625 0.6078125 0.4640625 0.6125 0.4640625
2 0.6390625 0.4484375 0.634375 0.4484375 0.634375 0.478125 0.6390625 0.478125
2 0.6296875 0.4453125 0.6234375 0.4453125 0.6234375 0.4734375 0.6296875 0.4734375
2 0.421875 0.4421875 0.4171875 0.4421875 0.4171875 0.4640625 0.421875 0.4640625
2 0.5828125 0.4484375 0.5703125 0.4484375 0.5703125 0.4828125 0.5828125 0.4828125
2 0.775 0.4656250000000002 0.771875 0.4656250000000002 0.771875 0.4906250000000002 0.775 0.4906250000000002
2 0.2843750000000001 0.471875 0.2796875000000001 0.471875 0.2796875000000001 0.5015625 0.2843750000000001 0.5015625
2 0.5109375 0.434375 0.50625 0.434375 0.50625 0.4609375 0.5109375 0.4609375
2 0.5015625 0.44375 0.4953125 0.44375 0.4953125 0.4734375 0.5015625 0.4734375
2 0.50625 0.44375 0.5 0.44375 0.5 0.4765625 0.50625 0.4765625
2 0.5171875 0.428125 0.5109375 0.428125 0.5109375 0.4515625 0.5171875 0.4515625
2 0.5796875 0.43125 0.5765625 0.43125 0.5765625 0.45 0.5796875 0.45
2 0.5359375 0.425 0.53125 0.425 0.53125 0.446875 0.5359375 0.446875