0 0.6515625 0.459375 0.65 0.459375 0.65 0.4671875 0.6515625 0.4671875
2 0.4234375 0.5234375 0.4140625 0.5234375 0.4140625 0.5859375 0.4234375 0.5859375
2 0.603125 0.4953125 0.596875 0.4953125 0.596875 0.5421875 0.603125 0.5421875
2 0.6890625 0.49375 0.6796875 0.49375 0.6796875 0.5359375 0.6890625 0.5359375
2 0.646875 0.45625 0.6421875 0.45625 0.6421875 0.4859375 0.646875 0.4859375
2 0.45625 0.4421875 0.4515625 0.4421875 0.4515625 0.459375 0.45625 0.459375
2 0.6578125 0.475 0.65 0.475 0.65 0.5078125 0.6578125 0.5078125
2 0.428125 0.4453125 0.425 0.4453125 0.425 0.46875 0.428125 0.46875
2 0.465625 0.4625 0.4578125 0.4625 0.4578125 0.5015625 0.465625 0.5015625
2 0.6328125 0.453125 0.628125 0.453125 0.628125 0.48125 0.6328125 0.48125
2 0.5875 0.4546875 0.578125 0.4546875 0.578125 0.4890625 0.5875 0.4890625
2 0.61875 0.4421875 0.6140625 0.4421875 0.6140625 0.46875 0.61875 0.46875
2 0.5125 0.4515625 0.50625 0.4515625 0.50625 0.4828125 0.5125 0.4828125
2 0.5625 0.4390625 0.55625 0.4390625 0.55625 0.4625 0.5625 0.4625
2 0.4171875 0.4578125 0.4125 0.4578125 0.4125 0.4859375 0.4171875 0.4859375
2 0.54375 0.43125 0.5390625 0.43125 0.5390625 0.45625 0.54375 0.45625
2 0.3921875000000001 0.46875 0.3859375000000001 0.46875 0.3859375000000001 0.509375 0.3921875000000001 0.509375
2 0.590625 0.4390625 0.5859375 0.4390625 0.5859375 0.4578125 0.590625 0.4578125
2 0.5484375 0.45 0.5421875 0.45 0.5421875 0.4828125 0.5484375 0.4828125
2 0.2828125000000001 0.4765625 0.2796875000000001 0.4765625 0.2796875000000001 0.5046875 0.2828125000000001 0.5046875
2 0.471875 0.4421875 0.4671875 0.4421875 0.4671875 0.4640625 0.471875 0.4640625
2 0.7796875 0.4734375000000002 0.7765625 0.4734375000000002 0.7765625 0.49531250000000016 0.7796875 0.49531250000000016
2 0.51875 0.440625 0.5125 0.440625 0.5125 0.46875 0.51875 0.46875