0 0.646875 0.484375 0.64375 0.484375 0.64375 0.490625 0.646875 0.490625
2 0.6359375 0.45625 0.63125 0.45625 0.63125 0.4875 0.6359375 0.4875
2 0.671875 0.4859375 0.665625 0.4859375 0.665625 0.5203125 0.671875 0.5203125
2 0.40625 0.471875 0.3968750000000001 0.471875 0.3968750000000001 0.5125 0.40625 0.5125
2 0.490625 0.465625 0.48125 0.465625 0.48125 0.5078125 0.490625 0.5078125
2 0.621875 0.503125 0.6109375 0.503125 0.6109375 0.55 0.621875 0.55
2 0.2812500000000001 0.4765625 0.2765625000000001 0.4765625 0.2765625000000001 0.50625 0.2812500000000001 0.50625
2 0.428125 0.5234375 0.41875 0.5234375 0.41875 0.5890625 0.428125 0.5890625
2 0.5953125 0.459375 0.5875 0.459375 0.5875 0.49375 0.5953125 0.49375
2 0.528125 0.44375 0.5234375 0.44375 0.5234375 0.46875 0.528125 0.46875
2 0.51875 0.453125 0.5125 0.453125 0.5125 0.4875 0.51875 0.4875
2 0.5515625 0.428125 0.546875 0.428125 0.546875 0.4546875 0.5515625 0.4546875
2 0.471875 0.440625 0.465625 0.440625 0.465625 0.4640625 0.471875 0.4640625
2 0.5640625 0.4515625 0.5578125 0.4515625 0.5578125 0.48125 0.5640625 0.48125
2 0.425 0.4546875 0.41875 0.4546875 0.41875 0.48125 0.425 0.48125
2 0.65625 0.4765625 0.65 0.4765625 0.65 0.5109375 0.65625 0.5109375
2 0.6578125 0.459375 0.653125 0.459375 0.653125 0.484375 0.6578125 0.484375
2 0.571875 0.440625 0.565625 0.440625 0.565625 0.4640625 0.571875 0.4640625
2 0.4359375 0.4453125 0.43125 0.4453125 0.43125 0.471875 0.4359375 0.471875
2 0.6015625 0.4390625 0.596875 0.4390625 0.596875 0.4609375 0.6015625 0.4609375
2 0.6296875 0.44375 0.625 0.44375 0.625 0.46875 0.6296875 0.46875
2 0.4484375 0.4421875 0.44375 0.4421875 0.44375 0.4578125 0.4484375 0.4578125
2 0.51875 0.4296875 0.5125 0.4296875 0.5125 0.45625 0.51875 0.45625
2 0.784375 0.4703125000000002 0.778125 0.4703125000000002 0.778125 0.49531250000000016 0.784375 0.49531250000000016