0 0.646875 0.496875 0.64375 0.496875 0.64375 0.5046875 0.646875 0.5046875
2 0.4921875 0.4640625 0.4828125 0.4640625 0.4828125 0.5046875 0.4921875 0.5046875
2 0.6703125 0.484375 0.6609375 0.484375 0.6609375 0.51875 0.6703125 0.51875
2 0.2812500000000001 0.478125 0.2765625000000001 0.478125 0.2765625000000001 0.50625 0.2812500000000001 0.50625
2 0.5953125 0.4609375 0.5890625 0.4609375 0.5890625 0.4921875 0.5953125 0.4921875
2 0.40625 0.471875 0.3984375000000001 0.471875 0.3984375000000001 0.515625 0.40625 0.515625
2 0.553125 0.43125 0.5484375 0.43125 0.5484375 0.4546875 0.553125 0.4546875
2 0.5296875 0.44375 0.525 0.44375 0.525 0.4703125 0.5296875 0.4703125
2 0.425 0.45625 0.4203125 0.45625 0.4203125 0.4828125 0.425 0.4828125
2 0.5734375 0.440625 0.56875 0.440625 0.56875 0.4671875 0.5734375 0.4671875
2 0.6359375 0.459375 0.63125 0.459375 0.63125 0.4921875 0.6359375 0.4921875
2 0.51875 0.453125 0.5125 0.453125 0.5125 0.4859375 0.51875 0.4859375
2 0.428125 0.525 0.4203125 0.525 0.4203125 0.5859375 0.428125 0.5859375
2 0.565625 0.4515625 0.559375 0.4515625 0.559375 0.4828125 0.565625 0.4828125
2 0.6296875 0.45 0.625 0.45 0.625 0.4734375 0.6296875 0.4734375
2 0.65625 0.475 0.65 0.475 0.65 0.5125 0.65625 0.5125
2 0.471875 0.440625 0.465625 0.440625 0.465625 0.465625 0.471875 0.465625
2 0.6234375 0.5046875 0.615625 0.5046875 0.615625 0.553125 0.6234375 0.553125
2 0.603125 0.4421875 0.5984375 0.4421875 0.5984375 0.4640625 0.603125 0.4640625
2 0.659375 0.4578125 0.6546875 0.4578125 0.6546875 0.490625 0.659375 0.490625
2 0.446875 0.44375 0.4421875 0.44375 0.4421875 0.4625 0.446875 0.4625
2 0.4375 0.4453125 0.4328125 0.4453125 0.4328125 0.471875 0.4375 0.471875
2 0.51875 0.428125 0.5109375 0.428125 0.5109375 0.453125 0.51875 0.453125
2 0.784375 0.4703125000000002 0.778125 0.4703125000000002 0.778125 0.49531250000000016 0.784375 0.49531250000000016