0 0.6234375 0.496875 0.621875 0.496875 0.621875 0.503125 0.6234375 0.503125
2 0.6671875 0.4609375 0.6609375 0.4609375 0.6609375 0.4953125 0.6671875 0.4953125
2 0.4328125 0.5265625 0.41875 0.5265625 0.41875 0.5859375 0.4328125 0.5859375
2 0.5828125 0.4421875 0.578125 0.4421875 0.578125 0.46875 0.5828125 0.46875
2 0.4796875 0.4421875 0.4734375 0.4421875 0.4734375 0.4703125 0.4796875 0.4703125
2 0.6375 0.5125 0.6296875 0.5125 0.6296875 0.56875 0.6375 0.56875
2 0.6390625 0.4484375 0.634375 0.4484375 0.634375 0.475 0.6390625 0.475
2 0.634375 0.46875 0.6265625 0.46875 0.6265625 0.5 0.634375 0.5
2 0.571875 0.453125 0.565625 0.453125 0.565625 0.484375 0.571875 0.484375
2 0.27812500000000007 0.478125 0.2750000000000001 0.478125 0.2750000000000001 0.5078125 0.27812500000000007 0.5078125
2 0.40625 0.4734375 0.4 0.4734375 0.4 0.51875 0.40625 0.51875
2 0.5109375 0.4703125 0.5015625 0.4703125 0.5015625 0.5125 0.5109375 0.5125
2 0.6421875 0.4796875 0.6328125 0.4796875 0.6328125 0.51875 0.6421875 0.51875
2 0.6046875 0.465625 0.5953125 0.465625 0.5953125 0.4984375 0.6046875 0.4984375
2 0.5609375 0.43125 0.55625 0.43125 0.55625 0.45625 0.5609375 0.45625
2 0.5203125 0.4546875 0.5125 0.4546875 0.5125 0.49375 0.5203125 0.49375
2 0.5375 0.4453125 0.5328125 0.4453125 0.5328125 0.471875 0.5375 0.471875
2 0.6109375 0.440625 0.60625 0.440625 0.60625 0.4625 0.6109375 0.4625
2 0.44375 0.44375 0.4390625 0.44375 0.4390625 0.465625 0.44375 0.465625
2 0.43125 0.45625 0.4234375 0.45625 0.4234375 0.4875 0.43125 0.4875
2 0.440625 0.45 0.4359375 0.45 0.4359375 0.4796875 0.440625 0.4796875
2 0.5125 0.4390625 0.50625 0.4390625 0.50625 0.453125 0.5125 0.453125
2 0.65 0.475 0.6453125 0.475 0.6453125 0.5125 0.65 0.5125
2 0.784375 0.46875000000000017 0.7796875 0.46875000000000017 0.7796875 0.49531250000000016 0.784375 0.49531250000000016