2 0.6328125 0.4171875 0.6140625 0.4171875 0.6140625 0.471875 0.6328125 0.471875
2 0.403125 0.2796875000000001 0.390625 0.2796875000000001 0.390625 0.3234375000000001 0.403125 0.3234375000000001
2 0.6125 0.3781250000000001 0.59375 0.3781250000000001 0.59375 0.425 0.6125 0.425
1 0.13750000000000004 0.2921875 0.12031250000000004 0.2921875 0.12031250000000004 0.3421875 0.13750000000000004 0.3421875
3 0.4140625 0.409375 0.3937500000000001 0.409375 0.3937500000000001 0.4734375 0.4140625 0.4734375
2 0.33437500000000003 0.3609375 0.321875 0.3609375 0.321875 0.4109375 0.3343750000000001 0.4109375
2 0.5296875 0.34843750000000007 0.5171875 0.34843750000000007 0.5171875 0.4046875 0.5296875 0.4046875
2 0.25468750000000007 0.328125 0.2359375 0.328125 0.23593750000000005 0.3796875 0.25468750000000007 0.3796875
2 0.721875 0.3109375000000001 0.703125 0.3109375000000001 0.703125 0.36406250000000007 0.721875 0.36406250000000007
2 0.22656250000000008 0.365625 0.2093750000000001 0.365625 0.2093750000000001 0.421875 0.22656250000000008 0.421875
2 0.44375 0.27812500000000007 0.4296875 0.27812500000000007 0.4296875 0.3234375000000001 0.44375 0.3234375000000001
2 0.20468750000000005 0.346875 0.18750000000000006 0.346875 0.18750000000000006 0.4046875 0.20468750000000008 0.4046875
2 0.8671875 0.3359375000000001 0.8484375 0.3359375000000001 0.8484375 0.38750000000000007 0.8671875 0.38750000000000007
2 0.696875 0.3078125000000001 0.6828125 0.3078125000000001 0.6828125 0.3593750000000001 0.696875 0.3593750000000001
2 0.4796875 0.36406250000000007 0.4625 0.36406250000000007 0.4625 0.41875 0.4796875 0.41875
2 0.4921875 0.40625 0.4765625 0.40625 0.4765625 0.4703125 0.4921875 0.4703125
2 0.5578125 0.3156250000000001 0.5421875 0.3156250000000001 0.5421875 0.3656250000000001 0.5578125 0.3656250000000001
2 0.3765625000000001 0.39062500000000006 0.3546875000000001 0.390625 0.3546875000000001 0.4515625 0.3765625000000001 0.4515625
2 0.6140625 0.46875 0.5859375 0.46875 0.5859375 0.534375 0.6140625 0.534375
2 0.4125 0.49375 0.37968750000000007 0.49375 0.37968750000000007 0.5640625 0.4125 0.5640625
2 0.8046875 0.42187500000000017 0.784375 0.42187500000000017 0.784375 0.49218750000000017 0.8046875 0.49218750000000017
2 0.2890625000000001 0.4328125 0.2640625000000001 0.4328125 0.2640625000000001 0.503125 0.2890625000000001 0.503125
3 0.94375 0.7640625000000002 0.9125 0.7640625000000002 0.9125 0.884375 0.94375 0.884375
0 0.4921875 0.4578125 0.48125 0.4578125 0.48125 0.4765625 0.4921875 0.4765625
3 0.48125 0.19531250000000006 0.4671875 0.19531250000000006 0.4671875 0.23593750000000008 0.48125 0.23593750000000008