2 0.50625 0.2843750000000001 0.4921875 0.2843750000000001 0.4921875 0.3296875000000001 0.50625 0.3296875000000001
2 0.2062500000000001 0.3984375 0.19062500000000004 0.3984375 0.19062500000000004 0.459375 0.2062500000000001 0.459375
3 0.2578125 0.203125 0.2453125 0.203125 0.2453125 0.246875 0.2578125 0.246875
2 0.20625000000000004 0.353125 0.19062500000000004 0.353125 0.19062500000000004 0.403125 0.2062500000000001 0.403125
2 0.515625 0.3031250000000001 0.5015625 0.3031250000000001 0.5015625 0.3500000000000001 0.515625 0.3500000000000001
0 0.625 0.41875 0.61875 0.41875 0.61875 0.43125 0.625 0.43125
2 0.359375 0.234375 0.3453125 0.234375 0.3453125 0.2734375 0.359375 0.2734375
2 0.65625 0.22656250000000008 0.646875 0.22656250000000008 0.646875 0.2734375000000001 0.65625 0.2734375000000001
2 0.4625 0.2171875000000001 0.446875 0.2171875000000001 0.446875 0.2578125000000001 0.4625 0.2578125000000001
2 0.5359375 0.2656250000000001 0.525 0.2656250000000001 0.525 0.31718750000000007 0.5359375 0.31718750000000007
2 0.6296875 0.2296875000000001 0.61875 0.2296875000000001 0.61875 0.2750000000000001 0.6296875 0.2750000000000001
3 0.4609375 0.3125000000000001 0.446875 0.3125000000000001 0.446875 0.3671875000000001 0.4609375 0.3671875000000001
2 0.25 0.2703125 0.2359375 0.2703125 0.2359375 0.321875 0.25 0.321875
2 0.353125 0.2765625 0.340625 0.2765625 0.340625 0.33125 0.353125 0.33125
2 0.36875 0.31250000000000006 0.3546875 0.3125 0.3546875 0.35937500000000006 0.36875 0.3593750000000001
2 0.66875 0.2453125000000001 0.65625 0.2453125000000001 0.65625 0.2953125000000001 0.66875 0.2953125000000001
2 0.7359375 0.2890625000000001 0.721875 0.2890625000000001 0.721875 0.3500000000000001 0.7359375 0.3500000000000001
2 0.3171875 0.290625 0.3015625 0.290625 0.3015625 0.3453125 0.3171875 0.3453125
2 0.6046875 0.3062500000000001 0.590625 0.3062500000000001 0.590625 0.3593750000000001 0.6046875 0.3593750000000001
2 0.4265625 0.3156250000000001 0.4078125 0.3156250000000001 0.4078125 0.37187500000000007 0.4265625 0.37187500000000007
2 0.7109375 0.4046875 0.6890625 0.4046875 0.6890625 0.475 0.7109375 0.475
2 0.23437500000000008 0.4890625 0.2140625000000001 0.4890625 0.2140625000000001 0.5609375 0.23437500000000008 0.5609375
2 0.446875 0.2718750000000001 0.43125 0.2718750000000001 0.43125 0.32500000000000007 0.446875 0.32500000000000007