0 0.6640625 0.4890625 0.6625 0.4890625 0.6625 0.496875 0.6640625 0.496875
2 0.625 0.5421875 0.6140625 0.5421875 0.6140625 0.5984375 0.625 0.5984375
2 0.3968750000000001 0.53125 0.38750000000000007 0.53125 0.38750000000000007 0.5921875 0.3968750000000001 0.5921875
2 0.571875 0.453125 0.565625 0.453125 0.565625 0.4875 0.571875 0.4875
2 0.55 0.446875 0.54375 0.446875 0.54375 0.4765625 0.55 0.4765625
2 0.496875 0.446875 0.490625 0.446875 0.490625 0.4765625 0.496875 0.4765625
2 0.615625 0.4421875 0.6109375 0.4421875 0.6109375 0.465625 0.615625 0.465625
2 0.6203125 0.4671875 0.6140625 0.4671875 0.6140625 0.5078125 0.6203125 0.5078125
2 0.4078125 0.475 0.3984375000000001 0.475 0.3984375000000001 0.5234375 0.4078125 0.5234375
2 0.5640625 0.434375 0.5578125 0.434375 0.5578125 0.459375 0.5640625 0.459375
2 0.60625 0.478125 0.5953125 0.478125 0.5953125 0.51875 0.60625 0.51875
2 0.6015625 0.4671875 0.5921875 0.4671875 0.5921875 0.50625 0.6015625 0.50625
2 0.4375 0.453125 0.4328125 0.453125 0.4328125 0.490625 0.4375 0.490625
2 0.65 0.4515625 0.6453125 0.4515625 0.6453125 0.48125 0.65 0.48125
2 0.659375 0.4890625 0.653125 0.4890625 0.653125 0.5359375 0.659375 0.5359375
2 0.5109375 0.471875 0.5015625 0.471875 0.5015625 0.528125 0.5109375 0.528125
2 0.4328125 0.459375 0.4265625 0.459375 0.4265625 0.490625 0.4328125 0.490625
2 0.6765625 0.4671875 0.671875 0.4671875 0.671875 0.5015625 0.6765625 0.5015625
2 0.2734375000000001 0.4796875 0.27031250000000007 0.4796875 0.27031250000000007 0.5109375 0.2734375000000001 0.5109375
2 0.440625 0.4484375 0.4375 0.4484375 0.4375 0.471875 0.440625 0.471875
2 0.603125 0.4484375 0.5984375 0.4484375 0.5984375 0.4734375 0.603125 0.4734375
2 0.490625 0.4296875 0.4859375 0.4296875 0.4859375 0.4546875 0.490625 0.4546875
2 0.5078125 0.4625 0.5 0.4625 0.5 0.490625 0.5078125 0.490625
2 0.784375 0.46875000000000017 0.7796875 0.46875000000000017 0.7796875 0.49531250000000016 0.784375 0.49531250000000016