0 0.665625 0.4890625 0.6640625 0.4890625 0.6640625 0.4953125 0.665625 0.4953125
2 0.571875 0.453125 0.565625 0.453125 0.565625 0.4875 0.571875 0.4875
2 0.55 0.446875 0.54375 0.446875 0.54375 0.478125 0.55 0.478125
2 0.3968750000000001 0.53125 0.38750000000000007 0.53125 0.38750000000000007 0.59375 0.3968750000000001 0.59375
2 0.4078125 0.4765625 0.3984375000000001 0.4765625 0.3984375000000001 0.5234375 0.4078125 0.5234375
2 0.615625 0.4421875 0.6109375 0.4421875 0.6109375 0.465625 0.615625 0.465625
2 0.5109375 0.471875 0.5015625 0.471875 0.5015625 0.5265625 0.5109375 0.5265625
2 0.4984375 0.446875 0.4921875 0.446875 0.4921875 0.4765625 0.4984375 0.4765625
2 0.6 0.4671875 0.590625 0.4671875 0.590625 0.50625 0.6 0.50625
2 0.5640625 0.434375 0.5578125 0.434375 0.5578125 0.459375 0.5640625 0.459375
2 0.4375 0.4546875 0.4328125 0.4546875 0.4328125 0.4890625 0.4375 0.4890625
2 0.60625 0.48125 0.5953125 0.48125 0.5953125 0.51875 0.60625 0.51875
2 0.621875 0.540625 0.6125 0.540625 0.6125 0.6 0.621875 0.6
2 0.65 0.4515625 0.646875 0.4515625 0.646875 0.48125 0.65 0.48125
2 0.6203125 0.4671875 0.6140625 0.4671875 0.6140625 0.5078125 0.6203125 0.5078125
2 0.4328125 0.4609375 0.4265625 0.4609375 0.4265625 0.490625 0.4328125 0.490625
2 0.6046875 0.446875 0.6 0.446875 0.6 0.4703125 0.6046875 0.4703125
2 0.659375 0.490625 0.653125 0.490625 0.653125 0.5375 0.659375 0.5375
2 0.490625 0.4296875 0.484375 0.4296875 0.484375 0.4546875 0.490625 0.4546875
2 0.2734375000000001 0.4796875 0.27031250000000007 0.4796875 0.27031250000000007 0.5109375 0.2734375000000001 0.5109375
2 0.440625 0.4484375 0.4359375 0.4484375 0.4359375 0.471875 0.440625 0.471875
2 0.6765625 0.4671875 0.671875 0.4671875 0.671875 0.5015625 0.6765625 0.5015625
2 0.503125 0.4625 0.496875 0.4625 0.496875 0.490625 0.503125 0.490625