0 0.6703125 0.490625 0.6671875 0.490625 0.6671875 0.496875 0.6703125 0.496875
2 0.5515625 0.446875 0.5453125 0.446875 0.5453125 0.4796875 0.5515625 0.4796875
2 0.39531250000000007 0.5265625 0.3859375000000001 0.5265625 0.3859375000000001 0.596875 0.39531250000000007 0.596875
2 0.409375 0.4765625 0.4015625 0.4765625 0.4015625 0.5234375 0.409375 0.5234375
2 0.5703125 0.4546875 0.5640625 0.4546875 0.5640625 0.4875 0.5703125 0.4875
2 0.621875 0.540625 0.609375 0.540625 0.609375 0.60625 0.621875 0.60625
2 0.6140625 0.4421875 0.609375 0.4421875 0.609375 0.4671875 0.6140625 0.4671875
2 0.5109375 0.475 0.5015625 0.475 0.5015625 0.5234375 0.5109375 0.5234375
2 0.621875 0.4703125 0.615625 0.4703125 0.615625 0.5109375 0.621875 0.5109375
2 0.6078125 0.4828125 0.596875 0.4828125 0.596875 0.5203125 0.6078125 0.5203125
2 0.6 0.4671875 0.590625 0.4671875 0.590625 0.50625 0.6 0.50625
2 0.6625 0.49375 0.65625 0.49375 0.65625 0.5390625 0.6625 0.5390625
2 0.5625 0.4375 0.55625 0.4375 0.55625 0.4625 0.5625 0.4625
2 0.6515625 0.45 0.646875 0.45 0.646875 0.478125 0.6515625 0.478125
2 0.4421875 0.4484375 0.4375 0.4484375 0.4375 0.471875 0.4421875 0.471875
2 0.4375 0.45625 0.43125 0.45625 0.43125 0.490625 0.4375 0.490625
2 0.6765625 0.4671875 0.671875 0.4671875 0.671875 0.5015625 0.6765625 0.5015625
2 0.4328125 0.4625 0.4265625 0.4625 0.4265625 0.4921875 0.4328125 0.4921875
2 0.5 0.446875 0.49375 0.446875 0.49375 0.4765625 0.5 0.4765625
2 0.490625 0.43125 0.4828125 0.43125 0.4828125 0.45625 0.490625 0.45625
2 0.60625 0.4453125 0.6 0.4453125 0.6 0.4734375 0.60625 0.4734375
2 0.2734375000000001 0.48125 0.27031250000000007 0.48125 0.27031250000000007 0.5125 0.2734375000000001 0.5125
2 0.784375 0.46875000000000017 0.7796875 0.46875000000000017 0.7796875 0.49531250000000016 0.784375 0.49531250000000016
2 0.50625 0.4640625 0.496875 0.4640625 0.496875 0.490625 0.50625 0.490625