0 0.66875 0.4921875 0.6671875 0.4921875 0.6671875 0.4984375 0.66875 0.4984375
2 0.5953125 0.4640625 0.5890625 0.4640625 0.5890625 0.5046875 0.5953125 0.5046875
2 0.675 0.5 0.6671875 0.5 0.6671875 0.5484375 0.675 0.5484375
2 0.55625 0.446875 0.55 0.446875 0.55 0.4796875 0.55625 0.4796875
2 0.5671875 0.453125 0.5625 0.453125 0.5625 0.490625 0.5671875 0.490625
2 0.415625 0.478125 0.40625 0.478125 0.40625 0.521875 0.415625 0.521875
2 0.6796875 0.4671875 0.6734375 0.4671875 0.6734375 0.5046875 0.6796875 0.5046875
2 0.6265625 0.475 0.6171875 0.475 0.6171875 0.515625 0.6265625 0.515625
2 0.3890625000000001 0.534375 0.3781250000000001 0.534375 0.3781250000000001 0.6 0.3890625000000001 0.6
2 0.5125 0.45 0.50625 0.45 0.50625 0.4828125 0.5125 0.4828125
2 0.6171875 0.45 0.6109375 0.45 0.6109375 0.478125 0.6171875 0.478125
2 0.4328125 0.45625 0.428125 0.45625 0.428125 0.490625 0.4328125 0.490625
2 0.496875 0.46875 0.4890625 0.46875 0.4890625 0.515625 0.496875 0.515625
2 0.484375 0.43125 0.478125 0.43125 0.478125 0.45625 0.484375 0.45625
2 0.6109375 0.4421875 0.60625 0.4421875 0.60625 0.465625 0.6109375 0.465625
2 0.446875 0.446875 0.4421875 0.446875 0.4421875 0.4765625 0.446875 0.4765625
2 0.5078125 0.478125 0.496875 0.478125 0.496875 0.5234375 0.5078125 0.5234375
2 0.6171875 0.4828125 0.6109375 0.4828125 0.6109375 0.521875 0.6171875 0.521875
2 0.603125 0.55625 0.590625 0.55625 0.590625 0.6203125 0.603125 0.6203125
2 0.6546875 0.453125 0.65 0.453125 0.65 0.4828125 0.6546875 0.4828125
2 0.5578125 0.4359375 0.553125 0.4359375 0.553125 0.4578125 0.5578125 0.4578125
2 0.2734375000000001 0.48125 0.27031250000000007 0.48125 0.27031250000000007 0.5125 0.2734375000000001 0.5125
2 0.784375 0.4703125000000002 0.7796875 0.4703125000000002 0.7796875 0.49531250000000016 0.784375 0.49531250000000016
2 0.4296875 0.4671875 0.425 0.4671875 0.425 0.496875 0.4296875 0.496875