0 0.6609375 0.496875 0.659375 0.496875 0.659375 0.503125 0.6609375 0.503125
2 0.6296875 0.45625 0.6234375 0.45625 0.6234375 0.484375 0.6296875 0.484375
2 0.6890625 0.515625 0.6828125 0.515625 0.6828125 0.565625 0.6890625 0.565625
2 0.3750000000000001 0.5390625 0.36406250000000007 0.5390625 0.36406250000000007 0.603125 0.3750000000000001 0.603125
2 0.590625 0.465625 0.584375 0.465625 0.584375 0.5078125 0.590625 0.5078125
2 0.60625 0.4421875 0.6015625 0.4421875 0.6015625 0.4671875 0.60625 0.4671875
2 0.521875 0.4515625 0.515625 0.4515625 0.515625 0.484375 0.521875 0.484375
2 0.5640625 0.4546875 0.5578125 0.4546875 0.5578125 0.4859375 0.5640625 0.4859375
2 0.45 0.4484375 0.4453125 0.4484375 0.4453125 0.4765625 0.45 0.4765625
2 0.4046875 0.48125 0.3968750000000001 0.48125 0.3968750000000001 0.5265625 0.4046875 0.5265625
2 0.4890625 0.4765625 0.48125 0.4765625 0.48125 0.5203125 0.4890625 0.5203125
2 0.621875 0.4796875 0.6140625 0.4796875 0.6140625 0.5234375 0.621875 0.5234375
2 0.6578125 0.45 0.653125 0.45 0.653125 0.48125 0.6578125 0.48125
2 0.5515625 0.440625 0.546875 0.440625 0.546875 0.4671875 0.5515625 0.4671875
2 0.6734375 0.46875 0.6671875 0.46875 0.6671875 0.50625 0.6734375 0.50625
2 0.50625 0.475 0.496875 0.475 0.496875 0.5203125 0.50625 0.5203125
2 0.5015625 0.4734375 0.49375 0.4734375 0.49375 0.51875 0.5015625 0.51875
2 0.2734375000000001 0.478125 0.27031250000000007 0.478125 0.27031250000000007 0.5109375 0.2734375000000001 0.5109375
2 0.475 0.428125 0.471875 0.428125 0.471875 0.45625 0.475 0.45625
2 0.628125 0.4921875 0.6203125 0.4921875 0.6203125 0.5375 0.628125 0.5375
2 0.428125 0.459375 0.421875 0.459375 0.421875 0.4859375 0.428125 0.4859375
2 0.5609375 0.45 0.55625 0.45 0.55625 0.478125 0.5609375 0.478125
2 0.5765625 0.5765625 0.5515625 0.5765625 0.5515625 0.653125 0.5765625 0.653125
2 0.784375 0.47187500000000016 0.7796875 0.47187500000000016 0.7796875 0.4984375000000002 0.784375 0.4984375000000002
2 0.4296875 0.4734375 0.421875 0.4734375 0.421875 0.5015625 0.4296875 0.5015625