0 0.659375 0.496875 0.6578125 0.496875 0.6578125 0.5046875 0.659375 0.5046875
2 0.55 0.4421875 0.54375 0.4421875 0.54375 0.46875 0.55 0.46875
2 0.5234375 0.4546875 0.5171875 0.4546875 0.5171875 0.4859375 0.5234375 0.4859375
2 0.3687500000000001 0.540625 0.3593750000000001 0.540625 0.3593750000000001 0.603125 0.3687500000000001 0.603125
2 0.671875 0.471875 0.665625 0.471875 0.665625 0.50625 0.671875 0.50625
2 0.6921875 0.51875 0.6859375 0.51875 0.6859375 0.56875 0.6921875 0.56875
2 0.45 0.45 0.4453125 0.45 0.4453125 0.478125 0.45 0.478125
2 0.5640625 0.4546875 0.55625 0.4546875 0.55625 0.4890625 0.5640625 0.4890625
2 0.6296875 0.4921875 0.6203125 0.4921875 0.6203125 0.540625 0.6296875 0.540625
2 0.4875 0.475 0.48125 0.475 0.48125 0.5234375 0.4875 0.5234375
2 0.621875 0.48125 0.6125 0.48125 0.6125 0.525 0.621875 0.525
2 0.4015625 0.484375 0.3921875000000001 0.484375 0.3921875000000001 0.5296875 0.4015625 0.5296875
2 0.603125 0.4421875 0.6 0.4421875 0.6 0.4671875 0.603125 0.4671875
2 0.63125 0.4578125 0.625 0.4578125 0.625 0.4859375 0.63125 0.4859375
2 0.4265625 0.4625 0.4203125 0.4625 0.4203125 0.48125 0.4265625 0.48125
2 0.475 0.434375 0.46875 0.434375 0.46875 0.459375 0.475 0.459375
2 0.590625 0.4703125 0.584375 0.4703125 0.584375 0.5109375 0.590625 0.5109375
2 0.56875 0.5875 0.5421875 0.5875 0.5421875 0.665625 0.56875 0.665625
2 0.503125 0.471875 0.4953125 0.471875 0.4953125 0.51875 0.503125 0.51875
2 0.50625 0.471875 0.4984375 0.471875 0.4984375 0.51875 0.50625 0.51875
2 0.6578125 0.4515625 0.653125 0.4515625 0.653125 0.4828125 0.6578125 0.4828125
2 0.2734375000000001 0.4796875 0.27031250000000007 0.4796875 0.27031250000000007 0.5125 0.2734375000000001 0.5125
2 0.784375 0.47187500000000016 0.7796875 0.47187500000000016 0.7796875 0.5000000000000002 0.784375 0.5000000000000002
2 0.428125 0.4796875 0.4203125 0.4796875 0.4203125 0.509375 0.428125 0.509375