0 0.6546875 0.4953125 0.653125 0.4953125 0.653125 0.5046875 0.6546875 0.5046875
2 0.3546875000000001 0.5390625 0.3453125000000001 0.5390625 0.3453125000000001 0.6078125 0.3546875000000001 0.6078125
2 0.6359375 0.4578125 0.63125 0.4578125 0.63125 0.4859375 0.6359375 0.4859375
2 0.3906250000000001 0.484375 0.3843750000000001 0.484375 0.3843750000000001 0.5328125 0.3906250000000001 0.5328125
2 0.5484375 0.4421875 0.5421875 0.4421875 0.5421875 0.4671875 0.5484375 0.4671875
2 0.4890625 0.478125 0.48125 0.478125 0.48125 0.528125 0.4890625 0.528125
2 0.5265625 0.4578125 0.51875 0.4578125 0.51875 0.4875 0.5265625 0.4875
2 0.603125 0.4421875 0.596875 0.4421875 0.596875 0.465625 0.603125 0.465625
2 0.5875 0.465625 0.58125 0.465625 0.58125 0.5109375 0.5875 0.5109375
2 0.565625 0.4546875 0.5609375 0.4546875 0.5609375 0.4828125 0.565625 0.4828125
2 0.6640625 0.46875 0.659375 0.46875 0.659375 0.50625 0.6640625 0.50625
2 0.6984375 0.5234375 0.6921875 0.5234375 0.6921875 0.5828125 0.6984375 0.5828125
2 0.6203125 0.4828125 0.609375 0.4828125 0.609375 0.5296875 0.6203125 0.5296875
2 0.65625 0.4515625 0.653125 0.4515625 0.653125 0.4796875 0.65625 0.4796875
2 0.6296875 0.4953125 0.621875 0.4953125 0.621875 0.5421875 0.6296875 0.5421875
2 0.50625 0.4765625 0.496875 0.4765625 0.496875 0.5203125 0.50625 0.5203125
2 0.421875 0.465625 0.415625 0.465625 0.415625 0.4890625 0.421875 0.4890625
2 0.4484375 0.4515625 0.44375 0.4515625 0.44375 0.4796875 0.4484375 0.4796875
2 0.559375 0.459375 0.553125 0.459375 0.553125 0.490625 0.559375 0.490625
2 0.46875 0.4421875 0.465625 0.4421875 0.465625 0.459375 0.46875 0.459375
2 0.5015625 0.475 0.4953125 0.475 0.4953125 0.515625 0.5015625 0.515625
2 0.2734375000000001 0.4859375 0.27031250000000007 0.4859375 0.27031250000000007 0.5140625 0.2734375000000001 0.5140625
2 0.5265625 0.5921875 0.4890625 0.5921875 0.4890625 0.6765625 0.5265625 0.6765625
2 0.784375 0.4671875000000002 0.7796875 0.4671875000000002 0.7796875 0.49531250000000016 0.784375 0.49531250000000016
2 0.4234375 0.484375 0.4140625 0.484375 0.4140625 0.5171875 0.4234375 0.5171875