0 0.653125 0.4921875 0.6515625 0.4921875 0.6515625 0.4984375 0.653125 0.4984375
2 0.584375 0.4640625 0.5765625 0.4640625 0.5765625 0.50625 0.584375 0.50625
2 0.615625 0.478125 0.60625 0.478125 0.60625 0.5234375 0.615625 0.5234375
2 0.3437500000000001 0.540625 0.3343750000000001 0.540625 0.3343750000000001 0.6015625 0.3437500000000001 0.6015625
2 0.703125 0.5265625 0.696875 0.5265625 0.696875 0.5859375 0.703125 0.5859375
2 0.4875 0.4765625 0.4796875 0.4765625 0.4796875 0.525 0.4875 0.525
2 0.6296875 0.490625 0.6203125 0.490625 0.6203125 0.5390625 0.6296875 0.5390625
2 0.53125 0.4546875 0.521875 0.4546875 0.521875 0.4828125 0.53125 0.4828125
2 0.3859375000000001 0.484375 0.3781250000000001 0.484375 0.3781250000000001 0.5328125 0.3859375000000001 0.5328125
2 0.5984375 0.4390625 0.59375 0.4390625 0.59375 0.4609375 0.5984375 0.4609375
2 0.56875 0.45 0.5625 0.45 0.5625 0.48125 0.56875 0.48125
2 0.503125 0.4734375 0.4953125 0.4734375 0.4953125 0.5171875 0.503125 0.5171875
2 0.6375 0.45625 0.6328125 0.45625 0.6328125 0.4875 0.6375 0.4875
2 0.4671875 0.4390625 0.4625 0.4390625 0.4625 0.45625 0.4671875 0.45625
2 0.6578125 0.465625 0.6515625 0.465625 0.6515625 0.5 0.6578125 0.5
2 0.55625 0.453125 0.5484375 0.453125 0.5484375 0.4859375 0.55625 0.4859375
2 0.54375 0.4390625 0.5375 0.4390625 0.5375 0.4640625 0.54375 0.4640625
2 0.484375 0.596875 0.4515625 0.596875 0.4515625 0.66875 0.484375 0.66875
2 0.446875 0.446875 0.4421875 0.446875 0.4421875 0.478125 0.446875 0.478125
2 0.4140625 0.48125 0.4046875 0.48125 0.4046875 0.515625 0.4140625 0.515625
2 0.4171875 0.4625 0.409375 0.4625 0.409375 0.490625 0.4171875 0.490625
2 0.6546875 0.446875 0.65 0.446875 0.65 0.471875 0.6546875 0.471875
2 0.2734375000000001 0.48125 0.27031250000000007 0.48125 0.27031250000000007 0.5125 0.2734375000000001 0.5125
2 0.784375 0.46406250000000016 0.7796875 0.46406250000000016 0.7796875 0.49218750000000017 0.784375 0.49218750000000017