0 0.5875 0.5171875 0.584375 0.5171875 0.584375 0.5265625 0.5875 0.5265625
2 0.4859375 0.4765625 0.475 0.4765625 0.475 0.5265625 0.4859375 0.5265625
2 0.27031250000000007 0.478125 0.2656250000000001 0.478125 0.2656250000000001 0.50625 0.27031250000000007 0.50625
2 0.6 0.4890625 0.5875 0.4890625 0.5875 0.53125 0.6 0.53125
2 0.546875 0.4515625 0.540625 0.4515625 0.540625 0.4859375 0.546875 0.4859375
2 0.615625 0.4984375 0.603125 0.4984375 0.603125 0.5484375 0.615625 0.5484375
2 0.5765625 0.45 0.571875 0.45 0.571875 0.4828125 0.5765625 0.4828125
2 0.5328125 0.4390625 0.5265625 0.4390625 0.5265625 0.465625 0.5328125 0.465625
2 0.715625 0.5546875 0.70625 0.5546875 0.70625 0.6328125 0.715625 0.6328125
2 0.4375 0.446875 0.428125 0.446875 0.428125 0.475 0.4375 0.475
2 0.634375 0.4625 0.628125 0.4625 0.628125 0.5 0.634375 0.5
2 0.6453125 0.4671875 0.6359375 0.4671875 0.6359375 0.5046875 0.6453125 0.5046875
2 0.565625 0.465625 0.559375 0.465625 0.559375 0.50625 0.565625 0.50625
2 0.584375 0.43125 0.5796875 0.43125 0.5796875 0.4578125 0.584375 0.4578125
2 0.46875 0.4890625 0.4546875 0.4890625 0.4546875 0.546875 0.46875 0.546875
2 0.3593750000000001 0.4921875 0.3500000000000001 0.4921875 0.3500000000000001 0.5390625 0.3593750000000001 0.5390625
2 0.3890625000000001 0.4625 0.3828125000000001 0.4625 0.3828125000000001 0.5015625 0.3890625000000001 0.5015625
2 0.3140625000000001 0.5390625 0.3046875000000001 0.5390625 0.3046875000000001 0.5890625 0.3140625000000001 0.5890625
2 0.3203125000000001 0.58125 0.3031250000000001 0.58125 0.3031250000000001 0.6546875 0.3203125000000001 0.6546875
2 0.640625 0.446875 0.6359375 0.446875 0.6359375 0.4734375 0.640625 0.4734375
2 0.4546875 0.4265625 0.4453125 0.4265625 0.4453125 0.453125 0.4546875 0.453125
2 0.5265625 0.4578125 0.5203125 0.4578125 0.5203125 0.490625 0.5265625 0.490625
2 0.784375 0.4671875000000002 0.778125 0.4671875000000002 0.778125 0.49531250000000016 0.784375 0.49531250000000016
2 0.3546875000000001 0.5015625 0.34843750000000007 0.5015625 0.34843750000000007 0.5453125 0.3546875000000001 0.5453125