0 0.5765625 0.521875 0.5734375 0.521875 0.5734375 0.53125 0.5765625 0.53125
2 0.5640625 0.465625 0.55625 0.465625 0.55625 0.50625 0.5640625 0.50625
2 0.6140625 0.4984375 0.6015625 0.4984375 0.6015625 0.546875 0.6140625 0.546875
2 0.5984375 0.4875 0.5875 0.4875 0.5875 0.53125 0.5984375 0.53125
2 0.534375 0.440625 0.5265625 0.440625 0.5265625 0.4671875 0.534375 0.4671875
2 0.5453125 0.4515625 0.5390625 0.4515625 0.5390625 0.4859375 0.5453125 0.4859375
2 0.715625 0.5640625 0.70625 0.5640625 0.70625 0.6359375 0.715625 0.6359375
2 0.6328125 0.4671875 0.6265625 0.4671875 0.6265625 0.5046875 0.6328125 0.5046875
2 0.3593750000000001 0.4921875 0.34843750000000007 0.4921875 0.34843750000000007 0.5421875 0.3593750000000001 0.5421875
2 0.484375 0.478125 0.4765625 0.478125 0.4765625 0.525 0.484375 0.525
2 0.38750000000000007 0.4640625 0.37968750000000007 0.4640625 0.37968750000000007 0.503125 0.38750000000000007 0.503125
2 0.6390625 0.446875 0.634375 0.446875 0.634375 0.475 0.6390625 0.475
2 0.4625 0.4921875 0.453125 0.4921875 0.453125 0.5453125 0.4625 0.5453125
2 0.3125000000000001 0.540625 0.30156250000000007 0.540625 0.30156250000000007 0.590625 0.3125000000000001 0.590625
2 0.578125 0.45 0.571875 0.45 0.571875 0.4828125 0.578125 0.4828125
2 0.5828125 0.43125 0.578125 0.43125 0.578125 0.459375 0.5828125 0.459375
2 0.3125000000000001 0.5765625 0.2953125000000001 0.5765625 0.2953125000000001 0.6515625 0.3125000000000001 0.6515625
2 0.4328125 0.4484375 0.4265625 0.4484375 0.4265625 0.471875 0.4328125 0.471875
2 0.3500000000000001 0.5015625 0.3421875000000001 0.5015625 0.3421875000000001 0.5453125 0.3500000000000001 0.5453125
2 0.6453125 0.4671875 0.6390625 0.4671875 0.6390625 0.50625 0.6453125 0.50625
2 0.2687500000000001 0.4765625 0.2656250000000001 0.4765625 0.2656250000000001 0.50625 0.2687500000000001 0.50625
2 0.453125 0.428125 0.446875 0.428125 0.446875 0.453125 0.453125 0.453125
2 0.5265625 0.4578125 0.51875 0.4578125 0.51875 0.4921875 0.5265625 0.4921875
2 0.784375 0.46875000000000017 0.778125 0.46875000000000017 0.778125 0.4984375000000002 0.784375 0.4984375000000002