0 0.528125 0.55625 0.5234375 0.55625 0.5234375 0.565625 0.528125 0.565625
2 0.54375 0.4625 0.5359375 0.4625 0.5359375 0.4953125 0.54375 0.4953125
2 0.528125 0.4453125 0.521875 0.4453125 0.521875 0.475 0.528125 0.475
2 0.3765625000000001 0.475 0.3703125000000001 0.475 0.3703125000000001 0.5140625 0.3765625000000001 0.5140625
2 0.4453125 0.5109375 0.434375 0.5109375 0.434375 0.5640625 0.4453125 0.5640625
2 0.653125 0.475 0.64375 0.475 0.64375 0.515625 0.653125 0.515625
2 0.3296875000000001 0.515625 0.3203125000000001 0.515625 0.3203125000000001 0.5640625 0.3296875000000001 0.5640625
2 0.34062500000000007 0.5046875 0.3343750000000001 0.5046875 0.3343750000000001 0.5546875 0.34062500000000007 0.5546875
2 0.5546875 0.4734375 0.546875 0.4734375 0.546875 0.5171875 0.5546875 0.5171875
2 0.5875 0.4953125 0.5765625 0.4953125 0.5765625 0.540625 0.5875 0.540625
2 0.28593750000000007 0.5875 0.2734375000000001 0.5875 0.2734375000000001 0.6453125 0.28593750000000007 0.6453125
2 0.7140625 0.58125 0.7046875 0.58125 0.7046875 0.65625 0.7140625 0.65625
2 0.3031250000000001 0.55625 0.29375000000000007 0.55625 0.29375000000000007 0.6109375 0.3031250000000001 0.6109375
2 0.478125 0.496875 0.4671875 0.496875 0.4671875 0.5421875 0.478125 0.5421875
2 0.2656250000000001 0.4859375 0.26250000000000007 0.4859375 0.26250000000000007 0.515625 0.2656250000000001 0.515625
2 0.5125 0.46875 0.5046875 0.46875 0.5046875 0.50625 0.5125 0.50625
2 0.4234375 0.4578125 0.4171875 0.4578125 0.4171875 0.4796875 0.4234375 0.4796875
2 0.63125 0.475 0.625 0.475 0.625 0.5171875 0.63125 0.5171875
2 0.5953125 0.5109375 0.5875 0.5109375 0.5875 0.5578125 0.5953125 0.5578125
2 0.58125 0.4578125 0.5734375 0.4578125 0.5734375 0.4921875 0.58125 0.4921875
2 0.6328125 0.45625 0.628125 0.45625 0.628125 0.48125 0.6328125 0.48125
2 0.44375 0.4375 0.440625 0.4375 0.440625 0.459375 0.44375 0.459375
2 0.5796875 0.440625 0.5734375 0.440625 0.5734375 0.4625 0.5796875 0.4625
2 0.784375 0.4734375000000002 0.778125 0.4734375000000002 0.778125 0.5015625000000001 0.784375 0.5015625000000001