0 0.521875 0.5578125 0.5171875 0.5578125 0.5171875 0.5671875 0.521875 0.5671875
2 0.3765625000000001 0.4734375 0.3703125000000001 0.4734375 0.3703125000000001 0.5125 0.3765625000000001 0.5125
2 0.54375 0.4625 0.5359375 0.4625 0.5359375 0.4953125 0.54375 0.4953125
2 0.44375 0.5125 0.4328125 0.5125 0.4328125 0.5671875 0.44375 0.5671875
2 0.3046875000000001 0.559375 0.29375000000000007 0.559375 0.29375000000000007 0.609375 0.3046875000000001 0.609375
2 0.3281250000000001 0.5203125 0.31718750000000007 0.5203125 0.31718750000000007 0.5640625 0.3281250000000001 0.5640625
2 0.653125 0.4734375 0.6453125 0.4734375 0.6453125 0.515625 0.653125 0.515625
2 0.421875 0.4578125 0.415625 0.4578125 0.415625 0.4796875 0.421875 0.4796875
2 0.5859375 0.4953125 0.5765625 0.4953125 0.5765625 0.540625 0.5859375 0.540625
2 0.34062500000000007 0.5046875 0.33281250000000007 0.5046875 0.33281250000000007 0.5546875 0.34062500000000007 0.5546875
2 0.5546875 0.4765625 0.546875 0.4765625 0.546875 0.51875 0.5546875 0.51875
2 0.528125 0.446875 0.521875 0.446875 0.521875 0.475 0.528125 0.475
2 0.2843750000000001 0.5875 0.27031250000000007 0.5875 0.27031250000000007 0.6484375 0.2843750000000001 0.6484375
2 0.475 0.4953125 0.465625 0.4953125 0.465625 0.5421875 0.475 0.5421875
2 0.63125 0.475 0.625 0.475 0.625 0.5171875 0.63125 0.5171875
2 0.7140625 0.584375 0.7046875 0.584375 0.7046875 0.659375 0.7140625 0.659375
2 0.2671875000000001 0.4859375 0.26250000000000007 0.4859375 0.26250000000000007 0.515625 0.2671875000000001 0.515625
2 0.58125 0.459375 0.5734375 0.459375 0.5734375 0.4921875 0.58125 0.4921875
2 0.5109375 0.46875 0.5046875 0.46875 0.5046875 0.50625 0.5109375 0.50625
2 0.5953125 0.509375 0.5859375 0.509375 0.5859375 0.559375 0.5953125 0.559375
2 0.44375 0.4375 0.440625 0.4375 0.440625 0.459375 0.44375 0.459375
2 0.6328125 0.45625 0.628125 0.45625 0.628125 0.48125 0.6328125 0.48125
2 0.7828125 0.4734375000000002 0.7796875 0.4734375000000002 0.7796875 0.4968750000000002 0.7828125 0.4968750000000002
2 0.578125 0.440625 0.5734375 0.440625 0.5734375 0.465625 0.578125 0.465625