0 0.34843750000000007 0.5609375 0.3468750000000001 0.5609375 0.3468750000000001 0.5640625 0.34843750000000007 0.5640625
2 0.434375 0.5609375 0.4296875 0.5609375 0.4296875 0.5953125 0.434375 0.5953125
2 0.675 0.5609375 0.671875 0.5609375 0.671875 0.59375 0.675 0.59375
2 0.3843750000000001 0.54375 0.37968750000000007 0.54375 0.37968750000000007 0.5671875 0.3843750000000001 0.5671875
2 0.25468750000000007 0.56875 0.2500000000000001 0.56875 0.2500000000000001 0.609375 0.25468750000000007 0.609375
2 0.4171875 0.5609375 0.4109375 0.5609375 0.4109375 0.5953125 0.4171875 0.5953125
2 0.3687500000000001 0.5515625 0.3625000000000001 0.5515625 0.3625000000000001 0.58125 0.3687500000000001 0.58125
2 0.3140625000000001 0.5453125 0.3109375000000001 0.5453125 0.3109375000000001 0.571875 0.3140625000000001 0.571875
2 0.4375 0.546875 0.434375 0.546875 0.434375 0.571875 0.4375 0.571875
2 0.30156250000000007 0.5421875 0.2984375000000001 0.5421875 0.2984375000000001 0.5703125 0.30156250000000007 0.5703125
2 0.3203125000000001 0.5484375 0.31718750000000007 0.5484375 0.31718750000000007 0.5765625 0.3203125000000001 0.5765625
2 0.33281250000000007 0.5421875 0.3312500000000001 0.5421875 0.3312500000000001 0.5671875 0.33281250000000007 0.5671875
2 0.4984375 0.5859375 0.4921875 0.5859375 0.4921875 0.628125 0.4984375 0.628125
2 0.53125 0.5859375 0.525 0.5859375 0.525 0.628125 0.53125 0.628125
2 0.2890625000000001 0.54375 0.28593750000000007 0.54375 0.28593750000000007 0.5703125 0.2890625000000001 0.5703125
2 0.48125 0.5578125 0.4734375 0.5578125 0.4734375 0.5890625 0.48125 0.5890625
2 0.4625 0.559375 0.4578125 0.559375 0.4578125 0.5984375 0.4625 0.5984375
2 0.2968750000000001 0.609375 0.2890625000000001 0.609375 0.2890625000000001 0.659375 0.2968750000000001 0.659375
2 0.2562500000000001 0.5359375 0.2531250000000001 0.5359375 0.2531250000000001 0.5609375 0.2562500000000001 0.5609375
2 0.3437500000000001 0.5875 0.3343750000000001 0.5875 0.3343750000000001 0.6359375 0.3437500000000001 0.6359375
2 0.3234375000000001 0.5421875 0.3203125000000001 0.5421875 0.3203125000000001 0.565625 0.3234375000000001 0.565625
2 0.5015625 0.5875 0.496875 0.5875 0.496875 0.628125 0.5015625 0.628125
2 0.25468750000000007 0.55625 0.2515625000000001 0.55625 0.2515625000000001 0.58125 0.25468750000000007 0.58125
2 0.3828125000000001 0.5734375 0.3765625000000001 0.5734375 0.3765625000000001 0.6171875 0.3828125000000001 0.6171875
2 0.4765625 0.5515625 0.4734375 0.5515625 0.4734375 0.584375 0.4765625 0.584375