2 0.65625 0.4640625 0.653125 0.4640625 0.653125 0.4890625 0.65625 0.4890625
2 0.7703125 0.5343750000000002 0.7625 0.5343750000000002 0.7625 0.5781250000000002 0.7703125 0.5781250000000002
2 0.5546875 0.4640625 0.5484375 0.4640625 0.5484375 0.490625 0.5546875 0.490625
2 0.690625 0.484375 0.684375 0.484375 0.684375 0.521875 0.690625 0.521875
2 0.5796875 0.459375 0.575 0.459375 0.575 0.48125 0.5796875 0.48125
2 0.496875 0.4890625 0.4875 0.4890625 0.4875 0.5328125 0.496875 0.5328125
2 0.5640625 0.5046875 0.5546875 0.5046875 0.5546875 0.55 0.5640625 0.55
2 0.6359375 0.453125 0.63125 0.453125 0.63125 0.4703125 0.6359375 0.4703125
2 0.7234375 0.4671875 0.7203125 0.4671875 0.7203125 0.4890625 0.7234375 0.4890625
2 0.6171875 0.4734375 0.6125 0.4734375 0.6125 0.5015625 0.6171875 0.5015625
2 0.5171875 0.4640625 0.5109375 0.4640625 0.5109375 0.4890625 0.5171875 0.4890625
2 0.7015625 0.475 0.696875 0.475 0.696875 0.5015625 0.7015625 0.5015625
2 0.775 0.4890625000000002 0.771875 0.4890625000000002 0.771875 0.5156250000000002 0.775 0.5156250000000002
2 0.5875 0.45625 0.5828125 0.45625 0.5828125 0.4796875 0.5875 0.4796875
2 0.6875 0.503125 0.68125 0.503125 0.68125 0.546875 0.6875 0.546875
2 0.6109375 0.4640625 0.6078125 0.4640625 0.6078125 0.4875 0.6109375 0.4875
2 0.628125 0.4703125 0.6234375 0.4703125 0.6234375 0.5015625 0.628125 0.5015625
2 0.3281250000000001 0.4859375 0.32500000000000007 0.4859375 0.32500000000000007 0.5125 0.3281250000000001 0.5125
2 0.621875 0.453125 0.6171875 0.453125 0.6171875 0.475 0.621875 0.475
2 0.509375 0.4640625 0.503125 0.4640625 0.503125 0.4859375 0.509375 0.4859375
2 0.509375 0.4765625 0.4984375 0.4765625 0.4984375 0.509375 0.509375 0.509375
2 0.5359375 0.4578125 0.5296875 0.4578125 0.5296875 0.475 0.5359375 0.475
2 0.7796875 0.47656250000000017 0.7765625 0.47656250000000017 0.7765625 0.5015625000000001 0.7796875 0.5015625000000001
0 0.6296875 0.46875 0.628125 0.46875 0.628125 0.471875 0.6296875 0.471875