0 0.490625 0.5640625 0.484375 0.5640625 0.484375 0.575 0.490625 0.575
2 0.4671875 0.490625 0.45625 0.490625 0.45625 0.54375 0.4671875 0.54375
2 0.3078125000000001 0.5609375 0.2953125000000001 0.5609375 0.2953125000000001 0.6109375 0.3078125000000001 0.6109375
2 0.4375 0.5109375 0.4265625 0.5109375 0.4265625 0.5703125 0.4375 0.5703125
2 0.6328125 0.4734375 0.6265625 0.4734375 0.6265625 0.515625 0.6328125 0.515625
2 0.58125 0.4890625 0.5703125 0.4890625 0.5703125 0.5328125 0.58125 0.5328125
2 0.4140625 0.4515625 0.409375 0.4515625 0.409375 0.475 0.4140625 0.475
2 0.5390625 0.4546875 0.53125 0.4546875 0.53125 0.4921875 0.5390625 0.4921875
2 0.3703125000000001 0.471875 0.36406250000000007 0.471875 0.36406250000000007 0.5109375 0.3703125000000001 0.5109375
2 0.5234375 0.4421875 0.5171875 0.4421875 0.5171875 0.4703125 0.5234375 0.4703125
2 0.3312500000000001 0.4984375 0.3234375000000001 0.4984375 0.3234375000000001 0.5515625 0.3312500000000001 0.5515625
2 0.55 0.4671875 0.5421875 0.4671875 0.5421875 0.5171875 0.55 0.5171875
2 0.2765625000000001 0.58125 0.26250000000000007 0.58125 0.26250000000000007 0.6453125 0.2765625000000001 0.6453125
2 0.58125 0.4546875 0.575 0.4546875 0.575 0.4859375 0.58125 0.4859375
2 0.2640625000000001 0.4859375 0.2578125000000001 0.4859375 0.2578125000000001 0.5125 0.2640625000000001 0.5125
2 0.65625 0.471875 0.6484375 0.471875 0.6484375 0.5109375 0.65625 0.5109375
2 0.5890625 0.5109375 0.5765625 0.5109375 0.5765625 0.5546875 0.5890625 0.5546875
2 0.63125 0.4515625 0.625 0.4515625 0.625 0.478125 0.63125 0.478125
2 0.3156250000000001 0.51875 0.30937500000000007 0.51875 0.30937500000000007 0.5578125 0.3156250000000001 0.5578125
2 0.4421875 0.43125 0.4359375 0.43125 0.4359375 0.459375 0.4421875 0.459375
2 0.7125 0.5890625 0.6984375 0.5890625 0.6984375 0.66875 0.7125 0.66875
2 0.5765625 0.440625 0.571875 0.440625 0.571875 0.4625 0.5765625 0.4625
2 0.503125 0.4640625 0.4890625 0.4640625 0.4890625 0.5046875 0.503125 0.5046875
2 0.784375 0.46875000000000017 0.778125 0.46875000000000017 0.778125 0.49531250000000016 0.784375 0.49531250000000016