0 0.4765625 0.5671875 0.471875 0.5671875 0.471875 0.578125 0.4765625 0.578125
2 0.6328125 0.4734375 0.6265625 0.4734375 0.6265625 0.5140625 0.6328125 0.5140625
2 0.26250000000000007 0.4796875 0.2562500000000001 0.4796875 0.2562500000000001 0.5078125 0.26250000000000007 0.5078125
2 0.434375 0.5125 0.425 0.5125 0.425 0.571875 0.434375 0.571875
2 0.659375 0.4734375 0.653125 0.4734375 0.653125 0.5125 0.659375 0.5125
2 0.521875 0.4390625 0.515625 0.4390625 0.515625 0.4671875 0.521875 0.4671875
2 0.4625 0.49375 0.4515625 0.49375 0.4515625 0.5390625 0.4625 0.5390625
2 0.3281250000000001 0.496875 0.3203125000000001 0.496875 0.3203125000000001 0.5515625 0.3281250000000001 0.5515625
2 0.5765625 0.4859375 0.565625 0.4859375 0.565625 0.5328125 0.5765625 0.5328125
2 0.58125 0.4546875 0.575 0.4546875 0.575 0.4859375 0.58125 0.4859375
2 0.5390625 0.4515625 0.53125 0.4515625 0.53125 0.4890625 0.5390625 0.4890625
2 0.6296875 0.446875 0.625 0.446875 0.625 0.48125 0.6296875 0.48125
2 0.2734375000000001 0.5796875 0.2593750000000001 0.5796875 0.2593750000000001 0.6375 0.2734375000000001 0.6375
2 0.409375 0.4515625 0.4046875 0.4515625 0.4046875 0.475 0.409375 0.475
2 0.3687500000000001 0.4671875 0.3609375000000001 0.4671875 0.3609375000000001 0.50625 0.3687500000000001 0.50625
2 0.3109375000000001 0.559375 0.2984375000000001 0.559375 0.2984375000000001 0.609375 0.3109375000000001 0.609375
2 0.4953125 0.4609375 0.4859375 0.4609375 0.4859375 0.503125 0.4953125 0.503125
2 0.709375 0.596875 0.696875 0.596875 0.696875 0.671875 0.709375 0.671875
2 0.3140625000000001 0.515625 0.3062500000000001 0.515625 0.3062500000000001 0.559375 0.3140625000000001 0.559375
2 0.5796875 0.515625 0.571875 0.515625 0.571875 0.559375 0.5796875 0.559375
2 0.546875 0.4703125 0.5390625 0.4703125 0.5390625 0.5171875 0.546875 0.5171875
2 0.4390625 0.428125 0.4359375 0.428125 0.4359375 0.453125 0.4390625 0.453125
2 0.5765625 0.43125 0.5703125 0.43125 0.5703125 0.4609375 0.5765625 0.4609375
2 0.7859375 0.4703125000000002 0.7796875 0.4703125000000002 0.7796875 0.49531250000000016 0.7859375 0.49531250000000016