0 0.403125 0.6125 0.3968750000000001 0.6125 0.3968750000000001 0.6234375 0.403125 0.6234375
2 0.3515625000000001 0.4796875 0.3453125000000001 0.4796875 0.3453125000000001 0.51875 0.3515625000000001 0.51875
2 0.31718750000000007 0.575 0.3031250000000001 0.575 0.3031250000000001 0.634375 0.31718750000000007 0.634375
2 0.5625 0.4984375 0.553125 0.4984375 0.553125 0.5484375 0.5625 0.5484375
2 0.428125 0.5125 0.4140625 0.5125 0.4140625 0.565625 0.428125 0.565625
2 0.55625 0.528125 0.54375 0.528125 0.54375 0.59375 0.55625 0.59375
2 0.5265625 0.4609375 0.5171875 0.4609375 0.5171875 0.49375 0.5265625 0.49375
2 0.2500000000000001 0.4890625 0.24375000000000008 0.4890625 0.24375000000000008 0.51875 0.2500000000000001 0.51875
2 0.6703125 0.48125 0.6640625 0.48125 0.6640625 0.5234375 0.6703125 0.5234375
2 0.39531250000000007 0.4609375 0.3890625000000001 0.4609375 0.3890625000000001 0.4890625 0.39531250000000007 0.4890625
2 0.5234375 0.48125 0.5109375 0.48125 0.5109375 0.53125 0.5234375 0.53125
2 0.471875 0.478125 0.4640625 0.478125 0.4640625 0.5171875 0.471875 0.5171875
2 0.409375 0.55 0.3906250000000001 0.55 0.3906250000000001 0.615625 0.409375 0.615625
2 0.5765625 0.4625 0.5703125 0.4625 0.5703125 0.4953125 0.5765625 0.4953125
2 0.6234375 0.45625 0.6171875 0.45625 0.6171875 0.490625 0.6234375 0.490625
2 0.5125 0.4453125 0.5046875 0.4453125 0.5046875 0.4734375 0.5125 0.4734375
2 0.3125000000000001 0.5171875 0.3046875000000001 0.5171875 0.3046875000000001 0.5671875 0.3125000000000001 0.5671875
2 0.2515625000000001 0.5953125 0.2390625000000001 0.5953125 0.2390625000000001 0.6546875 0.2515625000000001 0.6546875
2 0.7828125 0.4734375000000002 0.7796875 0.4734375000000002 0.7796875 0.4968750000000002 0.7828125 0.4968750000000002
2 0.6390625 0.48125 0.6328125 0.48125 0.6328125 0.525 0.6390625 0.525
2 0.5734375 0.440625 0.56875 0.440625 0.56875 0.465625 0.5734375 0.465625
2 0.684375 0.640625 0.66875 0.640625 0.66875 0.721875 0.684375 0.721875
2 0.3062500000000001 0.5125 0.3000000000000001 0.5125 0.3000000000000001 0.56875 0.3062500000000001 0.56875
2 0.4265625 0.440625 0.4234375 0.440625 0.4234375 0.4578125 0.4265625 0.4578125