0 0.3859375000000001 0.61875 0.37968750000000007 0.61875 0.37968750000000007 0.63125 0.3859375000000001 0.63125
2 0.675 0.48125 0.66875 0.48125 0.66875 0.5234375 0.675 0.5234375
2 0.4140625 0.5109375 0.4015625 0.5109375 0.4015625 0.56875 0.4140625 0.56875
2 0.30937500000000007 0.575 0.29375000000000007 0.575 0.29375000000000007 0.6296875 0.30937500000000007 0.6296875
2 0.2468750000000001 0.4875 0.24218750000000008 0.4875 0.24218750000000008 0.515625 0.2468750000000001 0.515625
2 0.5484375 0.5296875 0.534375 0.5296875 0.534375 0.5953125 0.5484375 0.5953125
2 0.34843750000000007 0.475 0.34062500000000007 0.475 0.34062500000000007 0.5125 0.34843750000000007 0.5125
2 0.3906250000000001 0.45625 0.3843750000000001 0.45625 0.3843750000000001 0.4875 0.3906250000000001 0.4875
2 0.3125000000000001 0.5171875 0.3062500000000001 0.5171875 0.3062500000000001 0.5625 0.3125000000000001 0.5625
2 0.621875 0.4515625 0.615625 0.4515625 0.615625 0.490625 0.621875 0.490625
2 0.55625 0.4984375 0.5453125 0.4984375 0.5453125 0.5484375 0.55625 0.5484375
2 0.2453125000000001 0.5890625 0.2328125000000001 0.5890625 0.2328125000000001 0.6609375 0.2453125000000001 0.6609375
2 0.521875 0.459375 0.5140625 0.459375 0.5140625 0.49375 0.521875 0.49375
2 0.5078125 0.4421875 0.5015625 0.4421875 0.5015625 0.471875 0.5078125 0.471875
2 0.4671875 0.471875 0.45625 0.471875 0.45625 0.51875 0.4671875 0.51875
2 0.5140625 0.478125 0.5046875 0.478125 0.5046875 0.528125 0.5140625 0.528125
2 0.39531250000000007 0.5515625 0.3781250000000001 0.5515625 0.3781250000000001 0.6171875 0.39531250000000007 0.6171875
2 0.640625 0.4828125 0.634375 0.4828125 0.634375 0.528125 0.640625 0.528125
2 0.3031250000000001 0.5109375 0.29375000000000007 0.5109375 0.29375000000000007 0.5671875 0.3031250000000001 0.5671875
2 0.5734375 0.4515625 0.5671875 0.4515625 0.5671875 0.4921875 0.5734375 0.4921875
2 0.5734375 0.4390625 0.5671875 0.4390625 0.5671875 0.4609375 0.5734375 0.4609375
2 0.6734375000000001 0.6546875 0.6546875 0.6546875 0.6546875000000001 0.734375 0.6734375000000001 0.734375
2 0.7828125 0.47187500000000016 0.7796875 0.47187500000000016 0.7796875 0.49531250000000016 0.7828125 0.49531250000000016
2 0.4234375 0.434375 0.41875 0.434375 0.41875 0.4578125 0.4234375 0.4578125