0 0.3062500000000001 0.621875 0.3031250000000001 0.621875 0.3031250000000001 0.63125 0.3062500000000001 0.63125
2 0.5453125 0.5015625 0.5328125 0.5015625 0.5328125 0.5625 0.5453125 0.5625
2 0.3375000000000001 0.4828125 0.3312500000000001 0.4828125 0.3312500000000001 0.5171875 0.3375000000000001 0.5171875
2 0.6796875 0.4890625 0.6734375 0.4890625 0.6734375 0.5328125 0.6796875 0.5328125
2 0.3890625000000001 0.51875 0.3734375000000001 0.51875 0.3734375000000001 0.58125 0.3890625000000001 0.58125
2 0.56875 0.4609375 0.5609375 0.4609375 0.5609375 0.5 0.56875 0.5
2 0.509375 0.4609375 0.5 0.4609375 0.5 0.4921875 0.509375 0.4921875
2 0.4921875 0.4796875 0.48125 0.4796875 0.48125 0.5359375 0.4921875 0.5359375
2 0.2390625000000001 0.4859375 0.2328125000000001 0.4859375 0.2328125000000001 0.515625 0.2390625000000001 0.515625
2 0.37968750000000007 0.459375 0.3734375000000001 0.459375 0.3734375000000001 0.4890625 0.37968750000000007 0.4890625
2 0.61875 0.4578125 0.6125 0.4578125 0.6125 0.496875 0.61875 0.496875
2 0.3156250000000001 0.515625 0.3078125000000001 0.515625 0.3078125000000001 0.5609375 0.3156250000000001 0.5609375
2 0.571875 0.440625 0.5671875 0.440625 0.5671875 0.465625 0.571875 0.465625
2 0.4484375 0.4796875 0.440625 0.4796875 0.440625 0.525 0.4484375 0.525
2 0.4953125 0.4453125 0.4890625 0.4453125 0.4890625 0.475 0.4953125 0.475
2 0.3625000000000001 0.5703125 0.34843750000000007 0.5703125 0.34843750000000007 0.6484375 0.3625000000000001 0.6484375
2 0.6421875 0.490625 0.6359375 0.490625 0.6359375 0.5375 0.6421875 0.5375
2 0.521875 0.5484375 0.5078125 0.5484375 0.5078125 0.6140625 0.521875 0.6140625
2 0.2906250000000001 0.5203125 0.2812500000000001 0.5203125 0.2812500000000001 0.5765625 0.2906250000000001 0.5765625
2 0.22812500000000008 0.5984375 0.2171875000000001 0.5984375 0.2171875000000001 0.6640625 0.22812500000000008 0.6640625
2 0.28593750000000007 0.5859375 0.2718750000000001 0.5859375 0.2718750000000001 0.6421875 0.28593750000000007 0.6421875
2 0.7828125 0.4781250000000002 0.7796875 0.4781250000000002 0.7796875 0.5015625000000001 0.7828125 0.5015625000000001
2 0.6359375 0.6828125 0.6125 0.6828125 0.6125 0.8046875 0.6359375000000002 0.8046875
2 0.4171875 0.434375 0.4109375 0.434375 0.4109375 0.4609375 0.4171875 0.4609375