0 0.2984375000000001 0.6265625 0.29375000000000007 0.6265625 0.29375000000000007 0.6375 0.2984375000000001 0.6375
2 0.3359375000000001 0.4796875 0.3296875000000001 0.4796875 0.3296875000000001 0.5203125 0.3359375000000001 0.5203125
2 0.490625 0.484375 0.4765625 0.484375 0.4765625 0.534375 0.490625 0.534375
2 0.37968750000000007 0.459375 0.3734375000000001 0.459375 0.3734375000000001 0.490625 0.37968750000000007 0.490625
2 0.6171875 0.459375 0.6109375 0.459375 0.6109375 0.4984375 0.6171875 0.4984375
2 0.2390625000000001 0.484375 0.2328125000000001 0.484375 0.2328125000000001 0.515625 0.2390625000000001 0.515625
2 0.3859375000000001 0.5234375 0.3687500000000001 0.5234375 0.3687500000000001 0.5828125 0.3859375000000001 0.5828125
2 0.6796875 0.4890625 0.6734375 0.4890625 0.6734375 0.5328125 0.6796875 0.5328125
2 0.22656250000000008 0.5984375 0.2156250000000001 0.5984375 0.2156250000000001 0.6671875 0.22656250000000008 0.6671875
2 0.2890625000000001 0.5234375 0.27812500000000007 0.5234375 0.27812500000000007 0.5734375 0.2890625000000001 0.5734375
2 0.6421875 0.4890625 0.6359375 0.4890625 0.6359375 0.5375 0.6421875 0.5375
2 0.3156250000000001 0.5140625 0.3062500000000001 0.5140625 0.3062500000000001 0.5640625 0.3156250000000001 0.5640625
2 0.51875 0.5484375 0.503125 0.5484375 0.503125 0.61875 0.51875 0.61875
2 0.5671875 0.4625 0.559375 0.4625 0.559375 0.5015625 0.5671875 0.5015625
2 0.54375 0.50625 0.528125 0.50625 0.528125 0.5625 0.54375 0.5625
2 0.571875 0.4421875 0.5671875 0.4421875 0.5671875 0.4671875 0.571875 0.4671875
2 0.2828125000000001 0.578125 0.27031250000000007 0.578125 0.27031250000000007 0.6421875 0.2828125000000001 0.6421875
2 0.509375 0.4625 0.4984375 0.4625 0.4984375 0.4953125 0.509375 0.4953125
2 0.4140625 0.440625 0.4109375 0.440625 0.4109375 0.459375 0.4140625 0.459375
2 0.4953125 0.446875 0.4875 0.446875 0.4875 0.475 0.4953125 0.475
2 0.446875 0.48125 0.4375 0.48125 0.4375 0.53125 0.446875 0.53125
2 0.3593750000000001 0.5734375 0.3453125000000001 0.5734375 0.3453125000000001 0.6453125 0.3593750000000001 0.6453125
2 0.7828125 0.47656250000000017 0.7796875 0.47656250000000017 0.7796875 0.5000000000000002 0.7828125 0.5000000000000002
2 0.6312500000000001 0.6828125 0.609375 0.6828125 0.6093750000000001 0.7984375 0.6312500000000002 0.7984375