0 0.28593750000000007 0.540625 0.2812500000000001 0.540625 0.2812500000000001 0.553125 0.28593750000000007 0.553125
2 0.465625 0.4875 0.45625 0.4875 0.45625 0.5359375 0.465625 0.5359375
2 0.34843750000000007 0.5296875 0.3375000000000001 0.5296875 0.3375000000000001 0.5953125 0.34843750000000007 0.5953125
2 0.51875 0.509375 0.5078125 0.509375 0.5078125 0.56875 0.51875 0.56875
2 0.64375 0.4890625 0.6359375 0.4890625 0.6359375 0.5390625 0.64375 0.5390625
2 0.3265625000000001 0.4859375 0.31718750000000007 0.4859375 0.31718750000000007 0.5265625 0.3265625000000001 0.5265625
2 0.6828125 0.4953125 0.6765625 0.4953125 0.6765625 0.5421875 0.6828125 0.5421875
2 0.2296875000000001 0.49375 0.2234375000000001 0.49375 0.2234375000000001 0.521875 0.2296875000000001 0.521875
2 0.6125 0.4609375 0.60625 0.4609375 0.60625 0.5 0.6125 0.5
2 0.78125 0.47187500000000016 0.778125 0.47187500000000016 0.778125 0.4968750000000002 0.78125 0.4968750000000002
2 0.2062500000000001 0.59375 0.19687500000000008 0.59375 0.19687500000000008 0.65 0.2062500000000001 0.65
2 0.3656250000000001 0.465625 0.3609375000000001 0.465625 0.3609375000000001 0.496875 0.3656250000000001 0.496875
2 0.56875 0.4421875 0.5625 0.4421875 0.5625 0.4671875 0.56875 0.4671875
2 0.4796875 0.5640625 0.465625 0.5640625 0.465625 0.640625 0.4796875 0.640625
2 0.55625 0.4625 0.5484375 0.4625 0.5484375 0.5046875 0.55625 0.5046875
2 0.3375000000000001 0.5984375 0.3203125000000001 0.5984375 0.3203125000000001 0.6765625 0.3375000000000001 0.6765625
2 0.2687500000000001 0.5265625 0.2593750000000001 0.5265625 0.2593750000000001 0.58125 0.2687500000000001 0.58125
2 0.425 0.490625 0.4171875 0.490625 0.4171875 0.5375 0.425 0.5375
2 0.25468750000000007 0.58125 0.24218750000000008 0.58125 0.24218750000000008 0.6453125 0.25468750000000007 0.6453125
2 0.4796875 0.4453125 0.475 0.4453125 0.475 0.475 0.4796875 0.475
2 0.31718750000000007 0.5171875 0.30937500000000007 0.5171875 0.30937500000000007 0.5609375 0.31718750000000007 0.5609375
2 0.4859375 0.4625 0.478125 0.4625 0.478125 0.496875 0.4859375 0.496875
2 0.4046875 0.4390625 0.4 0.4390625 0.4 0.4609375 0.4046875 0.4609375
2 0.5734375 0.715625 0.5328125 0.715625 0.5328125000000001 0.8578125 0.5734375000000002 0.8578125