0 0.2890625000000001 0.5296875 0.2843750000000001 0.5296875 0.2843750000000001 0.540625 0.2890625000000001 0.540625
2 0.20468750000000008 0.590625 0.19531250000000008 0.590625 0.19531250000000008 0.6484375 0.20468750000000008 0.6484375
2 0.51875 0.509375 0.5046875 0.509375 0.5046875 0.56875 0.51875 0.56875
2 0.4625 0.4828125 0.453125 0.4828125 0.453125 0.5390625 0.4625 0.5390625
2 0.3468750000000001 0.53125 0.3343750000000001 0.53125 0.3343750000000001 0.590625 0.3468750000000001 0.590625
2 0.2671875000000001 0.5265625 0.2578125000000001 0.5265625 0.2578125000000001 0.58125 0.2671875000000001 0.58125
2 0.6828125 0.49375 0.6765625 0.49375 0.6765625 0.5421875 0.6828125 0.5421875
2 0.64375 0.490625 0.6359375 0.490625 0.6359375 0.540625 0.64375 0.540625
2 0.478125 0.5625 0.4625 0.5625 0.4625 0.6421875 0.478125 0.6421875
2 0.32500000000000007 0.4859375 0.3156250000000001 0.4859375 0.3156250000000001 0.528125 0.32500000000000007 0.528125
2 0.55625 0.4625 0.546875 0.4625 0.546875 0.5046875 0.55625 0.5046875
2 0.78125 0.47187500000000016 0.778125 0.47187500000000016 0.778125 0.4968750000000002 0.78125 0.4968750000000002
2 0.25468750000000007 0.578125 0.2406250000000001 0.578125 0.2406250000000001 0.64375 0.25468750000000007 0.64375
2 0.5671875 0.440625 0.5625 0.440625 0.5625 0.465625 0.5671875 0.465625
2 0.36406250000000007 0.4640625 0.3593750000000001 0.4640625 0.3593750000000001 0.4953125 0.36406250000000007 0.4953125
2 0.6109375 0.4609375 0.6046875 0.4609375 0.6046875 0.5 0.6109375 0.5
2 0.421875 0.4875 0.415625 0.4875 0.415625 0.534375 0.421875 0.534375
2 0.484375 0.4609375 0.4765625 0.4609375 0.4765625 0.4953125 0.484375 0.4953125
2 0.2296875000000001 0.49375 0.2234375000000001 0.49375 0.2234375000000001 0.521875 0.2296875000000001 0.521875
2 0.3156250000000001 0.5171875 0.3078125000000001 0.5171875 0.3078125000000001 0.5578125 0.3156250000000001 0.5578125
2 0.33281250000000007 0.6015625 0.3187500000000001 0.6015625 0.3187500000000001 0.6890625 0.33281250000000007 0.6890625
2 0.4046875 0.440625 0.4 0.440625 0.4 0.4625 0.4046875 0.4625
2 0.5687500000000001 0.71875 0.521875 0.71875 0.5218750000000001 0.865625 0.5687500000000002 0.865625
2 0.478125 0.44375 0.4734375 0.44375 0.4734375 0.465625 0.478125 0.465625