0 0.2953125000000001 0.5046875 0.2906250000000001 0.5046875 0.2906250000000001 0.515625 0.2953125000000001 0.515625
2 0.6828125 0.490625 0.675 0.490625 0.675 0.54375 0.6828125 0.54375
2 0.609375 0.4578125 0.603125 0.4578125 0.603125 0.5 0.609375 0.5
2 0.2640625000000001 0.5203125 0.2531250000000001 0.5203125 0.2531250000000001 0.575 0.2640625000000001 0.575
2 0.24375000000000008 0.575 0.23437500000000008 0.575 0.23437500000000008 0.6390625 0.24375000000000008 0.6390625
2 0.3625000000000001 0.459375 0.3546875000000001 0.459375 0.3546875000000001 0.490625 0.3625000000000001 0.490625
2 0.22656250000000008 0.4890625 0.22031250000000008 0.4890625 0.22031250000000008 0.5171875 0.22656250000000008 0.5171875
2 0.465625 0.565625 0.4484375 0.565625 0.4484375 0.64375 0.465625 0.64375
2 0.3343750000000001 0.5328125 0.3265625000000001 0.5328125 0.3265625000000001 0.590625 0.3343750000000001 0.590625
2 0.6421875 0.4890625 0.634375 0.4890625 0.634375 0.5390625 0.6421875 0.5390625
2 0.4203125 0.4875 0.40625 0.4875 0.40625 0.534375 0.4203125 0.534375
2 0.4578125 0.4828125 0.4453125 0.4828125 0.4453125 0.5328125 0.4578125 0.5328125
2 0.5515625 0.459375 0.5421875 0.459375 0.5421875 0.5015625 0.5515625 0.5015625
2 0.78125 0.4734375000000002 0.778125 0.4734375000000002 0.778125 0.4968750000000002 0.78125 0.4968750000000002
2 0.3203125000000001 0.4828125 0.3140625000000001 0.4828125 0.3140625000000001 0.5234375 0.3203125000000001 0.5234375
2 0.3156250000000001 0.5078125 0.3062500000000001 0.5078125 0.3062500000000001 0.5546875 0.3156250000000001 0.5546875
2 0.4796875 0.4578125 0.4703125 0.4578125 0.4703125 0.4984375 0.4796875 0.4984375
2 0.5671875 0.4390625 0.5609375 0.4390625 0.5609375 0.465625 0.5671875 0.465625
2 0.2000000000000001 0.5875 0.18906250000000008 0.5875 0.18906250000000008 0.646875 0.2000000000000001 0.646875
2 0.4015625 0.4375 0.3968750000000001 0.4375 0.3968750000000001 0.459375 0.4015625 0.459375
2 0.5078125 0.5078125 0.490625 0.5078125 0.490625 0.56875 0.5078125 0.56875
2 0.3265625000000001 0.6015625 0.3078125000000001 0.6015625 0.3078125000000001 0.6921875 0.3265625000000001 0.6921875
2 0.5328125000000001 0.7296875 0.4984375000000002 0.7296875 0.4984375000000002 0.865625 0.5328125000000001 0.865625
2 0.4765625 0.44375 0.4703125 0.44375 0.4703125 0.4609375 0.4765625 0.4609375