0 0.3593750000000001 0.6640625 0.3531250000000001 0.6640625 0.3531250000000001 0.6765625 0.3593750000000001 0.6765625
2 0.2984375000000001 0.5390625 0.2890625000000001 0.5390625 0.2890625000000001 0.6046875 0.2984375000000001 0.6046875
2 0.596875 0.465625 0.5890625 0.465625 0.5890625 0.509375 0.596875 0.509375
2 0.6390625 0.496875 0.63125 0.496875 0.63125 0.5515625 0.6390625 0.5515625
2 0.5515625 0.440625 0.546875 0.440625 0.546875 0.46875 0.5515625 0.46875
2 0.20312500000000008 0.571875 0.19531250000000008 0.571875 0.19531250000000008 0.6328125 0.20312500000000008 0.6328125
2 0.2484375000000001 0.51875 0.24218750000000008 0.51875 0.24218750000000008 0.571875 0.2484375000000001 0.571875
2 0.3375000000000001 0.4671875 0.33281250000000007 0.4671875 0.33281250000000007 0.496875 0.3375000000000001 0.496875
2 0.671875 0.503125 0.6640625 0.503125 0.6640625 0.5625 0.671875 0.5625
2 0.4140625 0.490625 0.40625 0.490625 0.40625 0.54375 0.4140625 0.54375
2 0.4609375 0.521875 0.4390625 0.521875 0.4390625 0.590625 0.4609375 0.590625
2 0.2968750000000001 0.484375 0.2906250000000001 0.484375 0.2906250000000001 0.528125 0.2968750000000001 0.528125
2 0.3046875000000001 0.5015625 0.2984375000000001 0.5015625 0.2984375000000001 0.5453125 0.3046875000000001 0.5453125
2 0.5203125 0.4703125 0.5109375 0.4703125 0.5109375 0.509375 0.5203125 0.509375
2 0.21250000000000008 0.4921875 0.2062500000000001 0.4921875 0.2062500000000001 0.5234375 0.21250000000000008 0.5234375
2 0.37187500000000007 0.6109375 0.34843750000000007 0.6109375 0.34843750000000007 0.6765625 0.37187500000000007 0.6765625
2 0.7765625 0.4750000000000002 0.7734375 0.4750000000000002 0.7734375 0.5000000000000002 0.7765625 0.5000000000000002
2 0.3812500000000001 0.440625 0.3765625000000001 0.440625 0.3765625000000001 0.465625 0.3812500000000001 0.465625
2 0.37968750000000007 0.4984375 0.37187500000000007 0.4984375 0.37187500000000007 0.5484375 0.37968750000000007 0.5484375
2 0.1921875000000001 0.5796875 0.1843750000000001 0.5796875 0.1843750000000001 0.640625 0.1921875000000001 0.640625
2 0.4421875 0.459375 0.4328125 0.459375 0.4328125 0.5015625 0.4421875 0.5015625
2 0.4421875 0.4453125 0.4375 0.4453125 0.4375 0.471875 0.4421875 0.471875
2 0.4546875000000001 0.6828125 0.4265625 0.6828125 0.42656250000000007 0.7984375 0.4546875000000002 0.7984375
2 0.3390625000000001 0.6046875 0.3218750000000001 0.6046875 0.3218750000000001 0.7015625 0.3390625000000001 0.7015625