0 0.37187500000000007 0.6765625 0.3656250000000001 0.6765625 0.3656250000000001 0.690625 0.37187500000000007 0.690625
2 0.6328125 0.503125 0.625 0.503125 0.625 0.5625 0.6328125 0.5625
2 0.515625 0.4796875 0.5046875 0.4796875 0.5046875 0.525 0.515625 0.525
2 0.665625 0.51875 0.65625 0.51875 0.65625 0.5796875 0.665625 0.5796875
2 0.5484375 0.4453125 0.5421875 0.4453125 0.5421875 0.478125 0.5484375 0.478125
2 0.2515625000000001 0.5265625 0.2453125000000001 0.5265625 0.2453125000000001 0.584375 0.2515625000000001 0.584375
2 0.2000000000000001 0.5953125 0.1906250000000001 0.5953125 0.1906250000000001 0.6609375 0.2000000000000001 0.6609375
2 0.6 0.471875 0.5921875 0.471875 0.5921875 0.51875 0.6 0.51875
2 0.2984375000000001 0.55 0.2890625000000001 0.55 0.2890625000000001 0.6078125 0.2984375000000001 0.6078125
2 0.4546875 0.5390625 0.4375 0.5390625 0.4375 0.609375 0.4546875 0.609375
2 0.3359375000000001 0.4734375 0.3296875000000001 0.4734375 0.3296875000000001 0.5046875 0.3359375000000001 0.5046875
2 0.3765625000000001 0.509375 0.3671875000000001 0.509375 0.3671875000000001 0.565625 0.3765625000000001 0.565625
2 0.3000000000000001 0.4921875 0.29375000000000007 0.4921875 0.29375000000000007 0.534375 0.3000000000000001 0.534375
2 0.43125 0.4703125 0.425 0.4703125 0.425 0.5109375 0.43125 0.5109375
2 0.40625 0.5078125 0.3984375000000001 0.5078125 0.3984375000000001 0.5671875 0.40625 0.5671875
2 0.775 0.4750000000000002 0.7703125 0.4750000000000002 0.7703125 0.5015625000000001 0.775 0.5015625000000001
2 0.21093750000000008 0.5 0.2062500000000001 0.5 0.2062500000000001 0.5296875 0.21093750000000008 0.5296875
2 0.3765625000000001 0.4453125 0.3734375000000001 0.4453125 0.3734375000000001 0.475 0.3765625000000001 0.475
2 0.428125 0.453125 0.4234375 0.453125 0.4234375 0.4875 0.428125 0.4875
2 0.3046875000000001 0.503125 0.2984375000000001 0.503125 0.2984375000000001 0.55 0.3046875000000001 0.55
2 0.3625000000000001 0.6140625 0.3453125000000001 0.6140625 0.3453125000000001 0.690625 0.3625000000000001 0.690625
2 0.4750000000000001 0.665625 0.453125 0.665625 0.4531250000000001 0.7890625 0.4750000000000002 0.7890625
2 0.3515625000000001 0.6015625 0.33281250000000007 0.6015625 0.33281250000000007 0.6984375 0.3515625000000001 0.6984375
2 0.1937500000000001 0.5859375 0.18750000000000008 0.5859375 0.18750000000000008 0.6421875 0.1937500000000001 0.6421875