0 0.3734375000000001 0.675 0.3671875000000001 0.675 0.3671875000000001 0.6875 0.3734375000000001 0.6875
2 0.6328125 0.5015625 0.625 0.5015625 0.625 0.5609375 0.6328125 0.5609375
2 0.5140625 0.475 0.503125 0.475 0.503125 0.5234375 0.5140625 0.5234375
2 0.665625 0.51875 0.65625 0.51875 0.65625 0.5796875 0.665625 0.5796875
2 0.5484375 0.4453125 0.5421875 0.4453125 0.5421875 0.478125 0.5484375 0.478125
2 0.2531250000000001 0.5265625 0.2453125000000001 0.5265625 0.2453125000000001 0.5859375 0.2531250000000001 0.5859375
2 0.6 0.471875 0.5921875 0.471875 0.5921875 0.51875 0.6 0.51875
2 0.2015625000000001 0.5953125 0.1906250000000001 0.5953125 0.1906250000000001 0.6609375 0.2015625000000001 0.6609375
2 0.3359375000000001 0.4734375 0.3296875000000001 0.4734375 0.3296875000000001 0.5046875 0.3359375000000001 0.5046875
2 0.2984375000000001 0.5484375 0.2890625000000001 0.5484375 0.2890625000000001 0.6125 0.2984375000000001 0.6125
2 0.3000000000000001 0.4921875 0.29375000000000007 0.4921875 0.29375000000000007 0.5328125 0.3000000000000001 0.5328125
2 0.45625 0.5390625 0.4375 0.5390625 0.4375 0.609375 0.45625 0.609375
2 0.3765625000000001 0.509375 0.3671875000000001 0.509375 0.3671875000000001 0.565625 0.3765625000000001 0.565625
2 0.775 0.4750000000000002 0.7703125 0.4750000000000002 0.7703125 0.5000000000000002 0.775 0.5000000000000002
2 0.43125 0.4703125 0.425 0.4703125 0.425 0.5109375 0.43125 0.5109375
2 0.40625 0.5078125 0.3984375000000001 0.5078125 0.3984375000000001 0.5671875 0.40625 0.5671875
2 0.21093750000000008 0.5 0.2062500000000001 0.5 0.2062500000000001 0.528125 0.21093750000000008 0.528125
2 0.3062500000000001 0.5046875 0.3000000000000001 0.5046875 0.3000000000000001 0.5484375 0.3062500000000001 0.5484375
2 0.428125 0.453125 0.421875 0.453125 0.421875 0.484375 0.428125 0.484375
2 0.3765625000000001 0.44375 0.3734375000000001 0.44375 0.3734375000000001 0.471875 0.3765625000000001 0.471875
2 0.3625000000000001 0.6234375 0.3421875000000001 0.6234375 0.3421875000000001 0.6953125 0.3625000000000001 0.6953125
2 0.3500000000000001 0.6 0.3375000000000001 0.6 0.3375000000000001 0.6921875 0.3500000000000001 0.6921875
2 0.1937500000000001 0.5875 0.1859375000000001 0.5875 0.1859375000000001 0.646875 0.1937500000000001 0.646875
2 0.48125000000000007 0.6625 0.453125 0.6625 0.4531250000000001 0.78125 0.4812500000000002 0.78125