0 0.3906250000000001 0.6734375 0.3843750000000001 0.6734375 0.3843750000000001 0.6890625 0.3906250000000001 0.6890625
2 0.6046875 0.46875 0.5953125 0.46875 0.5953125 0.515625 0.6046875 0.515625
2 0.3031250000000001 0.540625 0.29375000000000007 0.540625 0.29375000000000007 0.603125 0.3031250000000001 0.603125
2 0.3000000000000001 0.4859375 0.29375000000000007 0.4859375 0.29375000000000007 0.528125 0.3000000000000001 0.528125
2 0.43125 0.465625 0.425 0.465625 0.425 0.509375 0.43125 0.509375
2 0.421875 0.4453125 0.415625 0.4453125 0.415625 0.4765625 0.421875 0.4765625
2 0.21250000000000008 0.4921875 0.2078125000000001 0.4921875 0.2078125000000001 0.5234375 0.21250000000000008 0.5234375
2 0.25468750000000007 0.51875 0.2484375000000001 0.51875 0.2484375000000001 0.578125 0.25468750000000007 0.578125
2 0.3750000000000001 0.4390625 0.37187500000000007 0.4390625 0.37187500000000007 0.4671875 0.3750000000000001 0.4671875
2 0.3078125000000001 0.496875 0.30156250000000007 0.496875 0.30156250000000007 0.5390625 0.3078125000000001 0.5390625
2 0.546875 0.44375 0.540625 0.44375 0.540625 0.4765625 0.546875 0.4765625
2 0.6671875 0.5203125 0.6578125 0.5203125 0.6578125 0.5828125 0.6671875 0.5828125
2 0.515625 0.475 0.5015625 0.475 0.5015625 0.5234375 0.515625 0.5234375
2 0.63125 0.5109375 0.6234375 0.5109375 0.6234375 0.5609375 0.63125 0.5609375
2 0.3765625000000001 0.503125 0.3671875000000001 0.503125 0.3671875000000001 0.5625 0.3765625000000001 0.5625
2 0.4625 0.5515625 0.44375 0.5515625 0.44375 0.6140625 0.4625 0.6140625
2 0.3375000000000001 0.465625 0.33281250000000007 0.465625 0.33281250000000007 0.4984375 0.3375000000000001 0.4984375
2 0.3703125000000001 0.6171875 0.3453125000000001 0.6171875 0.3453125000000001 0.678125 0.3703125000000001 0.678125
2 0.19531250000000008 0.584375 0.1859375000000001 0.584375 0.1859375000000001 0.6453125 0.19531250000000008 0.6453125
2 0.4078125 0.509375 0.3984375000000001 0.509375 0.3984375000000001 0.56875 0.4078125 0.56875
2 0.7734375 0.4734375000000002 0.76875 0.4734375000000002 0.76875 0.5000000000000002 0.7734375 0.5000000000000002
2 0.2062500000000001 0.5953125 0.19687500000000008 0.5953125 0.19687500000000008 0.6640625 0.2062500000000001 0.6640625
2 0.3593750000000001 0.5953125 0.3468750000000001 0.5953125 0.3468750000000001 0.64375 0.3593750000000001 0.64375
2 0.48906250000000007 0.653125 0.465625 0.653125 0.46562500000000007 0.734375 0.4890625000000002 0.734375