0 0.409375 0.6828125 0.403125 0.6828125 0.403125 0.696875 0.409375 0.696875
2 0.3062500000000001 0.546875 0.2968750000000001 0.546875 0.2968750000000001 0.609375 0.3062500000000001 0.609375
2 0.60625 0.4765625 0.596875 0.4765625 0.596875 0.521875 0.60625 0.521875
2 0.6296875 0.5234375 0.6203125 0.5234375 0.6203125 0.5734375 0.6296875 0.5734375
2 0.2578125000000001 0.5265625 0.2500000000000001 0.5265625 0.2500000000000001 0.584375 0.2578125000000001 0.584375
2 0.34062500000000007 0.4734375 0.3343750000000001 0.4734375 0.3343750000000001 0.5046875 0.34062500000000007 0.5046875
2 0.19687500000000008 0.590625 0.18750000000000008 0.590625 0.18750000000000008 0.65 0.19687500000000008 0.65
2 0.6703125 0.528125 0.659375 0.528125 0.659375 0.5859375 0.6703125 0.5859375
2 0.434375 0.4734375 0.4265625 0.4734375 0.4265625 0.5171875 0.434375 0.5171875
2 0.3109375000000001 0.5015625 0.3046875000000001 0.5015625 0.3046875000000001 0.54375 0.3109375000000001 0.54375
2 0.41875 0.4546875 0.4125 0.4546875 0.4125 0.4828125 0.41875 0.4828125
2 0.21250000000000008 0.496875 0.2078125000000001 0.496875 0.2078125000000001 0.5265625 0.21250000000000008 0.5265625
2 0.2171875000000001 0.60625 0.2062500000000001 0.60625 0.2062500000000001 0.671875 0.2171875000000001 0.671875
2 0.5484375 0.4484375 0.5421875 0.4484375 0.5421875 0.48125 0.5484375 0.48125
2 0.30156250000000007 0.490625 0.2953125000000001 0.490625 0.2953125000000001 0.5328125 0.30156250000000007 0.5328125
2 0.4671875 0.5703125 0.44375 0.5703125 0.44375 0.63125 0.4671875 0.63125
2 0.3750000000000001 0.5140625 0.3671875000000001 0.5140625 0.3671875000000001 0.5703125 0.3750000000000001 0.5703125
2 0.5140625 0.4828125 0.50625 0.4828125 0.50625 0.5296875 0.5140625 0.5296875
2 0.4140625 0.5203125 0.4015625 0.5203125 0.4015625 0.5828125 0.4140625 0.5828125
2 0.771875 0.4781250000000002 0.76875 0.4781250000000002 0.76875 0.5046875000000002 0.771875 0.5046875000000002
2 0.3750000000000001 0.446875 0.3703125000000001 0.446875 0.3703125000000001 0.471875 0.3750000000000001 0.471875
2 0.37187500000000007 0.5984375 0.3546875000000001 0.5984375 0.3546875000000001 0.6765625 0.37187500000000007 0.6765625
2 0.3890625000000001 0.6125 0.3671875000000001 0.6125 0.3671875000000001 0.6875 0.3890625000000001 0.6875
2 0.5093750000000001 0.65 0.46875 0.65 0.4687500000000001 0.7625 0.5093750000000001 0.7625