0 0.4953125 0.6484375 0.4890625 0.6484375 0.4890625 0.6609375 0.4953125 0.6609375
2 0.22656250000000008 0.5 0.2218750000000001 0.5 0.2218750000000001 0.53125 0.22656250000000008 0.53125
2 0.6546875 0.5578125 0.6453125 0.5578125 0.6453125 0.6265625 0.6546875 0.6265625
2 0.3265625000000001 0.496875 0.3218750000000001 0.496875 0.3218750000000001 0.534375 0.3265625000000001 0.534375
2 0.55 0.5 0.5375 0.5 0.5375 0.5453125 0.55 0.5453125
2 0.3218750000000001 0.4984375 0.3140625000000001 0.4984375 0.3140625000000001 0.54375 0.3218750000000001 0.54375
2 0.2312500000000001 0.6015625 0.22031250000000008 0.6015625 0.22031250000000008 0.6765625 0.2312500000000001 0.6765625
2 0.465625 0.4859375 0.4578125 0.4859375 0.4578125 0.53125 0.465625 0.53125
2 0.63125 0.4859375 0.625 0.4859375 0.625 0.5359375 0.63125 0.5359375
2 0.775 0.4812500000000002 0.7703125 0.4812500000000002 0.7703125 0.5093750000000001 0.775 0.5093750000000001
2 0.3687500000000001 0.4734375 0.3609375000000001 0.4734375 0.3609375000000001 0.50625 0.3687500000000001 0.50625
2 0.2921875000000001 0.53125 0.28593750000000007 0.53125 0.28593750000000007 0.5890625 0.2921875000000001 0.5890625
2 0.3906250000000001 0.45 0.38750000000000007 0.45 0.38750000000000007 0.4765625 0.3906250000000001 0.4765625
2 0.3531250000000001 0.54375 0.3421875000000001 0.54375 0.3421875000000001 0.6125 0.3531250000000001 0.6125
2 0.4078125 0.525 0.3984375000000001 0.525 0.3984375000000001 0.5859375 0.4078125 0.5859375
2 0.578125 0.45625 0.5703125 0.45625 0.5703125 0.490625 0.578125 0.490625
2 0.4375 0.4609375 0.43125 0.4609375 0.43125 0.4921875 0.4375 0.4921875
2 0.675 0.5515625 0.6640625 0.5515625 0.6640625 0.6171875 0.675 0.6171875
2 0.40625 0.5890625 0.3890625000000001 0.5890625 0.3890625000000001 0.6671875 0.40625 0.6671875
2 0.4875 0.5640625 0.4609375 0.5640625 0.4609375 0.6375 0.4875 0.6375
2 0.3046875000000001 0.6953125 0.2828125000000001 0.6953125 0.2828125000000001 0.8171875 0.3046875000000001 0.8171875
2 0.546875 0.628125 0.51875 0.628125 0.51875 0.7234375 0.546875 0.7234375
2 0.5140625 0.5859375 0.49375 0.5859375 0.49375 0.6765625 0.5140625 0.6765625
2 0.5328125 0.59375 0.5078125 0.59375 0.5078125 0.68125 0.5328125 0.68125