0 0.503125 0.6234375 0.49375 0.6234375 0.49375 0.6375 0.503125 0.6375
2 0.2312500000000001 0.4921875 0.2250000000000001 0.4921875 0.2250000000000001 0.5234375 0.2312500000000001 0.5234375
2 0.6359375 0.4828125 0.6296875 0.4828125 0.6296875 0.5328125 0.6359375 0.5328125
2 0.36406250000000007 0.53125 0.35625000000000007 0.53125 0.35625000000000007 0.5953125 0.36406250000000007 0.5953125
2 0.3984375000000001 0.4421875 0.3921875000000001 0.4421875 0.3921875000000001 0.46875 0.3984375000000001 0.46875
2 0.3812500000000001 0.4625 0.3734375000000001 0.4625 0.3734375000000001 0.49375 0.3812500000000001 0.49375
2 0.5890625 0.4515625 0.58125 0.4515625 0.58125 0.4859375 0.5890625 0.4859375
2 0.30937500000000007 0.5203125 0.30156250000000007 0.5203125 0.30156250000000007 0.5765625 0.30937500000000007 0.5765625
2 0.24375000000000008 0.59375 0.23437500000000008 0.59375 0.23437500000000008 0.671875 0.24375000000000008 0.671875
2 0.453125 0.45 0.4453125 0.45 0.4453125 0.48125 0.453125 0.48125
2 0.7765625 0.4781250000000002 0.771875 0.4781250000000002 0.771875 0.5062500000000002 0.7765625 0.5062500000000002
2 0.5703125 0.565625 0.5453125 0.565625 0.5453125 0.634375 0.5703125 0.634375
2 0.48125 0.475 0.4734375 0.475 0.4734375 0.5203125 0.48125 0.5203125
2 0.5703125 0.49375 0.559375 0.49375 0.559375 0.55 0.5703125 0.55
2 0.44375 0.5609375 0.421875 0.5609375 0.421875 0.6421875 0.44375 0.6421875
2 0.665625 0.553125 0.653125 0.553125 0.653125 0.625 0.665625 0.625
2 0.3296875000000001 0.4875 0.3234375000000001 0.4875 0.3234375000000001 0.534375 0.3296875000000001 0.534375
2 0.5015625 0.5390625 0.484375 0.5390625 0.484375 0.6109375 0.5015625 0.6109375
2 0.4140625 0.5203125 0.4046875 0.5203125 0.4046875 0.5765625 0.4140625 0.5765625
2 0.60625 0.6078125 0.58125 0.6078125 0.58125 0.6859375 0.60625 0.6859375
2 0.675 0.5375 0.665625 0.5375 0.665625 0.6015625 0.675 0.6015625
2 0.33281250000000007 0.4828125 0.3281250000000001 0.4828125 0.3281250000000001 0.5234375 0.33281250000000007 0.5234375
2 0.5203125 0.5625 0.5 0.5625 0.5 0.640625 0.5203125 0.640625
2 0.35625000000000007 0.7078125 0.33281250000000007 0.7078125 0.33281250000000007 0.84375 0.35625000000000007 0.84375