0 0.3812500000000001 0.4671875 0.3781250000000001 0.4671875 0.3781250000000001 0.475 0.3812500000000001 0.475
2 0.5359375 0.4484375 0.5296875 0.4484375 0.5296875 0.478125 0.5359375 0.478125
2 0.565625 0.4921875 0.5515625 0.4921875 0.5515625 0.5390625 0.565625 0.5390625
2 0.3843750000000001 0.509375 0.3750000000000001 0.509375 0.3750000000000001 0.56875 0.3843750000000001 0.56875
2 0.2484375000000001 0.49375 0.24375000000000008 0.49375 0.24375000000000008 0.521875 0.2484375000000001 0.521875
2 0.3437500000000001 0.509375 0.33281250000000007 0.509375 0.33281250000000007 0.565625 0.3437500000000001 0.565625
2 0.36406250000000007 0.490625 0.3546875000000001 0.490625 0.3546875000000001 0.5234375 0.36406250000000007 0.5234375
2 0.6765625 0.546875 0.6671875 0.546875 0.6671875 0.609375 0.6765625 0.609375
2 0.4078125 0.4640625 0.4015625 0.4640625 0.4015625 0.4875 0.4078125 0.4875
2 0.4953125 0.4890625 0.4828125 0.4890625 0.4828125 0.5453125 0.4953125 0.5453125
2 0.60625 0.4546875 0.6 0.4546875 0.6 0.4890625 0.60625 0.4890625
2 0.771875 0.4734375000000002 0.76875 0.4734375000000002 0.76875 0.5015625000000001 0.771875 0.5015625000000001
2 0.2906250000000001 0.58125 0.27812500000000007 0.58125 0.27812500000000007 0.6546875 0.2906250000000001 0.6546875
2 0.540625 0.4953125 0.53125 0.4953125 0.53125 0.5484375 0.540625 0.5484375
2 0.665625 0.5671875 0.653125 0.5671875 0.653125 0.6375 0.665625 0.6375
2 0.4890625 0.546875 0.4765625 0.546875 0.4765625 0.615625 0.4890625 0.615625
2 0.63125 0.475 0.625 0.475 0.625 0.5171875 0.63125 0.5171875
2 0.3578125000000001 0.4984375 0.3453125000000001 0.4984375 0.3453125000000001 0.5296875 0.3578125000000001 0.5296875
2 0.675 0.5109375 0.6671875 0.5109375 0.6671875 0.5546875 0.675 0.5546875
2 0.4859375 0.4796875 0.478125 0.4796875 0.478125 0.5234375 0.4859375 0.5234375
2 0.440625 0.4421875 0.434375 0.4421875 0.434375 0.475 0.440625 0.475
2 0.4625 0.5296875 0.4484375 0.5296875 0.4484375 0.5984375 0.4625 0.5984375
2 0.428125 0.5203125 0.4171875 0.5203125 0.4171875 0.5765625 0.428125 0.5765625
2 0.6078125000000001 0.665625 0.5703125 0.665625 0.5703125000000001 0.771875 0.6078125000000002 0.771875