0 0.32500000000000007 0.4734375 0.3234375000000001 0.4734375 0.3234375000000001 0.48125 0.32500000000000007 0.48125
2 0.4859375 0.4828125 0.4765625 0.4828125 0.4765625 0.5328125 0.4859375 0.5328125
2 0.3437500000000001 0.5078125 0.33281250000000007 0.5078125 0.33281250000000007 0.55625 0.3437500000000001 0.55625
2 0.3000000000000001 0.5703125 0.2906250000000001 0.5703125 0.2906250000000001 0.6359375 0.3000000000000001 0.6359375
2 0.2453125000000001 0.4921875 0.2390625000000001 0.4921875 0.2390625000000001 0.5203125 0.2453125000000001 0.5203125
2 0.4734375 0.4765625 0.4640625 0.4765625 0.4640625 0.521875 0.4734375 0.521875
2 0.484375 0.5375 0.46875 0.5375 0.46875 0.6015625 0.484375 0.6015625
2 0.66875 0.5046875 0.6609375 0.5046875 0.6609375 0.5546875 0.66875 0.5546875
2 0.446875 0.521875 0.4359375 0.521875 0.4359375 0.590625 0.446875 0.590625
2 0.3593750000000001 0.4859375 0.3500000000000001 0.4859375 0.3500000000000001 0.5203125 0.3593750000000001 0.5203125
2 0.37968750000000007 0.5046875 0.37187500000000007 0.5046875 0.37187500000000007 0.559375 0.37968750000000007 0.559375
2 0.6015625 0.446875 0.596875 0.446875 0.596875 0.48125 0.6015625 0.48125
2 0.534375 0.4421875 0.528125 0.4421875 0.528125 0.4734375 0.534375 0.4734375
2 0.546875 0.4890625 0.5359375 0.4890625 0.5359375 0.5453125 0.546875 0.5453125
2 0.56875 0.484375 0.55625 0.484375 0.55625 0.528125 0.56875 0.528125
2 0.3968750000000001 0.4609375 0.3890625000000001 0.4609375 0.3890625000000001 0.4875 0.3968750000000001 0.4875
2 0.4359375 0.440625 0.43125 0.440625 0.43125 0.4671875 0.4359375 0.4671875
2 0.6578125 0.5546875 0.64375 0.5546875 0.64375 0.634375 0.6578125 0.634375
2 0.625 0.4671875 0.6171875 0.4671875 0.6171875 0.509375 0.625 0.509375
2 0.3437500000000001 0.503125 0.3359375000000001 0.503125 0.3359375000000001 0.528125 0.3437500000000001 0.528125
2 0.6703125 0.5328125 0.6640625 0.5328125 0.6640625 0.5953125 0.6703125 0.5953125
2 0.421875 0.5125 0.4109375 0.5125 0.4109375 0.5765625 0.421875 0.5765625
2 0.7703125 0.4703125000000002 0.765625 0.4703125000000002 0.765625 0.4984375000000002 0.7703125 0.4984375000000002
2 0.58125 0.6515625 0.5484375 0.6515625 0.5484375000000001 0.7703125 0.5812500000000002 0.7703125