0 0.2656250000000001 0.53125 0.26250000000000007 0.53125 0.26250000000000007 0.540625 0.2656250000000001 0.540625
2 0.3281250000000001 0.5 0.3187500000000001 0.5 0.3187500000000001 0.5578125 0.3281250000000001 0.5578125
2 0.4546875 0.4796875 0.4484375 0.4796875 0.4484375 0.525 0.4546875 0.525
2 0.37187500000000007 0.5015625 0.3625000000000001 0.5015625 0.3625000000000001 0.5578125 0.37187500000000007 0.5578125
2 0.3750000000000001 0.4640625 0.3687500000000001 0.4640625 0.3687500000000001 0.490625 0.3750000000000001 0.490625
2 0.2328125000000001 0.496875 0.22656250000000008 0.496875 0.22656250000000008 0.525 0.2328125000000001 0.525
2 0.5921875 0.4484375 0.584375 0.4484375 0.584375 0.4796875 0.5921875 0.4796875
2 0.6109375 0.465625 0.603125 0.465625 0.603125 0.509375 0.6109375 0.509375
2 0.4234375 0.5203125 0.4140625 0.5203125 0.4140625 0.590625 0.4234375 0.590625
2 0.553125 0.490625 0.54375 0.490625 0.54375 0.54375 0.553125 0.54375
2 0.534375 0.44375 0.5265625 0.44375 0.5265625 0.4765625 0.534375 0.4765625
2 0.46875 0.534375 0.459375 0.534375 0.459375 0.603125 0.46875 0.603125
2 0.46875 0.48125 0.4609375 0.48125 0.4609375 0.5359375 0.46875 0.5359375
2 0.3031250000000001 0.565625 0.2921875000000001 0.565625 0.2921875000000001 0.63125 0.3031250000000001 0.63125
2 0.5578125 0.4796875 0.55 0.4796875 0.55 0.5203125 0.5578125 0.5203125
2 0.6625 0.53125 0.653125 0.53125 0.653125 0.59375 0.6625 0.59375
2 0.7640625 0.46875000000000017 0.7609375 0.46875000000000017 0.7609375 0.49218750000000017 0.7640625 0.49218750000000017
2 0.659375 0.4984375 0.6515625 0.4984375 0.6515625 0.5515625 0.659375 0.5515625
2 0.4265625 0.4421875 0.421875 0.4421875 0.421875 0.4671875 0.4265625 0.4671875
2 0.3500000000000001 0.484375 0.3437500000000001 0.484375 0.3437500000000001 0.521875 0.3500000000000001 0.521875
2 0.40625 0.515625 0.4 0.515625 0.4 0.575 0.40625 0.575
2 0.6359375 0.559375 0.6265625 0.559375 0.6265625 0.625 0.6359375 0.625
2 0.3265625000000001 0.4953125 0.3203125000000001 0.4953125 0.3203125000000001 0.525 0.3265625000000001 0.525
2 0.4984375000000001 0.640625 0.4609375 0.640625 0.4609375000000001 0.7609375 0.4984375000000002 0.7609375