0 0.2531250000000001 0.521875 0.2515625000000001 0.521875 0.2515625000000001 0.525 0.2531250000000001 0.525
2 0.3703125000000001 0.5015625 0.3609375000000001 0.5015625 0.3609375000000001 0.55625 0.3703125000000001 0.55625
2 0.5859375 0.4453125 0.578125 0.4453125 0.578125 0.4796875 0.5859375 0.4796875
2 0.534375 0.4421875 0.5265625 0.4421875 0.5265625 0.4734375 0.534375 0.4734375
2 0.60625 0.4625 0.596875 0.4625 0.596875 0.509375 0.60625 0.509375
2 0.22812500000000008 0.496875 0.2218750000000001 0.496875 0.2218750000000001 0.525 0.22812500000000008 0.525
2 0.4515625 0.478125 0.44375 0.478125 0.44375 0.521875 0.4515625 0.521875
2 0.3203125000000001 0.5015625 0.3109375000000001 0.5015625 0.3109375000000001 0.5640625 0.3203125000000001 0.5640625
2 0.465625 0.5375 0.4515625 0.5375 0.4515625 0.603125 0.465625 0.603125
2 0.4625 0.4796875 0.45625 0.4796875 0.45625 0.5328125 0.4625 0.5328125
2 0.659375 0.5296875 0.65 0.5296875 0.65 0.5953125 0.659375 0.5953125
2 0.30156250000000007 0.565625 0.2906250000000001 0.565625 0.2906250000000001 0.628125 0.30156250000000007 0.628125
2 0.41875 0.521875 0.403125 0.521875 0.403125 0.5859375 0.41875 0.5859375
2 0.4234375 0.4421875 0.4171875 0.4421875 0.4171875 0.46875 0.4234375 0.46875
2 0.3671875000000001 0.4625 0.3625000000000001 0.4625 0.3625000000000001 0.490625 0.3671875000000001 0.490625
2 0.63125 0.5578125 0.6171875 0.5578125 0.6171875 0.63125 0.63125 0.63125
2 0.6546875 0.5 0.646875 0.5 0.646875 0.55 0.6546875 0.55
2 0.3234375000000001 0.490625 0.3156250000000001 0.490625 0.3156250000000001 0.521875 0.3234375000000001 0.521875
2 0.34843750000000007 0.4859375 0.3390625000000001 0.4859375 0.3390625000000001 0.5203125 0.34843750000000007 0.5203125
2 0.403125 0.5125 0.39531250000000007 0.5125 0.39531250000000007 0.578125 0.403125 0.578125
2 0.55625 0.490625 0.5421875 0.490625 0.5421875 0.54375 0.55625 0.54375
2 0.7640625 0.46875000000000017 0.759375 0.46875000000000017 0.759375 0.4968750000000002 0.7640625 0.4968750000000002
2 0.5515625 0.4734375 0.5421875 0.4734375 0.5421875 0.5125 0.5515625 0.5125
2 0.4640625000000001 0.646875 0.434375 0.646875 0.43437500000000007 0.753125 0.46406250000000016 0.753125