2 0.7078125 0.4296875 0.6984375 0.4296875 0.6984375 0.4796875 0.7078125 0.4796875
2 0.7109375 0.3781250000000001 0.6953125 0.3781250000000001 0.6953125 0.4296875 0.7109375 0.4296875
1 0.7625 0.3906250000000001 0.7484375 0.3906250000000001 0.7484375 0.44062500000000016 0.7625 0.44062500000000016
2 0.6921875 0.37187500000000007 0.6765625 0.37187500000000007 0.6765625 0.4234375 0.6921875 0.4234375
0 0.759375 0.6359375000000002 0.7515625 0.6359375000000002 0.7515625 0.6468750000000002 0.759375 0.6468750000000002
2 0.7171875 0.440625 0.703125 0.440625 0.703125 0.5 0.7171875 0.5
2 0.5765625 0.440625 0.5625 0.440625 0.5625 0.4921875 0.5765625 0.4921875
2 0.903125 0.5062500000000002 0.8875 0.5062500000000002 0.8875 0.5578125000000002 0.903125 0.5578125000000002
2 0.6703125 0.4171875 0.6578125 0.4171875 0.6578125 0.46875 0.6703125 0.46875
2 0.8125 0.4890625000000002 0.8 0.4890625000000002 0.8 0.5484375000000001 0.8125 0.5484375000000001
2 0.75 0.5468750000000002 0.734375 0.5468750000000002 0.734375 0.6046875000000002 0.75 0.6046875000000002
2 0.7921875 0.43750000000000017 0.7796875 0.43750000000000017 0.7796875 0.4937500000000002 0.7921875 0.4937500000000002
2 0.603125 0.4109375 0.5890625 0.4109375 0.5890625 0.4609375 0.603125 0.4609375
2 0.5859375 0.3890625000000001 0.5734375 0.3890625000000001 0.5734375 0.4390625 0.5859375 0.4390625
2 0.878125 0.4984375000000002 0.8640625 0.4984375000000002 0.8640625 0.5546875000000002 0.878125 0.5546875000000002
3 0.5046875 0.45 0.4921875 0.45 0.4921875 0.50625 0.5046875 0.50625
2 0.584375 0.4859375 0.5703125 0.4859375 0.5703125 0.5375 0.584375 0.5375
2 0.3750000000000001 0.4078125 0.3593750000000001 0.4078125 0.3593750000000001 0.4609375 0.3750000000000001 0.4609375
2 0.746875 0.5843750000000001 0.721875 0.584375 0.721875 0.6406250000000001 0.746875 0.6406250000000002
2 0.6859375 0.596875 0.665625 0.596875 0.665625 0.6578125 0.6859375 0.6578125
2 0.15625000000000006 0.4828125 0.14062500000000006 0.4828125 0.14062500000000006 0.5390625 0.15625000000000006 0.5390625
2 0.19687500000000008 0.5734375 0.17968750000000008 0.5734375 0.17968750000000008 0.6375 0.19687500000000008 0.6375
2 0.24375000000000008 0.55625 0.22812500000000008 0.55625 0.22812500000000008 0.615625 0.24375000000000008 0.615625