0 0.859375 0.5390625000000002 0.853125 0.5390625000000002 0.853125 0.5500000000000002 0.859375 0.5500000000000002
2 0.8921875 0.5343750000000002 0.8765625 0.5343750000000002 0.8765625 0.5656250000000002 0.8921875 0.5656250000000002
2 0.8921875 0.5546875000000002 0.875 0.5546875000000002 0.875 0.6093750000000002 0.8921875 0.6093750000000002
1 0.871875 0.36406250000000007 0.8578125 0.36406250000000007 0.8578125 0.4109375000000002 0.871875 0.4109375000000002
3 0.996875 0.6328125000000002 0.9734375 0.6328125000000002 0.9734375 0.7031250000000002 0.996875 0.7031250000000002
2 0.8921875 0.5750000000000002 0.8796875 0.5750000000000002 0.8796875 0.6343750000000001 0.8921875 0.6343750000000001
2 0.590625 0.3515625000000001 0.578125 0.3515625000000001 0.578125 0.3937500000000001 0.590625 0.3937500000000001
2 0.33125000000000004 0.3546875 0.3203125 0.3546875 0.32031250000000006 0.3984375 0.3312500000000001 0.3984375
2 0.6609375 0.3671875000000001 0.65 0.3671875000000001 0.65 0.415625 0.6609375 0.415625
2 0.634375 0.415625 0.6234375 0.415625 0.6234375 0.4625 0.634375 0.4625
2 0.453125 0.409375 0.4421875 0.409375 0.4421875 0.459375 0.453125 0.459375
2 0.7421875 0.5109375000000002 0.7328125 0.5109375000000002 0.7328125 0.5703125000000002 0.7421875 0.5703125000000002
2 0.8140625 0.5765625000000002 0.7984375 0.5765625000000002 0.7984375 0.6406250000000002 0.8140625 0.6406250000000002
3 0.56875 0.4609375 0.553125 0.4609375 0.553125 0.5140625 0.56875 0.5140625
2 0.55 0.5171875 0.5390625 0.5171875 0.5390625 0.5765625 0.55 0.5765625
2 0.6875 0.5515625 0.6734375 0.5515625 0.6734375 0.6203125 0.6875 0.6203125
2 0.84375 0.5750000000000002 0.8296875 0.5750000000000002 0.8296875 0.6375000000000002 0.84375 0.6375000000000002
2 0.7375 0.4156250000000001 0.7203125 0.415625 0.7203125 0.46562500000000007 0.7375 0.4656250000000002
2 0.4 0.60625 0.3843750000000001 0.60625 0.3843750000000001 0.68125 0.4 0.68125
2 0.653125 0.64375 0.6375 0.64375 0.6375 0.71875 0.653125 0.71875
2 0.671875 0.56875 0.6578125 0.56875 0.6578125 0.6328125 0.671875 0.6328125
2 0.2921875000000001 0.63125 0.27031250000000007 0.63125 0.27031250000000007 0.70625 0.2921875000000001 0.70625
2 0.471875 0.5453125 0.459375 0.5453125 0.459375 0.60625 0.471875 0.60625
2 0.17968750000000006 0.496875 0.16250000000000003 0.496875 0.16250000000000006 0.5578125 0.17968750000000008 0.5578125
3 0.19062500000000004 0.28125 0.18125000000000005 0.28125 0.18125000000000005 0.31875 0.19062500000000004 0.31875