2 0.4875 0.46875 0.4765625 0.46875 0.4765625 0.5 0.4875 0.5
2 0.565625 0.4734375 0.55625 0.4734375 0.55625 0.5203125 0.565625 0.5203125
1 0.8296875 0.4046875000000002 0.815625 0.4046875000000002 0.815625 0.4500000000000002 0.8296875 0.4500000000000002
2 0.7765625 0.4968750000000002 0.7671875 0.4968750000000002 0.7671875 0.5515625000000002 0.7765625 0.5515625000000002
2 0.6859375 0.4390625 0.6765625 0.4390625 0.6765625 0.4875 0.6859375 0.4875
2 0.690625 0.5046875 0.68125 0.5046875 0.68125 0.559375 0.690625 0.559375
2 0.59375 0.3906250000000001 0.58125 0.3906250000000001 0.58125 0.434375 0.59375 0.434375
2 0.4890625 0.4859375 0.4671875 0.4859375 0.4671875 0.5390625 0.4890625 0.5390625
2 0.7703125 0.5312500000000002 0.7578125 0.5312500000000002 0.7578125 0.5828125000000002 0.7703125 0.5828125000000002
2 0.7 0.546875 0.6875 0.546875 0.6875 0.60625 0.7 0.60625
2 0.565625 0.40625 0.553125 0.40625 0.553125 0.446875 0.565625 0.446875
2 0.73125 0.5437500000000001 0.71875 0.54375 0.71875 0.5796875000000001 0.73125 0.5796875000000001
2 0.3625000000000001 0.4125 0.3500000000000001 0.4125 0.3500000000000001 0.45625 0.3625000000000001 0.45625
2 0.5859375 0.4953125 0.575 0.4953125 0.575 0.54375 0.5859375 0.54375
2 0.578125 0.5015625 0.5625 0.5015625 0.5625 0.553125 0.578125 0.553125
3 0.6109375 0.478125 0.5953125 0.478125 0.5953125 0.5296875 0.6109375 0.5296875
3 0.9484375 0.6703125000000002 0.925 0.6703125000000002 0.925 0.7359375000000001 0.9484375 0.7359375000000001
2 0.4640625 0.4890625 0.4515625 0.4890625 0.4515625 0.540625 0.4640625 0.540625
2 0.7296875 0.6140625000000001 0.7171875 0.6140625 0.7171875 0.6781250000000001 0.7296875 0.6781250000000002
2 0.38750000000000007 0.54375 0.37187500000000007 0.54375 0.37187500000000007 0.6109375 0.38750000000000007 0.6109375
2 0.16718750000000007 0.496875 0.15468750000000003 0.496875 0.15468750000000006 0.5515625 0.1671875000000001 0.5515625
2 0.3453125000000001 0.553125 0.3296875000000001 0.553125 0.3296875000000001 0.6109375 0.3453125000000001 0.6109375
2 0.5203125 0.596875 0.5 0.596875 0.5 0.65625 0.5203125 0.65625
3 0.15156250000000004 0.33125 0.14218750000000005 0.33125 0.14218750000000005 0.365625 0.15156250000000004 0.365625
0 0.55625 0.525 0.5484375 0.525 0.5484375 0.5375 0.55625 0.5375