2 0.6609375 0.553125 0.6484375 0.553125 0.6484375 0.6046875 0.6609375 0.6046875
2 0.2750000000000001 0.5 0.2640625000000001 0.5 0.2640625000000001 0.5359375 0.2750000000000001 0.5359375
2 0.4796875 0.446875 0.4703125 0.446875 0.4703125 0.4890625 0.4796875 0.4890625
2 0.3656250000000001 0.4296875 0.35625000000000007 0.4296875 0.35625000000000007 0.4640625 0.3656250000000001 0.4640625
2 0.6640625 0.5578125 0.6453125 0.5578125 0.6453125 0.6125 0.6640625 0.6125
2 0.5828125 0.3843750000000001 0.571875 0.3843750000000001 0.571875 0.4171875 0.5828125 0.4171875
2 0.3187500000000001 0.44375 0.30937500000000007 0.44375 0.30937500000000007 0.4828125 0.3187500000000001 0.4828125
2 0.503125 0.4234375 0.49375 0.4234375 0.49375 0.4546875 0.503125 0.4546875
3 0.4921875 0.49375 0.4828125 0.49375 0.4828125 0.534375 0.4921875 0.534375
2 0.8109375 0.5000000000000002 0.8 0.5000000000000002 0.8 0.5406250000000001 0.8109375 0.5406250000000001
2 0.73125 0.4375000000000001 0.7234375 0.4375 0.7234375 0.4765625000000001 0.73125 0.47656250000000017
2 0.3296875000000001 0.4625 0.3218750000000001 0.4625 0.3218750000000001 0.50625 0.3296875000000001 0.50625
2 0.27812500000000007 0.5265625 0.2656250000000001 0.5265625 0.2656250000000001 0.578125 0.27812500000000007 0.578125
2 0.846875 0.5328125000000001 0.83125 0.5328125000000001 0.83125 0.5796875000000001 0.846875 0.5796875000000001
2 0.6046875 0.45625 0.59375 0.45625 0.59375 0.49375 0.6046875 0.49375
2 0.409375 0.4984375 0.3968750000000001 0.4984375 0.3968750000000001 0.5453125 0.409375 0.5453125
1 0.9859375 0.4828125000000002 0.971875 0.4828125000000002 0.971875 0.5312500000000002 0.9859375 0.5312500000000002
2 0.7000000000000001 0.7078125 0.68125 0.7078125 0.6812500000000001 0.7671875 0.7000000000000002 0.7671875
2 0.484375 0.59375 0.475 0.59375 0.475 0.64375 0.484375 0.64375
2 0.29375000000000007 0.7703125 0.2734375000000001 0.7703125 0.2734375000000001 0.84375 0.29375000000000007 0.84375
2 0.7953125 0.5703125000000002 0.7796875 0.5703125000000002 0.7796875 0.6187500000000001 0.7953125 0.6187500000000001
2 0.24218750000000008 0.634375 0.2296875000000001 0.634375 0.2296875000000001 0.690625 0.24218750000000008 0.690625
3 0.3453125000000001 0.3734375 0.33281250000000007 0.3734375 0.33281250000000007 0.409375 0.3453125000000001 0.409375
0 0.6484375 0.6046875 0.64375 0.6046875 0.64375 0.615625 0.6484375 0.615625