0 0.8140625 0.5890625000000002 0.8078125 0.5890625000000002 0.8078125 0.6000000000000002 0.8140625 0.6000000000000002
2 0.7921875 0.5546875000000002 0.7671875 0.5546875000000002 0.7671875 0.5812500000000002 0.7921875 0.5812500000000002
1 0.840625 0.40937500000000016 0.821875 0.40937500000000016 0.821875 0.4515625000000002 0.840625 0.4515625000000002
2 0.665625 0.4640625 0.6515625 0.4640625 0.6515625 0.509375 0.665625 0.509375
2 0.8453125 0.5625000000000002 0.828125 0.5625000000000002 0.828125 0.6062500000000002 0.8453125 0.6062500000000002
2 0.8109375 0.5000000000000002 0.7953125 0.5000000000000002 0.7953125 0.5515625000000002 0.8109375 0.5515625000000002
2 0.75 0.5296875000000002 0.7375 0.5296875000000002 0.7375 0.5765625000000002 0.75 0.5765625000000002
2 0.5328125 0.4453125 0.521875 0.4453125 0.521875 0.4921875 0.5328125 0.4921875
3 0.6 0.4796875 0.5921875 0.4796875 0.5921875 0.5296875 0.6 0.5296875
2 0.66875 0.3984375000000001 0.65625 0.3984375000000001 0.65625 0.4421875 0.66875 0.4421875
2 0.859375 0.5484375000000001 0.8453125 0.5484375000000001 0.8453125 0.6015625000000002 0.859375 0.6015625000000002
2 0.3390625000000001 0.4 0.3265625000000001 0.4 0.3265625000000001 0.44375 0.3390625000000001 0.44375
2 0.7234375 0.4453125 0.7109375 0.4453125 0.7109375 0.49375 0.7234375 0.49375
2 0.70625 0.5234375 0.69375 0.5234375 0.69375 0.5734375 0.70625 0.5734375
2 0.5640625 0.5109375 0.5546875 0.5109375 0.5546875 0.5671875 0.5640625 0.5671875
2 0.609375 0.3937500000000001 0.5953125 0.3937500000000001 0.5953125 0.434375 0.609375 0.434375
2 0.640625 0.571875 0.6296875 0.571875 0.6296875 0.634375 0.640625 0.634375
2 0.5875 0.621875 0.575 0.621875 0.575 0.6890625 0.5875 0.6890625
2 0.784375 0.5828125000000002 0.771875 0.5828125000000002 0.771875 0.6421875000000001 0.784375 0.6421875000000001
2 0.4921875 0.53125 0.48125 0.53125 0.48125 0.5921875 0.4921875 0.5921875
2 0.36406250000000007 0.609375 0.34843750000000007 0.609375 0.34843750000000007 0.678125 0.36406250000000007 0.678125
2 0.3343750000000001 0.6015625 0.31718750000000007 0.6015625 0.31718750000000007 0.6625 0.3343750000000001 0.6625
2 0.16250000000000006 0.5140625 0.15000000000000005 0.5140625 0.15000000000000008 0.5703125 0.1625000000000001 0.5703125
3 0.15000000000000005 0.328125 0.14062500000000006 0.328125 0.14062500000000006 0.365625 0.15000000000000005 0.365625