2 0.6421875 0.49375 0.6328125 0.49375 0.6328125 0.5421875 0.6421875 0.5421875
3 0.921875 0.9015625 0.8984375 0.9015625 0.8984375 0.9765625 0.921875 0.9765625
2 0.53125 0.415625 0.521875 0.415625 0.521875 0.4546875 0.53125 0.4546875
2 0.646875 0.49375 0.6359375 0.49375 0.6359375 0.55 0.646875 0.55
0 0.9859375 0.36406250000000007 0.9765625 0.36406250000000007 0.9765625 0.3781250000000001 0.9859375 0.3781250000000001
2 0.409375 0.434375 0.3984375000000001 0.434375 0.3984375000000001 0.4796875 0.409375 0.4796875
2 0.640625 0.38750000000000007 0.6296875 0.38750000000000007 0.6296875 0.434375 0.640625 0.434375
2 0.3968750000000001 0.421875 0.3859375000000001 0.421875 0.3859375000000001 0.465625 0.3968750000000001 0.465625
2 0.5796875000000001 0.775 0.5656250000000002 0.775 0.5656250000000002 0.8515625 0.5796875000000001 0.8515625
2 0.5234375 0.4578125 0.5125 0.4578125 0.5125 0.503125 0.5234375 0.503125
3 0.4484375 0.534375 0.4359375 0.534375 0.4359375 0.596875 0.4484375 0.596875
2 0.44375 0.4921875 0.43125 0.4921875 0.43125 0.546875 0.44375 0.546875
2 0.475 0.4703125 0.4640625 0.4703125 0.4640625 0.51875 0.475 0.51875
2 0.8265625 0.5984375000000002 0.8109375 0.5984375000000002 0.8109375 0.6656250000000001 0.8265625 0.6656250000000001
2 0.35625000000000007 0.4578125 0.3437500000000001 0.4578125 0.3437500000000001 0.5125 0.35625000000000007 0.5125
2 0.7078125 0.440625 0.696875 0.440625 0.696875 0.49375 0.7078125 0.49375
2 0.2453125000000001 0.6015625 0.2328125000000001 0.6015625 0.2328125000000001 0.66875 0.2453125000000001 0.66875
2 0.3843750000000001 0.5390625 0.3703125000000001 0.5390625 0.3703125000000001 0.5984375 0.3843750000000001 0.5984375
2 0.5875 0.5765625 0.575 0.5765625 0.575 0.6421875 0.5875 0.6421875
2 0.5796875 0.634375 0.5625 0.634375 0.5625 0.7015625 0.5796875 0.7015625
2 0.3031250000000001 0.521875 0.2875000000000001 0.521875 0.2875000000000001 0.58125 0.3031250000000001 0.58125
2 0.2468750000000001 0.7578125 0.22656250000000008 0.7578125 0.22656250000000008 0.8390625 0.2468750000000001 0.8390625
2 0.44218750000000007 0.6765625 0.4265625 0.6765625 0.42656250000000007 0.7453125 0.4421875000000002 0.7453125
3 0.4109375 0.35625000000000007 0.4 0.35625000000000007 0.4 0.3968750000000001 0.4109375 0.3968750000000001
0 0.6359375 0.4265625 0.63125 0.4265625 0.63125 0.4359375 0.6359375 0.4359375