2 0.7578125 0.4703125000000002 0.746875 0.4703125000000002 0.746875 0.5171875000000001 0.7578125 0.5171875000000001
2 0.646875 0.3234375000000001 0.63125 0.3234375000000001 0.63125 0.3625000000000001 0.646875 0.3625000000000001
2 0.534375 0.3453125000000001 0.515625 0.3453125000000001 0.515625 0.3812500000000001 0.534375 0.3812500000000001
3 0.5515625 0.4515625 0.53125 0.4515625 0.53125 0.50625 0.5515625 0.50625
2 0.44375 0.38750000000000007 0.428125 0.38750000000000007 0.428125 0.4328125 0.44375 0.4328125
2 0.8453125 0.3859375000000001 0.828125 0.3859375000000001 0.828125 0.4343750000000002 0.8453125 0.4343750000000002
2 0.775 0.4906250000000002 0.753125 0.4906250000000002 0.753125 0.5500000000000002 0.775 0.5500000000000002
2 0.503125 0.38750000000000007 0.484375 0.38750000000000007 0.484375 0.4296875 0.503125 0.4296875
2 0.8796875 0.44531250000000017 0.8609375 0.44531250000000017 0.8609375 0.4906250000000002 0.8796875 0.4906250000000002
2 0.609375 0.4390625 0.596875 0.4390625 0.596875 0.4890625 0.609375 0.4890625
2 0.446875 0.4484375 0.428125 0.4484375 0.428125 0.4984375 0.446875 0.4984375
2 0.7890625 0.4390625000000002 0.771875 0.4390625000000002 0.771875 0.4984375000000002 0.7890625 0.4984375000000002
2 0.3921875000000001 0.553125 0.3750000000000001 0.553125 0.3750000000000001 0.6171875 0.3921875000000001 0.6171875
2 0.5796875 0.5515625 0.5625 0.5515625 0.5625 0.61875 0.5796875 0.61875
2 0.6828125 0.6796875 0.665625 0.6796875 0.6656250000000001 0.7578125 0.6828125000000002 0.7578125
2 0.3421875000000001 0.5875 0.3203125000000001 0.5875 0.3203125000000001 0.6578125 0.3421875000000001 0.6578125
2 0.2171875000000001 0.4140625 0.20312500000000008 0.4140625 0.20312500000000008 0.46875 0.2171875000000001 0.46875
2 0.8421875 0.6421875000000001 0.821875 0.6421875000000001 0.821875 0.7140625000000002 0.8421875 0.7140625000000002
2 0.3203125000000001 0.4625 0.2953125000000001 0.4625 0.2953125000000001 0.51875 0.3203125000000001 0.51875
2 0.18125000000000008 0.5140625 0.16093750000000004 0.5140625 0.16093750000000007 0.5765625 0.18125000000000008 0.5765625
2 0.2468750000000001 0.6921875 0.22031250000000008 0.6921875 0.22031250000000008 0.7671875 0.2468750000000001 0.7671875
0 0.496875 0.37187500000000007 0.4921875 0.37187500000000007 0.4921875 0.3812500000000001 0.496875 0.3812500000000001
3 0.3046875 0.3171875 0.290625 0.3171875 0.290625 0.3578125 0.3046875 0.3578125