3 0.22500000000000003 0.3484375 0.215625 0.3484375 0.21562500000000004 0.3796875 0.2250000000000001 0.3796875
2 0.4453125 0.3734375000000001 0.4359375 0.3734375000000001 0.4359375 0.40625 0.4453125 0.40625
2 0.6625 0.39531250000000007 0.6515625 0.39531250000000007 0.6515625 0.4359375 0.6625 0.4359375
2 0.6140625 0.3937500000000001 0.6046875 0.3937500000000001 0.6046875 0.4328125 0.6140625 0.4328125
1 0.13906250000000003 0.365625 0.12812500000000004 0.365625 0.12812500000000004 0.396875 0.13906250000000003 0.396875
2 0.66875 0.41875 0.6578125 0.41875 0.6578125 0.4578125 0.66875 0.4578125
3 0.890625 0.8046875 0.8703125 0.8046875 0.8703125 0.884375 0.890625 0.884375
2 0.615625 0.428125 0.603125 0.428125 0.603125 0.4640625 0.615625 0.4640625
2 0.19531250000000006 0.3703125 0.18125000000000005 0.3703125 0.18125000000000005 0.4 0.19531250000000006 0.4
2 0.80625 0.6265625000000001 0.7921875 0.6265625000000001 0.7921875 0.6843750000000002 0.80625 0.6843750000000002
2 0.3812500000000001 0.4671875 0.3687500000000001 0.4671875 0.3687500000000001 0.5109375 0.3812500000000001 0.5109375
2 0.7234375 0.471875 0.709375 0.471875 0.709375 0.51875 0.7234375 0.51875
2 0.453125 0.409375 0.44375 0.409375 0.44375 0.45 0.453125 0.45
3 0.4953125 0.459375 0.484375 0.459375 0.484375 0.5046875 0.4953125 0.5046875
2 0.6421875 0.490625 0.63125 0.490625 0.63125 0.540625 0.6421875 0.540625
2 0.13750000000000004 0.4203125 0.12187500000000004 0.4203125 0.12187500000000004 0.459375 0.13750000000000004 0.459375
2 0.63125 0.528125 0.6171875 0.528125 0.6171875 0.5828125 0.63125 0.5828125
2 0.8140625 0.6703125000000002 0.8 0.6703125000000002 0.8 0.7359375000000001 0.8140625 0.7359375000000001
2 0.75 0.5234375000000002 0.7375 0.5234375000000002 0.7375 0.5781250000000002 0.75 0.5781250000000002
2 0.659375 0.571875 0.64375 0.571875 0.64375 0.6296875 0.659375 0.6296875
2 0.3375000000000001 0.5265625 0.32500000000000007 0.5265625 0.32500000000000007 0.578125 0.3375000000000001 0.578125
2 0.16093750000000004 0.490625 0.14687500000000003 0.490625 0.14687500000000003 0.5390625 0.16093750000000004 0.5390625
2 0.496875 0.4328125 0.4859375 0.4328125 0.4859375 0.4765625 0.496875 0.4765625
2 0.440625 0.36406250000000007 0.434375 0.36406250000000007 0.434375 0.39531250000000007 0.440625 0.39531250000000007