0 0.2062500000000001 0.534375 0.20312500000000008 0.534375 0.20312500000000008 0.5421875 0.2062500000000001 0.5421875
2 0.5609375 0.4453125 0.553125 0.4453125 0.553125 0.478125 0.5609375 0.478125
2 0.2734375000000001 0.5140625 0.26250000000000007 0.5140625 0.26250000000000007 0.5640625 0.2734375000000001 0.5640625
2 0.3546875000000001 0.4578125 0.3515625000000001 0.4578125 0.3515625000000001 0.484375 0.3546875000000001 0.484375
2 0.54375 0.490625 0.534375 0.490625 0.534375 0.5390625 0.54375 0.5390625
2 0.5328125 0.440625 0.5265625 0.440625 0.5265625 0.4671875 0.5328125 0.4671875
2 0.415625 0.5140625 0.4046875 0.5140625 0.4046875 0.575 0.415625 0.575
2 0.4546875 0.471875 0.4484375 0.471875 0.4484375 0.515625 0.4546875 0.515625
2 0.7546875 0.4703125000000002 0.75 0.4703125000000002 0.75 0.5000000000000002 0.7546875 0.5000000000000002
2 0.509375 0.46875 0.5 0.46875 0.5 0.5140625 0.509375 0.5140625
2 0.578125 0.4640625 0.571875 0.4640625 0.571875 0.5046875 0.578125 0.5046875
2 0.3468750000000001 0.6125 0.3281250000000001 0.6125 0.3281250000000001 0.6875 0.3468750000000001 0.6875
2 0.5953125 0.565625 0.5796875 0.565625 0.5796875 0.6359375 0.5953125 0.6359375
2 0.44375 0.48125 0.4375 0.48125 0.4375 0.53125 0.44375 0.53125
2 0.6390625 0.5265625 0.625 0.5265625 0.625 0.5828125 0.6390625 0.5828125
2 0.2984375000000001 0.4796875 0.2921875000000001 0.4796875 0.2921875000000001 0.5171875 0.2984375000000001 0.5171875
2 0.440625 0.546875 0.421875 0.546875 0.421875 0.6109375 0.440625 0.6109375
2 0.2687500000000001 0.5765625 0.2593750000000001 0.5765625 0.2593750000000001 0.6421875 0.2687500000000001 0.6421875
2 0.3734375000000001 0.4921875 0.3625000000000001 0.4921875 0.3625000000000001 0.546875 0.3734375000000001 0.546875
2 0.63125 0.496875 0.621875 0.496875 0.621875 0.55 0.63125 0.55
2 0.19687500000000005 0.503125 0.19062500000000004 0.503125 0.19062500000000004 0.53125 0.19687500000000005 0.53125
2 0.3265625000000001 0.4875 0.3203125000000001 0.4875 0.3203125000000001 0.525 0.3265625000000001 0.525
2 0.4046875 0.4453125 0.4015625 0.4453125 0.4015625 0.471875 0.4046875 0.471875
2 0.4328125 0.5140625 0.425 0.5140625 0.425 0.5625 0.4328125 0.5625