0 0.19375000000000003 0.5390625 0.19218750000000004 0.5390625 0.19218750000000004 0.5421875 0.19375000000000003 0.5421875
2 0.4609375 0.4703125 0.4546875 0.4703125 0.4546875 0.5140625 0.4609375 0.5140625
2 0.5546875 0.4453125 0.5484375 0.4453125 0.5484375 0.478125 0.5546875 0.478125
2 0.403125 0.446875 0.4 0.446875 0.4 0.4765625 0.403125 0.4765625
2 0.25468750000000007 0.5234375 0.2453125000000001 0.5234375 0.2453125000000001 0.571875 0.25468750000000007 0.571875
2 0.3187500000000001 0.490625 0.3125000000000001 0.490625 0.3125000000000001 0.528125 0.3187500000000001 0.528125
2 0.2578125000000001 0.584375 0.24375000000000008 0.584375 0.24375000000000008 0.6484375 0.2578125000000001 0.6484375
2 0.5375 0.4859375 0.5296875 0.4859375 0.5296875 0.5390625 0.5375 0.5390625
2 0.43125 0.55 0.4203125 0.55 0.4203125 0.6234375 0.43125 0.6234375
2 0.18750000000000006 0.5109375 0.18281250000000004 0.5109375 0.18281250000000004 0.5375 0.18750000000000006 0.5375
2 0.3609375000000001 0.45625 0.35625000000000007 0.45625 0.35625000000000007 0.4796875 0.3609375000000001 0.4796875
2 0.41875 0.5109375 0.409375 0.5109375 0.409375 0.575 0.41875 0.575
2 0.2921875000000001 0.4828125 0.2875000000000001 0.4828125 0.2875000000000001 0.5140625 0.2921875000000001 0.5140625
2 0.44375 0.4859375 0.4328125 0.4859375 0.4328125 0.528125 0.44375 0.528125
2 0.3750000000000001 0.49375 0.3671875000000001 0.49375 0.3671875000000001 0.54375 0.3750000000000001 0.54375
2 0.496875 0.4671875 0.4875 0.4671875 0.4875 0.5109375 0.496875 0.5109375
2 0.5734375 0.4625 0.5671875 0.4625 0.5671875 0.5046875 0.5734375 0.5046875
2 0.6296875 0.521875 0.615625 0.521875 0.615625 0.58125 0.6296875 0.58125
2 0.7515625 0.4656250000000002 0.746875 0.4656250000000002 0.746875 0.4937500000000002 0.7515625 0.4937500000000002
2 0.53125 0.4390625 0.525 0.4390625 0.525 0.4640625 0.53125 0.4640625
2 0.5828125 0.565625 0.56875 0.565625 0.56875 0.6421875 0.5828125 0.6421875
2 0.31718750000000007 0.60625 0.3031250000000001 0.60625 0.3031250000000001 0.684375 0.31718750000000007 0.684375
2 0.625 0.49375 0.6171875 0.49375 0.6171875 0.5359375 0.625 0.5359375
2 0.4453125 0.51875 0.434375 0.51875 0.434375 0.575 0.4453125 0.575