0 0.18593750000000003 0.5328125 0.18437500000000004 0.5328125 0.18437500000000004 0.5359375 0.18593750000000003 0.5359375
2 0.3140625000000001 0.4890625 0.3078125000000001 0.4890625 0.3078125000000001 0.528125 0.3140625000000001 0.528125
2 0.55 0.4453125 0.54375 0.4453125 0.54375 0.478125 0.55 0.478125
2 0.3750000000000001 0.490625 0.3671875000000001 0.490625 0.3671875000000001 0.540625 0.3750000000000001 0.540625
2 0.2875000000000001 0.4765625 0.2843750000000001 0.4765625 0.2843750000000001 0.5078125 0.2875000000000001 0.5078125
2 0.3656250000000001 0.45 0.3625000000000001 0.45 0.3625000000000001 0.4765625 0.3656250000000001 0.4765625
2 0.4453125 0.4859375 0.4359375 0.4859375 0.4359375 0.5296875 0.4453125 0.5296875
2 0.75 0.47187500000000016 0.7453125 0.47187500000000016 0.7453125 0.5000000000000002 0.75 0.5000000000000002
2 0.403125 0.446875 0.3984375000000001 0.446875 0.3984375000000001 0.475 0.403125 0.475
2 0.425 0.50625 0.4140625 0.50625 0.4140625 0.559375 0.425 0.559375
2 0.4296875 0.559375 0.4109375 0.559375 0.4109375 0.625 0.4296875 0.625
2 0.3046875000000001 0.596875 0.2906250000000001 0.596875 0.2906250000000001 0.671875 0.3046875000000001 0.671875
2 0.465625 0.4671875 0.4578125 0.4671875 0.4578125 0.5078125 0.465625 0.5078125
2 0.528125 0.4390625 0.521875 0.4390625 0.521875 0.465625 0.528125 0.465625
2 0.534375 0.4875 0.5265625 0.4875 0.5265625 0.540625 0.534375 0.540625
2 0.2484375000000001 0.578125 0.2375000000000001 0.578125 0.2375000000000001 0.65 0.2484375000000001 0.65
2 0.2406250000000001 0.5203125 0.2312500000000001 0.5203125 0.2312500000000001 0.56875 0.2406250000000001 0.56875
2 0.5703125 0.4625 0.5625 0.4625 0.5625 0.509375 0.5703125 0.509375
2 0.6203125 0.49375 0.6125 0.49375 0.6125 0.5375 0.6203125 0.5375
2 0.5765625 0.565625 0.5609375 0.565625 0.5609375 0.6453125 0.5765625 0.6453125
2 0.44375 0.51875 0.4328125 0.51875 0.4328125 0.578125 0.44375 0.578125
2 0.4890625 0.46875 0.4828125 0.46875 0.4828125 0.5125 0.4890625 0.5125
2 0.621875 0.521875 0.6140625 0.521875 0.6140625 0.584375 0.621875 0.584375
2 0.18281250000000004 0.5078125 0.17812500000000003 0.5078125 0.17812500000000003 0.534375 0.18281250000000004 0.534375