0 0.18437500000000004 0.5328125 0.18281250000000004 0.5328125 0.18281250000000004 0.5359375 0.18437500000000004 0.5359375
2 0.2390625000000001 0.5203125 0.2296875000000001 0.5203125 0.2296875000000001 0.5703125 0.2390625000000001 0.5703125
2 0.3750000000000001 0.4921875 0.3671875000000001 0.4921875 0.3671875000000001 0.540625 0.3750000000000001 0.540625
2 0.55 0.4453125 0.54375 0.4453125 0.54375 0.478125 0.55 0.478125
2 0.3125000000000001 0.4890625 0.3062500000000001 0.4890625 0.3062500000000001 0.528125 0.3125000000000001 0.528125
2 0.2875000000000001 0.4765625 0.2828125000000001 0.4765625 0.2828125000000001 0.509375 0.2875000000000001 0.509375
2 0.4453125 0.4859375 0.4359375 0.4859375 0.4359375 0.53125 0.4453125 0.53125
2 0.403125 0.446875 0.3984375000000001 0.446875 0.3984375000000001 0.475 0.403125 0.475
2 0.75 0.47187500000000016 0.7453125 0.47187500000000016 0.7453125 0.5000000000000002 0.75 0.5000000000000002
2 0.2468750000000001 0.578125 0.23437500000000008 0.578125 0.23437500000000008 0.65 0.2468750000000001 0.65
2 0.425 0.5078125 0.4140625 0.5078125 0.4140625 0.5578125 0.425 0.5578125
2 0.3656250000000001 0.45 0.3625000000000001 0.45 0.3625000000000001 0.4765625 0.3656250000000001 0.4765625
2 0.4296875 0.559375 0.4109375 0.559375 0.4109375 0.625 0.4296875 0.625
2 0.528125 0.4390625 0.5234375 0.4390625 0.5234375 0.465625 0.528125 0.465625
2 0.5703125 0.465625 0.5625 0.465625 0.5625 0.50625 0.5703125 0.50625
2 0.30156250000000007 0.59375 0.2875000000000001 0.59375 0.2875000000000001 0.66875 0.30156250000000007 0.66875
2 0.4640625 0.4671875 0.4578125 0.4671875 0.4578125 0.5078125 0.4640625 0.5078125
2 0.534375 0.4890625 0.5265625 0.4890625 0.5265625 0.534375 0.534375 0.534375
2 0.5765625 0.5671875 0.5625 0.5671875 0.5625 0.64375 0.5765625 0.64375
2 0.6203125 0.521875 0.6109375 0.521875 0.6109375 0.5828125 0.6203125 0.5828125
2 0.6203125 0.49375 0.6125 0.49375 0.6125 0.5375 0.6203125 0.5375
2 0.4890625 0.4671875 0.48125 0.4671875 0.48125 0.509375 0.4890625 0.509375
2 0.18281250000000004 0.5078125 0.17812500000000003 0.5078125 0.17812500000000003 0.5359375 0.18281250000000004 0.5359375
2 0.44375 0.51875 0.4328125 0.51875 0.4328125 0.578125 0.44375 0.578125