0 0.17968750000000006 0.5375 0.17812500000000003 0.5375 0.17812500000000003 0.540625 0.17968750000000006 0.540625
2 0.2921875000000001 0.496875 0.28593750000000007 0.496875 0.28593750000000007 0.5359375 0.2921875000000001 0.5359375
2 0.4796875 0.465625 0.471875 0.465625 0.471875 0.5046875 0.4796875 0.5046875
2 0.3859375000000001 0.44375 0.3828125000000001 0.44375 0.3828125000000001 0.46875 0.3859375000000001 0.46875
2 0.2140625000000001 0.596875 0.2015625000000001 0.596875 0.2015625000000001 0.66875 0.2140625000000001 0.66875
2 0.40625 0.5765625 0.3937500000000001 0.5765625 0.3937500000000001 0.6609375 0.40625 0.6609375
2 0.7515625 0.46875000000000017 0.7453125 0.46875000000000017 0.7453125 0.5000000000000002 0.7515625 0.5000000000000002
2 0.53125 0.490625 0.5234375 0.490625 0.5234375 0.5390625 0.53125 0.5390625
2 0.4296875 0.503125 0.41875 0.503125 0.41875 0.5609375 0.4296875 0.5609375
2 0.465625 0.490625 0.4546875 0.490625 0.4546875 0.5515625 0.465625 0.5515625
2 0.19218750000000007 0.5359375 0.18593750000000003 0.5359375 0.18593750000000006 0.5828125 0.1921875000000001 0.5828125
2 0.565625 0.4625 0.5578125 0.4625 0.5578125 0.50625 0.565625 0.50625
2 0.6078125 0.5203125 0.6 0.5203125 0.6 0.578125 0.6078125 0.578125
2 0.615625 0.4890625 0.6078125 0.4890625 0.6078125 0.5390625 0.615625 0.5390625
2 0.3593750000000001 0.5 0.3500000000000001 0.5 0.3500000000000001 0.553125 0.3593750000000001 0.553125
2 0.4875 0.4671875 0.478125 0.4671875 0.478125 0.5078125 0.4875 0.5078125
2 0.5421875 0.44375 0.5375 0.44375 0.5375 0.475 0.5421875 0.475
2 0.2765625000000001 0.4765625 0.2734375000000001 0.4765625 0.2734375000000001 0.5046875 0.2765625000000001 0.5046875
2 0.4015625 0.45 0.3984375000000001 0.45 0.3984375000000001 0.4796875 0.4015625 0.4796875
2 0.17812500000000003 0.5125 0.17187500000000006 0.5125 0.17187500000000006 0.540625 0.17812500000000003 0.540625
2 0.25468750000000007 0.584375 0.2453125000000001 0.584375 0.2453125000000001 0.65 0.25468750000000007 0.65
2 0.5515625 0.571875 0.5390625 0.571875 0.5390625 0.653125 0.5515625 0.653125
2 0.5171875 0.4390625 0.5109375 0.4390625 0.5109375 0.4578125 0.5171875 0.4578125
2 0.4359375 0.5203125 0.4203125 0.5203125 0.4203125 0.5828125 0.4359375 0.5828125