0 0.17968750000000006 0.5390625 0.17812500000000003 0.5390625 0.17812500000000003 0.5421875 0.17968750000000006 0.5421875
2 0.4640625 0.49375 0.4546875 0.49375 0.4546875 0.5515625 0.4640625 0.5515625
2 0.2078125000000001 0.596875 0.1984375000000001 0.596875 0.1984375000000001 0.665625 0.2078125000000001 0.665625
2 0.7515625 0.46875000000000017 0.7453125 0.46875000000000017 0.7453125 0.5000000000000002 0.7515625 0.5000000000000002
2 0.19062500000000007 0.5375 0.18281250000000004 0.5375 0.18281250000000007 0.584375 0.1906250000000001 0.584375
2 0.5296875 0.490625 0.5203125 0.490625 0.5203125 0.540625 0.5296875 0.540625
2 0.3578125000000001 0.5046875 0.3500000000000001 0.5046875 0.3500000000000001 0.5546875 0.3578125000000001 0.5546875
2 0.4046875 0.58125 0.3921875000000001 0.58125 0.3921875000000001 0.6578125 0.4046875 0.6578125
2 0.2531250000000001 0.5828125 0.24375000000000008 0.5828125 0.24375000000000008 0.6515625 0.2531250000000001 0.6515625
2 0.2906250000000001 0.4984375 0.2843750000000001 0.4984375 0.2843750000000001 0.5390625 0.2906250000000001 0.5390625
2 0.4796875 0.465625 0.4703125 0.465625 0.4703125 0.5046875 0.4796875 0.5046875
2 0.5421875 0.44375 0.5375 0.44375 0.5375 0.475 0.5421875 0.475
2 0.38750000000000007 0.44375 0.3843750000000001 0.44375 0.3843750000000001 0.46875 0.38750000000000007 0.46875
2 0.515625 0.4390625 0.509375 0.4390625 0.509375 0.4578125 0.515625 0.4578125
2 0.4890625 0.4671875 0.4796875 0.4671875 0.4796875 0.5078125 0.4890625 0.5078125
2 0.4015625 0.4515625 0.3984375000000001 0.4515625 0.3984375000000001 0.48125 0.4015625 0.48125
2 0.565625 0.4625 0.5578125 0.4625 0.5578125 0.50625 0.565625 0.50625
2 0.5515625 0.575 0.5359375 0.575 0.5359375 0.65625 0.5515625 0.65625
2 0.17812500000000003 0.515625 0.17187500000000006 0.515625 0.17187500000000006 0.5421875 0.17812500000000003 0.5421875
2 0.6140625 0.4875 0.6078125 0.4875 0.6078125 0.540625 0.6140625 0.540625
2 0.6078125 0.51875 0.6 0.51875 0.6 0.5796875 0.6078125 0.5796875
2 0.2765625000000001 0.475 0.2734375000000001 0.475 0.2734375000000001 0.50625 0.2765625000000001 0.50625
2 0.4296875 0.5046875 0.4203125 0.5046875 0.4203125 0.5625 0.4296875 0.5625
2 0.4328125 0.5203125 0.41875 0.5203125 0.41875 0.5828125 0.4328125 0.5828125