0 0.18125000000000005 0.5296875 0.17968750000000006 0.5296875 0.17968750000000006 0.5359375 0.18125000000000005 0.5359375
2 0.4046875 0.4484375 0.3984375000000001 0.4484375 0.3984375000000001 0.4765625 0.4046875 0.4765625
2 0.4671875 0.4921875 0.459375 0.4921875 0.459375 0.5546875 0.4671875 0.5546875
2 0.3546875000000001 0.5015625 0.3437500000000001 0.5015625 0.3437500000000001 0.5515625 0.3546875000000001 0.5515625
2 0.490625 0.4625 0.4828125 0.4625 0.4828125 0.5046875 0.490625 0.5046875
2 0.17968750000000006 0.534375 0.17187500000000006 0.534375 0.17187500000000006 0.578125 0.17968750000000008 0.578125
2 0.6140625 0.4859375 0.60625 0.4859375 0.60625 0.5359375 0.6140625 0.5359375
2 0.3968750000000001 0.5828125 0.3843750000000001 0.5828125 0.3843750000000001 0.6640625 0.3968750000000001 0.6640625
2 0.5421875 0.44375 0.5375 0.44375 0.5375 0.475 0.5421875 0.475
2 0.75 0.4734375000000002 0.7453125 0.4734375000000002 0.7453125 0.5062500000000002 0.75 0.5062500000000002
2 0.24375000000000008 0.575 0.23437500000000008 0.575 0.23437500000000008 0.646875 0.24375000000000008 0.646875
2 0.6078125 0.51875 0.6 0.51875 0.6 0.578125 0.6078125 0.578125
2 0.3921875000000001 0.440625 0.3890625000000001 0.440625 0.3890625000000001 0.4640625 0.3921875000000001 0.4640625
2 0.4796875 0.4625 0.4734375 0.4625 0.4734375 0.5046875 0.4796875 0.5046875
2 0.2765625000000001 0.46875 0.2734375000000001 0.46875 0.2734375000000001 0.4984375 0.2765625000000001 0.4984375
2 0.5125 0.4390625 0.50625 0.4390625 0.50625 0.45625 0.5125 0.45625
2 0.525 0.4859375 0.515625 0.4859375 0.515625 0.5421875 0.525 0.5421875
2 0.2843750000000001 0.4953125 0.27812500000000007 0.4953125 0.27812500000000007 0.534375 0.2843750000000001 0.534375
2 0.565625 0.4609375 0.559375 0.4609375 0.559375 0.503125 0.565625 0.503125
2 0.5390625 0.5765625 0.5265625 0.5765625 0.5265625 0.6515625 0.5390625 0.6515625
2 0.2000000000000001 0.5984375 0.1906250000000001 0.5984375 0.1906250000000001 0.6640625 0.2000000000000001 0.6640625
2 0.17812500000000003 0.5109375 0.17343750000000005 0.5109375 0.17343750000000005 0.534375 0.17812500000000003 0.534375
2 0.4234375 0.5078125 0.4140625 0.5078125 0.4140625 0.5875 0.4234375 0.5875
2 0.425 0.5015625 0.4171875 0.5015625 0.4171875 0.54375 0.425 0.54375