1 0.8875 0.3218750000000001 0.8734375 0.3218750000000001 0.8734375 0.3703125000000001 0.8875 0.3703125000000001
2 0.5203125 0.22656250000000008 0.5109375 0.22656250000000008 0.5109375 0.2812500000000001 0.5203125 0.2812500000000001
2 0.8453125 0.3078125000000001 0.8296875 0.3078125000000001 0.8296875 0.3593750000000001 0.8453125 0.3593750000000001
2 0.5859375 0.19531250000000008 0.571875 0.19531250000000008 0.571875 0.2500000000000001 0.5859375 0.2500000000000001
2 0.5296875 0.2000000000000001 0.5171875 0.2000000000000001 0.5171875 0.2484375000000001 0.5296875 0.2484375000000001
2 0.528125 0.2390625000000001 0.515625 0.2390625000000001 0.515625 0.2921875000000001 0.528125 0.2921875000000001
2 0.89375 0.3468750000000001 0.88125 0.3468750000000001 0.88125 0.40625000000000017 0.89375 0.40625000000000017
2 0.559375 0.2093750000000001 0.546875 0.2093750000000001 0.546875 0.2609375000000001 0.559375 0.2609375000000001
2 0.728125 0.28593750000000007 0.7171875 0.28593750000000007 0.7171875 0.3343750000000001 0.728125 0.3343750000000001
2 0.4125 0.2812500000000001 0.4015625 0.2812500000000001 0.4015625 0.3437500000000001 0.4125 0.3437500000000001
2 0.39375 0.20468750000000008 0.3828125 0.20468750000000008 0.3828125 0.2562500000000001 0.39375 0.2562500000000001
3 0.471875 0.2468750000000001 0.45 0.2468750000000001 0.45 0.3062500000000001 0.471875 0.3062500000000001
2 0.5984375 0.3046875000000001 0.5875 0.3046875000000001 0.5875 0.35625000000000007 0.5984375 0.35625000000000007
2 0.553125 0.2515625000000001 0.540625 0.2515625000000001 0.540625 0.3125000000000001 0.553125 0.3125000000000001
2 0.8515625 0.34843750000000007 0.8359375 0.34843750000000007 0.8359375 0.41406250000000017 0.8515625 0.41406250000000017
2 0.7109375 0.2734375000000001 0.696875 0.2734375000000001 0.696875 0.33281250000000007 0.7109375 0.33281250000000007
2 0.796875 0.3687500000000001 0.784375 0.3687500000000001 0.784375 0.4312500000000002 0.796875 0.4312500000000002
2 0.75 0.2906250000000001 0.734375 0.2906250000000001 0.734375 0.3578125000000001 0.75 0.3578125000000001
2 0.21250000000000005 0.3046875 0.19843750000000004 0.3046875 0.19843750000000004 0.375 0.21250000000000008 0.375
2 0.17968750000000006 0.31875 0.15781250000000005 0.31875 0.15781250000000005 0.3890625 0.17968750000000006 0.3890625
2 0.4734375 0.4328125 0.45625 0.4328125 0.45625 0.509375 0.4734375 0.509375
2 0.09531250000000004 0.2578125 0.07656250000000002 0.2578125 0.07656250000000003 0.325 0.09531250000000005 0.325