2 0.3515625 0.3140625 0.34375 0.3140625 0.34375 0.3484375 0.3515625 0.3484375
1 0.2046875 0.325 0.19375000000000003 0.325 0.19375000000000003 0.3609375 0.2046875 0.3609375
2 0.3453125 0.328125 0.3375 0.328125 0.3375 0.3640625 0.3453125000000001 0.3640625
3 0.425 0.2640625000000001 0.4171875 0.2640625000000001 0.4171875 0.2906250000000001 0.425 0.2906250000000001
2 0.4453125 0.2968750000000001 0.4390625 0.2968750000000001 0.4390625 0.3265625000000001 0.4453125 0.3265625000000001
2 0.33125 0.3078125 0.3234375 0.3078125 0.3234375 0.3453125 0.33125 0.3453125
2 0.6890625 0.3062500000000001 0.68125 0.3062500000000001 0.68125 0.3343750000000001 0.6890625 0.3343750000000001
2 0.5046875 0.3000000000000001 0.496875 0.3000000000000001 0.496875 0.3343750000000001 0.5046875 0.3343750000000001
2 0.30312500000000003 0.3265625 0.290625 0.3265625 0.290625 0.365625 0.3031250000000001 0.365625
2 0.36718750000000006 0.33593750000000006 0.359375 0.3359375 0.35937500000000006 0.37187500000000007 0.3671875000000001 0.37187500000000007
2 0.3375 0.3609375 0.3234375 0.3609375 0.32343750000000004 0.403125 0.3375000000000001 0.403125
2 0.3921875 0.3078125000000001 0.384375 0.3078125000000001 0.384375 0.3468750000000001 0.3921875 0.3468750000000001
2 0.5046875 0.3375000000000001 0.4953125 0.3375000000000001 0.4953125 0.3812500000000001 0.5046875 0.3812500000000001
2 0.56875 0.3031250000000001 0.5609375 0.3031250000000001 0.5609375 0.3421875000000001 0.56875 0.3421875000000001
2 0.27031250000000007 0.3484375 0.2609375 0.3484375 0.26093750000000004 0.39375 0.27031250000000007 0.39375
2 0.8046875 0.3281250000000001 0.796875 0.3281250000000001 0.796875 0.3671875000000001 0.8046875 0.3671875000000001
2 0.7734375 0.3234375000000001 0.7609375 0.3234375000000001 0.7609375 0.3593750000000001 0.7734375 0.3593750000000001
2 0.821875 0.4265625000000002 0.809375 0.4265625000000002 0.809375 0.4859375000000002 0.821875 0.4859375000000002
2 0.80625 0.40937500000000016 0.79375 0.40937500000000016 0.79375 0.4671875000000002 0.80625 0.4671875000000002
2 0.8734375 0.3859375000000001 0.8609375 0.3859375000000001 0.8609375 0.43750000000000017 0.8734375 0.43750000000000017
3 0.978125 0.815625 0.9515625 0.815625 0.9515625 0.928125 0.978125 0.928125
3 0.5109375 0.3234375000000001 0.4921875 0.3234375000000001 0.4921875 0.3625000000000001 0.5109375 0.3625000000000001
2 0.4703125 0.2750000000000001 0.459375 0.2750000000000001 0.459375 0.3031250000000001 0.4703125 0.3031250000000001
2 0.48125 0.2812500000000001 0.471875 0.2812500000000001 0.471875 0.3125000000000001 0.48125 0.3125000000000001
0 0.4859375 0.2953125000000001 0.48125 0.2953125000000001 0.48125 0.3031250000000001 0.4859375 0.3031250000000001