0 0.2140625000000001 0.534375 0.21250000000000008 0.534375 0.21250000000000008 0.5421875 0.2140625000000001 0.5421875
2 0.5921875 0.4828125 0.584375 0.4828125 0.584375 0.5328125 0.5921875 0.5328125
2 0.2156250000000001 0.5828125 0.2078125000000001 0.5828125 0.2078125000000001 0.6484375 0.2156250000000001 0.6484375
2 0.5359375 0.4421875 0.5296875 0.4421875 0.5296875 0.46875 0.5359375 0.46875
2 0.553125 0.45625 0.546875 0.45625 0.546875 0.496875 0.553125 0.496875
2 0.2921875000000001 0.465625 0.2890625000000001 0.465625 0.2890625000000001 0.49375 0.2921875000000001 0.49375
2 0.19218750000000004 0.5109375 0.18750000000000006 0.5109375 0.18750000000000006 0.5390625 0.19218750000000004 0.5390625
2 0.7515625 0.47187500000000016 0.746875 0.47187500000000016 0.746875 0.5015625000000001 0.7515625 0.5015625000000001
2 0.35625000000000007 0.4984375 0.3500000000000001 0.4984375 0.3500000000000001 0.5484375 0.35625000000000007 0.5484375
2 0.4390625 0.4765625 0.434375 0.4765625 0.434375 0.525 0.4390625 0.525
2 0.3937500000000001 0.446875 0.3890625000000001 0.446875 0.3890625000000001 0.478125 0.3937500000000001 0.478125
2 0.3703125000000001 0.496875 0.36406250000000007 0.496875 0.36406250000000007 0.5515625 0.3703125000000001 0.5515625
2 0.2453125000000001 0.584375 0.2375000000000001 0.584375 0.2375000000000001 0.6484375 0.2453125000000001 0.6484375
2 0.45 0.4609375 0.44375 0.4609375 0.44375 0.4984375 0.45 0.4984375
2 0.36406250000000007 0.5296875 0.3531250000000001 0.5296875 0.3531250000000001 0.59375 0.36406250000000007 0.59375
2 0.22812500000000008 0.5046875 0.2234375000000001 0.5046875 0.2234375000000001 0.5375 0.22812500000000008 0.5375
2 0.596875 0.5390625 0.5875 0.5390625 0.5875 0.6015625 0.596875 0.6015625
2 0.6140625 0.51875 0.6078125 0.51875 0.6078125 0.578125 0.6140625 0.578125
2 0.4828125 0.48125 0.475 0.48125 0.475 0.5265625 0.4828125 0.5265625
2 0.4015625 0.434375 0.3968750000000001 0.434375 0.3968750000000001 0.4578125 0.4015625 0.4578125
2 0.18125000000000008 0.5234375 0.17500000000000004 0.5234375 0.17500000000000007 0.5609375 0.18125000000000008 0.5609375
2 0.4546875 0.4609375 0.4484375 0.4609375 0.4484375 0.4984375 0.4546875 0.4984375
2 0.49375 0.428125 0.4875 0.428125 0.4875 0.453125 0.49375 0.453125
2 0.44375 0.6109375 0.4234375 0.6109375 0.4234375 0.696875 0.44375 0.696875