0 0.2453125000000001 0.5484375 0.24218750000000008 0.5484375 0.24218750000000008 0.55625 0.2453125000000001 0.55625
2 0.7546875 0.4750000000000002 0.75 0.4750000000000002 0.75 0.5078125000000002 0.7546875 0.5078125000000002
2 0.2906250000000001 0.465625 0.2875000000000001 0.465625 0.2875000000000001 0.4921875 0.2906250000000001 0.4921875
2 0.5359375 0.4421875 0.5296875 0.4421875 0.5296875 0.46875 0.5359375 0.46875
2 0.21875000000000008 0.5765625 0.2093750000000001 0.5765625 0.2093750000000001 0.6421875 0.21875000000000008 0.6421875
2 0.4484375 0.4578125 0.4421875 0.4578125 0.4421875 0.4953125 0.4484375 0.4953125
2 0.5546875 0.4578125 0.5484375 0.4578125 0.5484375 0.496875 0.5546875 0.496875
2 0.35625000000000007 0.4953125 0.3500000000000001 0.4953125 0.3500000000000001 0.5484375 0.35625000000000007 0.5484375
2 0.5953125 0.4875 0.5859375 0.4875 0.5859375 0.5359375 0.5953125 0.5359375
2 0.3687500000000001 0.4953125 0.36406250000000007 0.4953125 0.36406250000000007 0.5484375 0.3687500000000001 0.5484375
2 0.440625 0.475 0.434375 0.475 0.434375 0.5234375 0.440625 0.5234375
2 0.2296875000000001 0.5015625 0.2250000000000001 0.5015625 0.2250000000000001 0.5359375 0.2296875000000001 0.5359375
2 0.4015625 0.4328125 0.3968750000000001 0.4328125 0.3968750000000001 0.4578125 0.4015625 0.4578125
2 0.39531250000000007 0.4484375 0.3906250000000001 0.4484375 0.3906250000000001 0.475 0.39531250000000007 0.475
2 0.4546875 0.4578125 0.4484375 0.4578125 0.4484375 0.4984375 0.4546875 0.4984375
2 0.4828125 0.428125 0.478125 0.428125 0.478125 0.453125 0.4828125 0.453125
2 0.4828125 0.4796875 0.475 0.4796875 0.475 0.525 0.4828125 0.525
2 0.603125 0.5359375 0.5953125 0.5359375 0.5953125 0.6 0.603125 0.6
2 0.18906250000000005 0.5109375 0.18437500000000004 0.5109375 0.18437500000000004 0.540625 0.18906250000000005 0.540625
2 0.2453125000000001 0.584375 0.2375000000000001 0.584375 0.2375000000000001 0.646875 0.2453125000000001 0.646875
2 0.4515625 0.609375 0.440625 0.609375 0.440625 0.6984375 0.4515625 0.6984375
2 0.6140625 0.5171875 0.6078125 0.5171875 0.6078125 0.5796875 0.6140625 0.5796875
2 0.18437500000000007 0.5203125 0.17812500000000003 0.5203125 0.17812500000000006 0.559375 0.1843750000000001 0.559375
2 0.3296875000000001 0.528125 0.3203125000000001 0.528125 0.3203125000000001 0.5875 0.3296875000000001 0.5875