0 0.2796875000000001 0.5640625 0.2765625000000001 0.5640625 0.2765625000000001 0.571875 0.2796875000000001 0.571875
2 0.3515625000000001 0.4984375 0.3453125000000001 0.4984375 0.3453125000000001 0.546875 0.3515625000000001 0.546875
2 0.5546875 0.459375 0.5484375 0.459375 0.5484375 0.5 0.5546875 0.5
2 0.4484375 0.4609375 0.4421875 0.4609375 0.4421875 0.5 0.4484375 0.5
2 0.75625 0.47656250000000017 0.75 0.47656250000000017 0.75 0.5109375000000002 0.75625 0.5109375000000002
2 0.2500000000000001 0.5765625 0.2406250000000001 0.5765625 0.2406250000000001 0.6421875 0.2500000000000001 0.6421875
2 0.440625 0.478125 0.434375 0.478125 0.434375 0.5265625 0.440625 0.5265625
2 0.39531250000000007 0.4484375 0.3921875000000001 0.4484375 0.3921875000000001 0.478125 0.39531250000000007 0.478125
2 0.3687500000000001 0.4953125 0.36406250000000007 0.4953125 0.36406250000000007 0.5515625 0.3687500000000001 0.5515625
2 0.5359375 0.44375 0.5296875 0.44375 0.5296875 0.4703125 0.5359375 0.4703125
2 0.23593750000000008 0.50625 0.2296875000000001 0.50625 0.2296875000000001 0.540625 0.23593750000000008 0.540625
2 0.6046875 0.5359375 0.5953125 0.5359375 0.5953125 0.6046875 0.6046875 0.6046875
2 0.21250000000000008 0.578125 0.2062500000000001 0.578125 0.2062500000000001 0.64375 0.21250000000000008 0.64375
2 0.4 0.4375 0.3968750000000001 0.4375 0.3968750000000001 0.45625 0.4 0.45625
2 0.478125 0.43125 0.471875 0.43125 0.471875 0.45625 0.478125 0.45625
2 0.4828125 0.484375 0.475 0.484375 0.475 0.5296875 0.4828125 0.5296875
2 0.4546875 0.4625 0.4484375 0.4625 0.4484375 0.5015625 0.4546875 0.5015625
2 0.2906250000000001 0.46875 0.28593750000000007 0.46875 0.28593750000000007 0.496875 0.2906250000000001 0.496875
2 0.4515625 0.609375 0.4421875 0.609375 0.4421875 0.703125 0.4515625 0.703125
2 0.6140625 0.5171875 0.6078125 0.5171875 0.6078125 0.58125 0.6140625 0.58125
2 0.3062500000000001 0.5296875 0.3000000000000001 0.5296875 0.3000000000000001 0.578125 0.3062500000000001 0.578125
2 0.18750000000000006 0.515625 0.18125000000000005 0.515625 0.18125000000000008 0.559375 0.18750000000000008 0.559375
2 0.603125 0.503125 0.590625 0.503125 0.590625 0.540625 0.603125 0.540625