2 0.7546875 0.4750000000000002 0.7484375 0.4750000000000002 0.7484375 0.5078125000000002 0.7546875 0.5078125000000002
2 0.5359375 0.440625 0.5296875 0.440625 0.5296875 0.4671875 0.5359375 0.4671875
2 0.3968750000000001 0.4453125 0.3921875000000001 0.4453125 0.3921875000000001 0.4765625 0.3968750000000001 0.4765625
2 0.2375000000000001 0.5046875 0.2328125000000001 0.5046875 0.2328125000000001 0.5390625 0.2375000000000001 0.5390625
2 0.18906250000000008 0.51875 0.18281250000000004 0.51875 0.18281250000000007 0.559375 0.18906250000000008 0.559375
2 0.4484375 0.45625 0.4421875 0.45625 0.4421875 0.4953125 0.4484375 0.4953125
2 0.34843750000000007 0.4953125 0.3421875000000001 0.4953125 0.3421875000000001 0.5421875 0.34843750000000007 0.5421875
2 0.4828125 0.4796875 0.475 0.4796875 0.475 0.525 0.4828125 0.525
2 0.3687500000000001 0.4953125 0.36406250000000007 0.4953125 0.36406250000000007 0.55 0.3687500000000001 0.55
2 0.4546875 0.459375 0.4484375 0.459375 0.4484375 0.4984375 0.4546875 0.4984375
2 0.21250000000000008 0.5765625 0.2062500000000001 0.5765625 0.2062500000000001 0.6421875 0.21250000000000008 0.6421875
2 0.55625 0.45625 0.5484375 0.45625 0.5484375 0.496875 0.55625 0.496875
2 0.4 0.43125 0.3968750000000001 0.43125 0.3968750000000001 0.45625 0.4 0.45625
2 0.440625 0.475 0.434375 0.475 0.434375 0.5234375 0.440625 0.5234375
2 0.6140625 0.515625 0.6078125 0.515625 0.6078125 0.578125 0.6140625 0.578125
2 0.4765625 0.428125 0.471875 0.428125 0.471875 0.453125 0.4765625 0.453125
2 0.2890625000000001 0.46875 0.28593750000000007 0.46875 0.28593750000000007 0.4984375 0.2890625000000001 0.4984375
2 0.60625 0.53125 0.5953125 0.53125 0.5953125 0.596875 0.60625 0.596875
2 0.453125 0.609375 0.440625 0.609375 0.440625 0.6984375 0.453125 0.6984375
2 0.2531250000000001 0.5734375 0.2468750000000001 0.5734375 0.2468750000000001 0.6359375 0.2531250000000001 0.6359375
2 0.18437500000000007 0.5125 0.17968750000000006 0.5125 0.17968750000000006 0.546875 0.1843750000000001 0.546875
2 0.6015625 0.5046875 0.5921875 0.5046875 0.5921875 0.5421875 0.6015625 0.5421875
2 0.3031250000000001 0.5390625 0.29375000000000007 0.5390625 0.29375000000000007 0.5796875 0.3031250000000001 0.5796875
0 0.2968750000000001 0.5640625 0.29375000000000007 0.5640625 0.29375000000000007 0.575 0.2968750000000001 0.575