3 0.25 0.253125 0.240625 0.253125 0.240625 0.2828125 0.25 0.2828125
2 0.675 0.35625000000000007 0.6625 0.35625000000000007 0.6625 0.4046875 0.675 0.4046875
2 0.6828125 0.3187500000000001 0.671875 0.3187500000000001 0.671875 0.3546875000000001 0.6828125 0.3546875000000001
2 0.4265625 0.3765625000000001 0.415625 0.3765625000000001 0.415625 0.425 0.4265625 0.425
2 0.6890625 0.3515625000000001 0.6734375 0.3515625000000001 0.6734375 0.403125 0.6890625 0.403125
2 0.5953125 0.3437500000000001 0.584375 0.3437500000000001 0.584375 0.3859375000000001 0.5953125 0.3859375000000001
2 0.525 0.3203125000000001 0.5171875 0.3203125000000001 0.5171875 0.36406250000000007 0.525 0.36406250000000007
2 0.30625 0.3046875 0.29375 0.3046875 0.29375 0.3484375 0.30625 0.3484375
2 0.16250000000000003 0.3609375 0.14218750000000005 0.3609375 0.14218750000000005 0.4125 0.16250000000000003 0.4125
2 0.16562500000000005 0.40625 0.15000000000000005 0.40625 0.15000000000000005 0.4625 0.16562500000000005 0.4625
2 0.4359375 0.46875 0.4234375 0.46875 0.4234375 0.525 0.4359375 0.525
2 0.38906250000000003 0.3296875000000001 0.3765625 0.3296875000000001 0.3765625 0.3750000000000001 0.3890625000000001 0.3750000000000001
2 0.6109375 0.3671875000000001 0.6 0.3671875000000001 0.6 0.4140625 0.6109375 0.4140625
2 0.13593750000000004 0.465625 0.11562500000000005 0.465625 0.11562500000000005 0.525 0.13593750000000004 0.525
3 0.5421875 0.4046875 0.528125 0.4046875 0.528125 0.45625 0.5421875 0.45625
2 0.4625 0.4015625 0.44375 0.4015625 0.44375 0.45 0.4625 0.45
2 0.13125000000000006 0.525 0.10781250000000005 0.525 0.10781250000000006 0.590625 0.1312500000000001 0.590625
2 0.740625 0.5859375000000001 0.7203125 0.5859375 0.7203125 0.6484375000000001 0.740625 0.6484375000000002
2 0.1546875000000001 0.696875 0.13281250000000008 0.696875 0.13281250000000008 0.771875 0.1546875000000001 0.771875
2 0.78125 0.5171875000000001 0.765625 0.5171875000000001 0.765625 0.5765625000000002 0.78125 0.5765625000000002
2 0.50625 0.5078125 0.4890625 0.5078125 0.4890625 0.5703125 0.50625 0.5703125
2 0.8171875 0.4203125000000002 0.8046875 0.4203125000000002 0.8046875 0.47656250000000017 0.8171875 0.47656250000000017
0 0.665625 0.3375000000000001 0.6609375 0.3375000000000001 0.6609375 0.3468750000000001 0.665625 0.3468750000000001