2 0.603125 0.2843750000000001 0.5953125 0.2843750000000001 0.5953125 0.3156250000000001 0.603125 0.3156250000000001
2 0.515625 0.3109375000000001 0.5078125 0.3109375000000001 0.5078125 0.3453125000000001 0.515625 0.3453125000000001
2 0.60625 0.3437500000000001 0.5984375 0.3437500000000001 0.5984375 0.37968750000000007 0.60625 0.37968750000000007
2 0.4296875 0.3625000000000001 0.4203125 0.3625000000000001 0.4203125 0.4015625 0.4296875 0.4015625
3 0.4953125 0.4234375 0.4859375 0.4234375 0.4859375 0.4703125 0.4953125 0.4703125
2 0.6359375 0.3671875000000001 0.6265625 0.3671875000000001 0.6265625 0.403125 0.6359375 0.403125
2 0.5578125 0.37968750000000007 0.5484375 0.37968750000000007 0.5484375 0.41875 0.5578125 0.41875
2 0.37968750000000007 0.6015625 0.3671875000000001 0.6015625 0.3671875000000001 0.6609375 0.37968750000000007 0.6609375
2 0.51875 0.4578125 0.509375 0.4578125 0.509375 0.5046875 0.51875 0.5046875
2 0.703125 0.3828125000000001 0.6921875 0.3828125000000001 0.6921875 0.421875 0.703125 0.421875
2 0.7328125 0.3234375000000001 0.725 0.3234375000000001 0.725 0.3593750000000001 0.7328125 0.3593750000000001
2 0.421875 0.3906250000000001 0.4125 0.3906250000000001 0.4125 0.434375 0.421875 0.434375
2 0.7171875 0.4296875 0.70625 0.4296875 0.70625 0.4765625 0.7171875 0.4765625
2 0.3937500000000001 0.4375 0.3828125000000001 0.4375 0.3828125000000001 0.4859375 0.3937500000000001 0.4859375
2 0.7265625 0.3671875000000001 0.71875 0.3671875000000001 0.71875 0.4062500000000001 0.7265625 0.40625000000000017
2 0.403125 0.434375 0.39531250000000007 0.434375 0.39531250000000007 0.4859375 0.403125 0.4859375
2 0.921875 0.45312500000000017 0.9125 0.45312500000000017 0.9125 0.4984375000000002 0.921875 0.4984375000000002
2 0.5109375 0.46875 0.4984375 0.46875 0.4984375 0.515625 0.5109375 0.515625
1 0.09062500000000004 0.390625 0.07812500000000004 0.390625 0.07812500000000004 0.4359375 0.09062500000000004 0.4359375
2 0.7390625 0.6484375000000001 0.7234375 0.6484375 0.7234375 0.7156250000000001 0.7390625 0.7156250000000002
2 0.3625000000000001 0.75625 0.3468750000000001 0.75625 0.3468750000000001 0.8296875 0.3625000000000001 0.8296875
0 0.90625 0.4890625000000002 0.9 0.4890625000000002 0.9 0.5000000000000002 0.90625 0.5000000000000002
3 0.44375 0.27031250000000007 0.4359375 0.27031250000000007 0.4359375 0.3000000000000001 0.44375 0.3000000000000001
2 0.428125 0.35625000000000007 0.41875 0.35625000000000007 0.41875 0.39531250000000007 0.428125 0.39531250000000007