2 0.5171875 0.3703125000000001 0.50625 0.3703125000000001 0.50625 0.40625 0.5171875 0.40625
2 0.43125 0.3531250000000001 0.421875 0.3531250000000001 0.421875 0.3890625000000001 0.43125 0.3890625000000001
2 0.5953125 0.3937500000000001 0.58125 0.3937500000000001 0.58125 0.4296875 0.5953125 0.4296875
2 0.2656250000000001 0.7546875 0.2515625000000001 0.7546875 0.2515625000000001 0.834375 0.2656250000000001 0.834375
2 0.8078125 0.5328125000000001 0.7859375 0.5328125000000001 0.7859375 0.5828125000000002 0.8078125 0.5828125000000002
2 0.6328125 0.5328125 0.615625 0.5328125 0.615625 0.584375 0.6328125 0.584375
2 0.6671875 0.49375 0.653125 0.49375 0.653125 0.5453125 0.6671875 0.5453125
2 0.5421875 0.403125 0.5328125 0.403125 0.5328125 0.446875 0.5421875 0.446875
2 0.3500000000000001 0.5671875 0.3359375000000001 0.5671875 0.3359375000000001 0.628125 0.3500000000000001 0.628125
2 0.3359375000000001 0.41875 0.32500000000000007 0.41875 0.32500000000000007 0.4578125 0.3359375000000001 0.4578125
2 0.23593750000000008 0.515625 0.2218750000000001 0.515625 0.2218750000000001 0.5703125 0.23593750000000008 0.5703125
2 0.2656250000000001 0.690625 0.2484375000000001 0.690625 0.2484375000000001 0.7625 0.2656250000000001 0.7625
3 0.496875 0.48125 0.4828125 0.48125 0.4828125 0.5328125 0.496875 0.5328125
2 0.6500000000000001 0.6703125 0.6296875 0.6703125 0.6296875000000001 0.7390625 0.6500000000000001 0.7390625
2 0.609375 0.6515625 0.596875 0.6515625 0.596875 0.715625 0.609375 0.715625
2 0.7125 0.5125 0.7 0.5125 0.7 0.5640625 0.7125 0.5640625
2 0.7140625 0.4453125 0.696875 0.4453125 0.696875 0.490625 0.7140625 0.490625
2 0.6921875 0.596875 0.6765625 0.596875 0.6765625 0.653125 0.6921875 0.653125
2 0.6296875 0.5875 0.6140625 0.5875 0.6140625 0.6484375 0.6296875 0.6484375
2 0.8703125 0.5750000000000002 0.85 0.5750000000000002 0.85 0.6296875000000002 0.8703125 0.6296875000000002
2 0.5296875 0.5359375 0.5171875 0.5359375 0.5171875 0.596875 0.5296875 0.596875
0 0.871875 0.5296875000000002 0.8671875 0.5296875000000002 0.8671875 0.5390625000000002 0.871875 0.5390625000000002
1 0.85625 0.4125000000000002 0.8359375 0.4125000000000002 0.8359375 0.4468750000000002 0.85625 0.4468750000000002
3 0.18750000000000006 0.3109375 0.17812500000000003 0.3109375 0.17812500000000003 0.346875 0.18750000000000006 0.346875