2 0.665625 0.29375000000000007 0.6546875 0.29375000000000007 0.6546875 0.3218750000000001 0.665625 0.3218750000000001
2 0.4125 0.4234375 0.403125 0.4234375 0.403125 0.4671875 0.4125 0.4671875
2 0.6390625 0.3421875000000001 0.6296875 0.3421875000000001 0.6296875 0.37968750000000007 0.6390625 0.37968750000000007
2 0.5453125 0.3062500000000001 0.5359375 0.3062500000000001 0.5359375 0.34062500000000007 0.5453125 0.34062500000000007
2 0.6015625 0.3609375000000001 0.5921875 0.3609375000000001 0.5921875 0.4 0.6015625 0.4
2 0.45 0.35625000000000007 0.4390625 0.35625000000000007 0.4390625 0.39531250000000007 0.45 0.39531250000000007
2 0.7515625 0.3109375000000001 0.7421875 0.3109375000000001 0.7421875 0.3468750000000001 0.7515625 0.3468750000000001
2 0.4328125 0.3750000000000001 0.425 0.3750000000000001 0.425 0.4171875 0.4328125 0.4171875
2 0.5125 0.4171875 0.5015625 0.4171875 0.5015625 0.465625 0.5125 0.465625
2 0.7796875 0.3531250000000001 0.76875 0.3531250000000001 0.76875 0.3921875000000001 0.7796875 0.3921875000000001
2 0.4125 0.4625 0.4015625 0.4625 0.4015625 0.51875 0.4125 0.51875
1 0.07812500000000004 0.3890625 0.06718750000000004 0.3890625 0.06718750000000004 0.4359375 0.07812500000000004 0.4359375
2 0.5578125 0.446875 0.546875 0.446875 0.546875 0.496875 0.5578125 0.496875
2 0.7140625 0.3828125000000001 0.7046875 0.3828125000000001 0.7046875 0.4234375 0.7140625 0.4234375
2 0.6765625 0.3609375000000001 0.6703125 0.3609375000000001 0.6703125 0.4015625 0.6765625 0.4015625
3 0.525 0.403125 0.5171875 0.403125 0.5171875 0.4484375 0.525 0.4484375
2 0.9296875 0.43750000000000017 0.9171875 0.43750000000000017 0.9171875 0.4859375000000002 0.9296875 0.4859375000000002
2 0.8109375 0.4109375000000002 0.796875 0.4109375000000002 0.796875 0.46093750000000017 0.8109375 0.46093750000000017
2 0.403125 0.5921875 0.38750000000000007 0.5921875 0.38750000000000007 0.65 0.403125 0.65
2 0.7640625 0.6140625000000002 0.75 0.6140625000000002 0.75 0.6796875000000002 0.7640625 0.6796875000000002
2 0.4531250000000001 0.684375 0.4328125 0.684375 0.4328125000000001 0.7515625 0.45312500000000017 0.7515625
0 0.7671875 0.3828125000000001 0.7609375 0.3828125000000001 0.7609375 0.3937500000000001 0.7671875 0.3937500000000001
2 0.4515625 0.3437500000000001 0.4421875 0.3437500000000001 0.4421875 0.38750000000000007 0.4515625 0.38750000000000007
3 0.453125 0.2687500000000001 0.4453125 0.2687500000000001 0.4453125 0.2984375000000001 0.453125 0.2984375000000001