2 0.33437500000000003 0.3421875 0.325 0.3421875 0.32500000000000007 0.3734375 0.3343750000000001 0.3734375
1 0.9140625 0.3531250000000001 0.9046875 0.3531250000000001 0.9046875 0.3859375000000001 0.9140625 0.3859375000000001
2 0.4390625 0.3531250000000001 0.4234375 0.3531250000000001 0.4234375 0.3906250000000001 0.4390625 0.3906250000000001
2 0.546875 0.3062500000000001 0.5390625 0.3062500000000001 0.5390625 0.3390625000000001 0.546875 0.3390625000000001
2 0.646875 0.3765625000000001 0.63125 0.3765625000000001 0.63125 0.4140625 0.646875 0.4140625
2 0.5859375 0.3859375000000001 0.5734375 0.3859375000000001 0.5734375 0.4234375 0.5859375 0.4234375
2 0.446875 0.4421875 0.4375 0.4421875 0.4375 0.4890625 0.446875 0.4890625
3 0.4859375 0.4203125 0.471875 0.4203125 0.471875 0.465625 0.4859375 0.465625
2 0.728125 0.38750000000000007 0.7203125 0.38750000000000007 0.7203125 0.43437500000000007 0.728125 0.4343750000000002
2 0.715625 0.53125 0.7 0.53125 0.7 0.58125 0.715625 0.58125
2 0.31718750000000007 0.3921875 0.30937500000000007 0.3921875 0.30937500000000007 0.4390625 0.31718750000000007 0.4390625
2 0.51875 0.48125 0.509375 0.48125 0.509375 0.534375 0.51875 0.534375
2 0.28593750000000007 0.4125 0.2718750000000001 0.4125 0.2718750000000001 0.4609375 0.28593750000000007 0.4609375
3 0.9515625 0.7171875000000002 0.9265625 0.7171875000000002 0.9265625 0.7953125000000002 0.9515625 0.7953125000000002
2 0.22031250000000008 0.53125 0.2093750000000001 0.53125 0.2093750000000001 0.590625 0.22031250000000008 0.590625
2 0.78125 0.5046875000000002 0.7671875 0.5046875000000002 0.7671875 0.5640625000000001 0.78125 0.5640625000000001
2 0.6203125 0.484375 0.6078125 0.484375 0.6078125 0.5359375 0.6203125 0.5359375
2 0.634375 0.453125 0.6234375 0.453125 0.6234375 0.5 0.634375 0.5
2 0.4359375 0.459375 0.4171875 0.459375 0.4171875 0.50625 0.4359375 0.50625
2 0.55 0.46875 0.534375 0.46875 0.534375 0.5203125 0.55 0.5203125
2 0.2968750000000001 0.6421875 0.2750000000000001 0.6421875 0.2750000000000001 0.703125 0.2968750000000001 0.703125
2 0.38750000000000007 0.5640625 0.3687500000000001 0.5640625 0.3687500000000001 0.61875 0.38750000000000007 0.61875
2 0.21875000000000008 0.6359375 0.19531250000000008 0.6359375 0.19531250000000008 0.703125 0.21875000000000008 0.703125
0 0.6078125 0.471875 0.603125 0.471875 0.603125 0.4859375 0.6078125 0.4859375
3 0.2734375 0.2421875 0.265625 0.2421875 0.265625 0.2765625 0.2734375 0.2765625