2 0.790625 0.35625000000000007 0.78125 0.35625000000000007 0.78125 0.40156250000000016 0.790625 0.40156250000000016
2 0.7828125 0.3281250000000001 0.7734375 0.3281250000000001 0.7734375 0.3656250000000001 0.7828125 0.3656250000000001
2 0.796875 0.3453125000000001 0.7859375 0.3453125000000001 0.7859375 0.3921875000000001 0.796875 0.3921875000000001
2 0.7484375 0.4968750000000002 0.7390625 0.4968750000000002 0.7390625 0.5515625000000002 0.7484375 0.5515625000000002
2 0.571875 0.2656250000000001 0.5640625 0.2656250000000001 0.5640625 0.2984375000000001 0.571875 0.2984375000000001
1 0.18281250000000004 0.3578125 0.16718750000000004 0.3578125 0.16718750000000004 0.3984375 0.18281250000000004 0.3984375
2 0.7609375 0.4890625000000002 0.7515625 0.4890625000000002 0.7515625 0.5406250000000001 0.7609375 0.5406250000000001
2 0.4875 0.59375 0.4765625 0.59375 0.4765625 0.653125 0.4875 0.653125
2 0.3 0.309375 0.290625 0.309375 0.290625 0.3484375 0.3 0.3484375
2 0.7953125 0.4578125000000002 0.7859375 0.4578125000000002 0.7859375 0.5140625000000002 0.7953125 0.5140625000000002
3 0.584375 0.3593750000000001 0.575 0.3593750000000001 0.575 0.403125 0.584375 0.403125
2 0.6578125 0.3750000000000001 0.646875 0.3750000000000001 0.646875 0.41875 0.6578125 0.41875
2 0.09062500000000005 0.43125 0.07812500000000004 0.43125 0.07812500000000006 0.48125 0.09062500000000007 0.48125
2 0.7 0.34062500000000007 0.690625 0.34062500000000007 0.690625 0.3781250000000001 0.7 0.3781250000000001
2 0.4234375 0.3609375000000001 0.4140625 0.3609375000000001 0.4140625 0.4046875 0.4234375 0.4046875
2 0.5359375 0.3000000000000001 0.5265625 0.3000000000000001 0.5265625 0.3359375000000001 0.5359375 0.3359375000000001
2 0.740625 0.5906250000000001 0.7203125 0.590625 0.7203125 0.6531250000000001 0.740625 0.6531250000000002
3 0.871875 0.8796875 0.85 0.8796875 0.85 0.96875 0.871875 0.96875
2 0.3671875000000001 0.7375 0.3468750000000001 0.7375 0.3468750000000001 0.8125 0.3671875000000001 0.8125
2 0.7890625 0.5468750000000002 0.775 0.5468750000000002 0.775 0.6062500000000002 0.7890625 0.6062500000000002
2 0.678125 0.6125 0.6625 0.6125 0.6625 0.68125 0.678125 0.68125
2 0.3578125000000001 0.4203125 0.3453125000000001 0.4203125 0.3453125000000001 0.4734375 0.3578125000000001 0.4734375
2 0.4140625 0.415625 0.4 0.415625 0.4 0.46875 0.4140625 0.46875
0 0.18750000000000006 0.390625 0.18125000000000005 0.390625 0.18125000000000005 0.4015625 0.18750000000000006 0.4015625
3 0.3671875 0.22500000000000003 0.3578125 0.225 0.3578125 0.259375 0.3671875 0.2593750000000001