0 0.8375 0.7109375000000002 0.83125 0.7109375000000002 0.83125 0.7234375000000002 0.8375 0.7234375000000002
2 0.4734375 0.4546875 0.465625 0.4546875 0.465625 0.4890625 0.4734375 0.4890625
2 0.6484375 0.4609375 0.6421875 0.4609375 0.6421875 0.490625 0.6484375 0.490625
2 0.7640625 0.4937500000000002 0.7578125 0.4937500000000002 0.7578125 0.5281250000000002 0.7640625 0.5281250000000002
2 0.75625 0.4859375000000002 0.7515625 0.4859375000000002 0.7515625 0.5203125000000002 0.75625 0.5203125000000002
2 0.8734375 0.5906250000000002 0.865625 0.5906250000000002 0.865625 0.6484375000000002 0.8734375 0.6484375000000002
2 0.8125 0.5484375000000001 0.8046875 0.5484375000000001 0.8046875 0.5984375000000002 0.8125 0.5984375000000002
2 0.2640625000000001 0.5046875 0.2578125000000001 0.5046875 0.2578125000000001 0.54375 0.2640625000000001 0.54375
2 0.6640625 0.496875 0.6546875 0.496875 0.6546875 0.5546875 0.6640625 0.5546875
2 0.846875 0.5265625000000002 0.840625 0.5265625000000002 0.840625 0.5687500000000002 0.846875 0.5687500000000002
2 0.8984375 0.5937500000000002 0.8890625 0.5937500000000002 0.8890625 0.6531250000000002 0.8984375 0.6531250000000002
2 0.728125 0.5640625000000001 0.715625 0.5640625 0.715625 0.6234375000000001 0.728125 0.6234375000000002
2 0.8078125 0.6500000000000001 0.7953125 0.6500000000000001 0.7953125000000001 0.7359375000000001 0.8078125 0.7359375000000001
2 0.7046875 0.56875 0.69375 0.56875 0.69375 0.6421875 0.7046875 0.6421875
2 0.4484375 0.484375 0.4390625 0.484375 0.4390625 0.5484375 0.4484375 0.5484375
2 0.85625 0.6468750000000002 0.834375 0.6468750000000002 0.834375 0.7375000000000002 0.85625 0.7375000000000002
2 0.671875 0.446875 0.66875 0.446875 0.66875 0.4703125 0.671875 0.4703125
2 0.415625 0.6140625 0.3984375000000001 0.6140625 0.3984375000000001 0.715625 0.415625 0.715625
2 0.8125 0.4828125000000002 0.809375 0.4828125000000002 0.809375 0.5078125000000002 0.8125 0.5078125000000002
2 0.475 0.5546875 0.459375 0.5546875 0.459375 0.64375 0.475 0.64375
2 0.5109375 0.440625 0.503125 0.440625 0.503125 0.4671875 0.5109375 0.4671875
2 0.7328125 0.5234375000000001 0.725 0.5234375 0.725 0.5781250000000001 0.7328125 0.5781250000000002