2 0.3531250000000001 0.4984375 0.3468750000000001 0.4984375 0.3468750000000001 0.5484375 0.3531250000000001 0.5484375
2 0.559375 0.45625 0.5515625 0.45625 0.5515625 0.496875 0.559375 0.496875
2 0.7515625 0.4750000000000002 0.746875 0.4750000000000002 0.746875 0.5062500000000002 0.7515625 0.5062500000000002
2 0.3687500000000001 0.4953125 0.36406250000000007 0.4953125 0.36406250000000007 0.5484375 0.3687500000000001 0.5484375
2 0.3046875000000001 0.5609375 0.2906250000000001 0.5609375 0.2906250000000001 0.6265625 0.3046875000000001 0.6265625
2 0.39531250000000007 0.434375 0.3921875000000001 0.434375 0.3921875000000001 0.4578125 0.39531250000000007 0.4578125
2 0.4 0.446875 0.39531250000000007 0.446875 0.39531250000000007 0.475 0.4 0.475
2 0.540625 0.440625 0.534375 0.440625 0.534375 0.4703125 0.540625 0.4703125
2 0.4484375 0.45625 0.4421875 0.45625 0.4421875 0.49375 0.4484375 0.49375
2 0.18437500000000007 0.515625 0.17968750000000006 0.515625 0.17968750000000006 0.5453125 0.1843750000000001 0.5453125
2 0.2250000000000001 0.515625 0.22031250000000008 0.515625 0.22031250000000008 0.5546875 0.2250000000000001 0.5546875
2 0.6046875 0.490625 0.596875 0.490625 0.596875 0.540625 0.6046875 0.540625
2 0.44375 0.471875 0.4359375 0.471875 0.4359375 0.525 0.44375 0.525
2 0.484375 0.4796875 0.4765625 0.4796875 0.4765625 0.525 0.484375 0.525
2 0.19062500000000007 0.5171875 0.18593750000000003 0.5171875 0.18593750000000006 0.5640625 0.1906250000000001 0.5640625
2 0.2765625000000001 0.4765625 0.2718750000000001 0.4765625 0.2718750000000001 0.509375 0.2765625000000001 0.509375
2 0.21875000000000008 0.575 0.21250000000000008 0.575 0.21250000000000008 0.6390625 0.21875000000000008 0.6390625
2 0.2640625000000001 0.5671875 0.2562500000000001 0.5671875 0.2562500000000001 0.6265625 0.2640625000000001 0.6265625
2 0.4546875 0.471875 0.446875 0.471875 0.446875 0.5 0.4546875 0.5
2 0.6046875 0.534375 0.5953125 0.534375 0.5953125 0.6 0.6046875 0.6
2 0.475 0.43125 0.4703125 0.43125 0.4703125 0.4546875 0.475 0.4546875
2 0.615625 0.5171875 0.6078125 0.5171875 0.6078125 0.5765625 0.615625 0.5765625
0 0.2953125000000001 0.6015625 0.2906250000000001 0.6015625 0.2906250000000001 0.6125 0.2953125000000001 0.6125
2 0.4687500000000001 0.6375 0.4453125 0.6375 0.4453125000000001 0.74375 0.46875000000000017 0.74375