0 0.3031250000000001 0.6296875 0.2984375000000001 0.6296875 0.2984375000000001 0.6421875 0.3031250000000001 0.6421875
2 0.2750000000000001 0.478125 0.2718750000000001 0.478125 0.2718750000000001 0.5109375 0.2750000000000001 0.5109375
2 0.75 0.47656250000000017 0.746875 0.47656250000000017 0.746875 0.5078125000000002 0.75 0.5078125000000002
2 0.3515625000000001 0.5 0.3453125000000001 0.5 0.3453125000000001 0.55 0.3515625000000001 0.55
2 0.559375 0.4578125 0.5515625 0.4578125 0.5515625 0.5 0.559375 0.5
2 0.3687500000000001 0.4984375 0.36406250000000007 0.4984375 0.36406250000000007 0.5484375 0.3687500000000001 0.5484375
2 0.4484375 0.459375 0.4421875 0.459375 0.4421875 0.49375 0.4484375 0.49375
2 0.44375 0.475 0.4375 0.475 0.4375 0.5234375 0.44375 0.5234375
2 0.471875 0.434375 0.46875 0.434375 0.46875 0.45625 0.471875 0.45625
2 0.60625 0.4921875 0.5984375 0.4921875 0.5984375 0.5390625 0.60625 0.5390625
2 0.4 0.446875 0.3968750000000001 0.446875 0.3968750000000001 0.475 0.4 0.475
2 0.19062500000000007 0.515625 0.18593750000000003 0.515625 0.18593750000000006 0.5625 0.1906250000000001 0.5625
2 0.39531250000000007 0.4359375 0.3921875000000001 0.4359375 0.3921875000000001 0.459375 0.39531250000000007 0.459375
2 0.18437500000000007 0.515625 0.17968750000000006 0.515625 0.17968750000000006 0.5453125 0.1843750000000001 0.5453125
2 0.540625 0.44375 0.534375 0.44375 0.534375 0.4734375 0.540625 0.4734375
2 0.6046875 0.5375 0.596875 0.5375 0.596875 0.6 0.6046875 0.6
2 0.4546875 0.471875 0.446875 0.471875 0.446875 0.5 0.4546875 0.5
2 0.21875000000000008 0.5734375 0.21250000000000008 0.5734375 0.21250000000000008 0.6359375 0.21875000000000008 0.6359375
2 0.615625 0.51875 0.6078125 0.51875 0.6078125 0.5765625 0.615625 0.5765625
2 0.26250000000000007 0.5671875 0.2562500000000001 0.5671875 0.2562500000000001 0.625 0.26250000000000007 0.625
2 0.484375 0.48125 0.475 0.48125 0.475 0.5265625 0.484375 0.5265625
2 0.2250000000000001 0.515625 0.22031250000000008 0.515625 0.22031250000000008 0.5546875 0.2250000000000001 0.5546875
2 0.3031250000000001 0.5625 0.2921875000000001 0.5625 0.2921875000000001 0.625 0.3031250000000001 0.625
2 0.4718750000000001 0.6375 0.446875 0.6375 0.4468750000000001 0.75 0.47187500000000016 0.75