0 0.3156250000000001 0.640625 0.3109375000000001 0.640625 0.3109375000000001 0.65625 0.3156250000000001 0.65625
2 0.5578125 0.4578125 0.5515625 0.4578125 0.5515625 0.496875 0.5578125 0.496875
2 0.3531250000000001 0.4984375 0.3453125000000001 0.4984375 0.3453125000000001 0.5484375 0.3531250000000001 0.5484375
2 0.27031250000000007 0.48125 0.2656250000000001 0.48125 0.2656250000000001 0.5140625 0.27031250000000007 0.5140625
2 0.39531250000000007 0.440625 0.3921875000000001 0.440625 0.3921875000000001 0.4578125 0.39531250000000007 0.4578125
2 0.7515625 0.4781250000000002 0.746875 0.4781250000000002 0.746875 0.5062500000000002 0.7515625 0.5062500000000002
2 0.4484375 0.459375 0.4421875 0.459375 0.4421875 0.49375 0.4484375 0.49375
2 0.403125 0.446875 0.4 0.446875 0.4 0.475 0.403125 0.475
2 0.60625 0.490625 0.5984375 0.490625 0.5984375 0.5390625 0.60625 0.5390625
2 0.19062500000000007 0.5171875 0.18593750000000003 0.5171875 0.18593750000000006 0.5609375 0.1906250000000001 0.5609375
2 0.18593750000000006 0.5140625 0.18125000000000005 0.5140625 0.18125000000000008 0.546875 0.1859375000000001 0.546875
2 0.3687500000000001 0.4953125 0.36406250000000007 0.4953125 0.36406250000000007 0.5484375 0.3687500000000001 0.5484375
2 0.44375 0.475 0.4375 0.475 0.4375 0.5234375 0.44375 0.5234375
2 0.21875000000000008 0.575 0.21250000000000008 0.575 0.21250000000000008 0.6390625 0.21875000000000008 0.6390625
2 0.4640625 0.4296875 0.4578125 0.4296875 0.4578125 0.4546875 0.4640625 0.4546875
2 0.540625 0.4421875 0.534375 0.4421875 0.534375 0.4703125 0.540625 0.4703125
2 0.6046875 0.5359375 0.5953125 0.5359375 0.5953125 0.6015625 0.6046875 0.6015625
2 0.45625 0.4734375 0.4484375 0.4734375 0.4484375 0.5 0.45625 0.5
2 0.6140625 0.5171875 0.6078125 0.5171875 0.6078125 0.578125 0.6140625 0.578125
2 0.4859375 0.48125 0.4765625 0.48125 0.4765625 0.5265625 0.4859375 0.5265625
2 0.2250000000000001 0.5140625 0.22031250000000008 0.5140625 0.22031250000000008 0.5546875 0.2250000000000001 0.5546875
2 0.26250000000000007 0.5671875 0.2562500000000001 0.5671875 0.2562500000000001 0.625 0.26250000000000007 0.625
2 0.4562500000000001 0.640625 0.4359375 0.640625 0.4359375000000001 0.7515625 0.45625000000000016 0.7515625
2 0.2906250000000001 0.5734375 0.2796875000000001 0.5734375 0.2796875000000001 0.6484375 0.2906250000000001 0.6484375