0 0.2953125000000001 0.5921875 0.2906250000000001 0.5921875 0.2906250000000001 0.6046875 0.2953125000000001 0.6046875
2 0.5578125 0.459375 0.5515625 0.459375 0.5515625 0.4984375 0.5578125 0.4984375
2 0.3546875000000001 0.4984375 0.3453125000000001 0.4984375 0.3453125000000001 0.5484375 0.3546875000000001 0.5484375
2 0.4484375 0.4609375 0.44375 0.4609375 0.44375 0.4953125 0.4484375 0.4953125
2 0.4015625 0.4484375 0.3984375000000001 0.4484375 0.3984375000000001 0.475 0.4015625 0.475
2 0.39531250000000007 0.434375 0.3921875000000001 0.434375 0.3921875000000001 0.459375 0.39531250000000007 0.459375
2 0.3687500000000001 0.4953125 0.36406250000000007 0.4953125 0.36406250000000007 0.5484375 0.3687500000000001 0.5484375
2 0.60625 0.490625 0.5984375 0.490625 0.5984375 0.5390625 0.60625 0.5390625
2 0.18437500000000007 0.5140625 0.17968750000000006 0.5140625 0.17968750000000006 0.546875 0.1843750000000001 0.546875
2 0.753125 0.47656250000000017 0.746875 0.47656250000000017 0.746875 0.5093750000000001 0.753125 0.5093750000000001
2 0.44375 0.475 0.4375 0.475 0.4375 0.5234375 0.44375 0.5234375
2 0.19062500000000007 0.515625 0.18593750000000003 0.515625 0.18593750000000006 0.5609375 0.1906250000000001 0.5609375
2 0.6046875 0.5375 0.596875 0.5375 0.596875 0.6015625 0.6046875 0.6015625
2 0.21875000000000008 0.5703125 0.21250000000000008 0.5703125 0.21250000000000008 0.6359375 0.21875000000000008 0.6359375
2 0.615625 0.5171875 0.6078125 0.5171875 0.6078125 0.578125 0.615625 0.578125
2 0.2640625000000001 0.565625 0.2562500000000001 0.565625 0.2562500000000001 0.625 0.2640625000000001 0.625
2 0.4859375 0.484375 0.475 0.484375 0.475 0.528125 0.4859375 0.528125
2 0.27031250000000007 0.4796875 0.2656250000000001 0.4796875 0.2656250000000001 0.5140625 0.27031250000000007 0.5140625
2 0.540625 0.4421875 0.534375 0.4421875 0.534375 0.46875 0.540625 0.46875
2 0.4546875 0.4703125 0.446875 0.4703125 0.446875 0.5 0.4546875 0.5
2 0.2250000000000001 0.5125 0.22031250000000008 0.5125 0.22031250000000008 0.5546875 0.2250000000000001 0.5546875
2 0.2828125000000001 0.5765625 0.2734375000000001 0.5765625 0.2734375000000001 0.640625 0.2828125000000001 0.640625
2 0.4484375000000001 0.653125 0.4296875 0.653125 0.4296875000000001 0.7328125 0.44843750000000016 0.7328125
2 0.4609375 0.434375 0.4578125 0.434375 0.4578125 0.453125 0.4609375 0.453125