0 0.28593750000000007 0.584375 0.2812500000000001 0.584375 0.2812500000000001 0.5953125 0.28593750000000007 0.5953125
2 0.5578125 0.459375 0.5515625 0.459375 0.5515625 0.4984375 0.5578125 0.4984375
2 0.4484375 0.459375 0.44375 0.459375 0.44375 0.496875 0.4484375 0.496875
2 0.3531250000000001 0.4984375 0.3453125000000001 0.4984375 0.3453125000000001 0.5484375 0.3531250000000001 0.5484375
2 0.753125 0.47656250000000017 0.746875 0.47656250000000017 0.746875 0.5078125000000002 0.753125 0.5078125000000002
2 0.39531250000000007 0.4359375 0.3921875000000001 0.4359375 0.3921875000000001 0.4578125 0.39531250000000007 0.4578125
2 0.4015625 0.4484375 0.3984375000000001 0.4484375 0.3984375000000001 0.475 0.4015625 0.475
2 0.18437500000000007 0.5140625 0.17968750000000006 0.5140625 0.17968750000000006 0.546875 0.1843750000000001 0.546875
2 0.4609375 0.43125 0.4546875 0.43125 0.4546875 0.4546875 0.4609375 0.4546875
2 0.3687500000000001 0.4953125 0.36406250000000007 0.4953125 0.36406250000000007 0.5484375 0.3687500000000001 0.5484375
2 0.60625 0.490625 0.5984375 0.490625 0.5984375 0.540625 0.60625 0.540625
2 0.4546875 0.46875 0.4484375 0.46875 0.4484375 0.5 0.4546875 0.5
2 0.19062500000000007 0.5171875 0.18593750000000003 0.5171875 0.18593750000000006 0.5640625 0.1906250000000001 0.5640625
2 0.44375 0.475 0.4375 0.475 0.4375 0.5234375 0.44375 0.5234375
2 0.615625 0.5171875 0.6078125 0.5171875 0.6078125 0.5765625 0.615625 0.5765625
2 0.2812500000000001 0.575 0.2718750000000001 0.575 0.2718750000000001 0.640625 0.2812500000000001 0.640625
2 0.2640625000000001 0.5671875 0.2562500000000001 0.5671875 0.2562500000000001 0.6296875 0.2640625000000001 0.6296875
2 0.540625 0.4421875 0.534375 0.4421875 0.534375 0.471875 0.540625 0.471875
2 0.4859375 0.48125 0.475 0.48125 0.475 0.5296875 0.4859375 0.5296875
2 0.6046875 0.5359375 0.596875 0.5359375 0.596875 0.6 0.6046875 0.6
2 0.21875000000000008 0.5703125 0.21250000000000008 0.5703125 0.21250000000000008 0.6359375 0.21875000000000008 0.6359375
2 0.27031250000000007 0.48125 0.2656250000000001 0.48125 0.2656250000000001 0.515625 0.27031250000000007 0.515625
2 0.4484375000000001 0.640625 0.428125 0.640625 0.4281250000000001 0.7515625 0.44843750000000016 0.7515625
2 0.2250000000000001 0.51875 0.22031250000000008 0.51875 0.22031250000000008 0.55625 0.2250000000000001 0.55625