0 0.2734375000000001 0.6296875 0.27031250000000007 0.6296875 0.27031250000000007 0.6390625 0.2734375000000001 0.6390625
2 0.2234375000000001 0.5703125 0.2140625000000001 0.5703125 0.2140625000000001 0.6296875 0.2234375000000001 0.6296875
2 0.5578125 0.45625 0.553125 0.45625 0.553125 0.496875 0.5578125 0.496875
2 0.7546875 0.4781250000000002 0.7484375 0.4781250000000002 0.7484375 0.5078125000000002 0.7546875 0.5078125000000002
2 0.39531250000000007 0.43125 0.3906250000000001 0.43125 0.3906250000000001 0.4578125 0.39531250000000007 0.4578125
2 0.3546875000000001 0.4953125 0.3453125000000001 0.4953125 0.3453125000000001 0.5484375 0.3546875000000001 0.5484375
2 0.4546875 0.459375 0.4484375 0.459375 0.4484375 0.4984375 0.4546875 0.4984375
2 0.4859375 0.48125 0.4765625 0.48125 0.4765625 0.525 0.4859375 0.525
2 0.27031250000000007 0.4796875 0.2640625000000001 0.4796875 0.2640625000000001 0.5125 0.27031250000000007 0.5125
2 0.6046875 0.490625 0.596875 0.490625 0.596875 0.5390625 0.6046875 0.5390625
2 0.3687500000000001 0.4953125 0.36406250000000007 0.4953125 0.36406250000000007 0.5484375 0.3687500000000001 0.5484375
2 0.5421875 0.440625 0.534375 0.440625 0.534375 0.4703125 0.5421875 0.4703125
2 0.27812500000000007 0.5828125 0.2687500000000001 0.5828125 0.2687500000000001 0.6390625 0.27812500000000007 0.6390625
2 0.2640625000000001 0.565625 0.2562500000000001 0.565625 0.2562500000000001 0.625 0.2640625000000001 0.625
2 0.6046875 0.534375 0.5953125 0.534375 0.5953125 0.603125 0.6046875 0.603125
2 0.4484375 0.4578125 0.4421875 0.4578125 0.4421875 0.4953125 0.4484375 0.4953125
2 0.2250000000000001 0.5125 0.22031250000000008 0.5125 0.22031250000000008 0.553125 0.2250000000000001 0.553125
2 0.615625 0.5171875 0.6078125 0.5171875 0.6078125 0.5765625 0.615625 0.5765625
2 0.18437500000000007 0.5125 0.17968750000000006 0.5125 0.17968750000000006 0.5453125 0.1843750000000001 0.5453125
2 0.4578125 0.4296875 0.4515625 0.4296875 0.4515625 0.453125 0.4578125 0.453125
2 0.19062500000000007 0.5140625 0.18593750000000003 0.5140625 0.18593750000000006 0.559375 0.1906250000000001 0.559375
2 0.403125 0.446875 0.4 0.446875 0.4 0.4734375 0.403125 0.4734375
2 0.44375 0.4765625 0.4375 0.4765625 0.4375 0.5234375 0.44375 0.5234375
2 0.4437500000000001 0.6359375 0.4296875 0.6359375 0.4296875000000001 0.7296875 0.4437500000000002 0.7296875