2 0.5578125 0.4578125 0.5515625 0.4578125 0.5515625 0.4984375 0.5578125 0.4984375
2 0.3546875000000001 0.4984375 0.3453125000000001 0.4984375 0.3453125000000001 0.5484375 0.3546875000000001 0.5484375
2 0.3687500000000001 0.4953125 0.36406250000000007 0.4953125 0.36406250000000007 0.5484375 0.3687500000000001 0.5484375
2 0.753125 0.47656250000000017 0.7484375 0.47656250000000017 0.7484375 0.5093750000000001 0.753125 0.5093750000000001
2 0.4046875 0.446875 0.4 0.446875 0.4 0.475 0.4046875 0.475
2 0.5953125 0.4890625 0.5875 0.4890625 0.5875 0.5390625 0.5953125 0.5390625
2 0.2218750000000001 0.565625 0.2140625000000001 0.565625 0.2140625000000001 0.63125 0.2218750000000001 0.63125
2 0.453125 0.4609375 0.446875 0.4609375 0.446875 0.5 0.453125 0.5
2 0.540625 0.440625 0.534375 0.440625 0.534375 0.471875 0.540625 0.471875
2 0.4484375 0.4578125 0.44375 0.4578125 0.44375 0.496875 0.4484375 0.496875
2 0.4453125 0.475 0.4390625 0.475 0.4390625 0.5234375 0.4453125 0.5234375
2 0.2250000000000001 0.5140625 0.22031250000000008 0.5140625 0.22031250000000008 0.553125 0.2250000000000001 0.553125
2 0.6046875 0.534375 0.5953125 0.534375 0.5953125 0.603125 0.6046875 0.603125
2 0.615625 0.51875 0.6078125 0.51875 0.6078125 0.578125 0.615625 0.578125
2 0.484375 0.48125 0.475 0.48125 0.475 0.528125 0.484375 0.528125
2 0.19062500000000007 0.515625 0.18593750000000003 0.515625 0.18593750000000006 0.5609375 0.1906250000000001 0.5609375
2 0.27031250000000007 0.48125 0.2640625000000001 0.48125 0.2640625000000001 0.5140625 0.27031250000000007 0.5140625
2 0.2609375000000001 0.5625 0.2515625000000001 0.5625 0.2515625000000001 0.6234375 0.2609375000000001 0.6234375
2 0.18593750000000006 0.5125 0.18125000000000005 0.5125 0.18125000000000008 0.546875 0.1859375000000001 0.546875
2 0.4453125 0.4359375 0.4421875 0.4359375 0.4421875 0.4515625 0.4453125 0.4515625
2 0.4015625 0.4390625 0.3984375000000001 0.4390625 0.3984375000000001 0.4515625 0.4015625 0.4515625
2 0.4484375000000001 0.640625 0.4296875 0.640625 0.4296875000000001 0.7515625 0.44843750000000016 0.7515625
2 0.2750000000000001 0.5625 0.26250000000000007 0.5625 0.26250000000000007 0.6234375 0.2750000000000001 0.6234375