0 0.559375 0.45625 0.5546875 0.45625 0.5546875 0.465625 0.559375 0.465625
2 0.634375 0.3781250000000001 0.6296875 0.3781250000000001 0.6296875 0.4046875 0.634375 0.4046875
2 0.615625 0.37187500000000007 0.6109375 0.37187500000000007 0.6109375 0.403125 0.615625 0.403125
2 0.6265625 0.37968750000000007 0.621875 0.37968750000000007 0.621875 0.4140625 0.6265625 0.4140625
2 0.27031250000000007 0.4109375 0.2656250000000001 0.4109375 0.2656250000000001 0.4453125 0.27031250000000007 0.4453125
2 0.646875 0.3828125000000001 0.6421875 0.3828125000000001 0.6421875 0.4234375 0.646875 0.4234375
2 0.6421875 0.3765625000000001 0.6375 0.3765625000000001 0.6375 0.409375 0.6421875 0.409375
2 0.715625 0.4375 0.709375 0.4375 0.709375 0.490625 0.715625 0.490625
2 0.6828125 0.40625 0.6765625 0.40625 0.6765625 0.45 0.6828125 0.45
2 0.775 0.42187500000000017 0.771875 0.42187500000000017 0.771875 0.44843750000000016 0.775 0.44843750000000016
2 0.690625 0.425 0.684375 0.425 0.684375 0.4828125 0.690625 0.4828125
2 0.621875 0.37968750000000007 0.615625 0.37968750000000007 0.615625 0.4203125 0.621875 0.4203125
2 0.453125 0.37187500000000007 0.44375 0.37187500000000007 0.44375 0.4140625 0.453125 0.4140625
2 0.58125 0.4515625 0.565625 0.4515625 0.565625 0.5390625 0.58125 0.5390625
2 0.534375 0.3921875000000001 0.51875 0.3921875000000001 0.51875 0.4484375 0.534375 0.4484375
2 0.55625 0.3734375000000001 0.546875 0.3734375000000001 0.546875 0.4171875 0.55625 0.4171875
2 0.55625 0.3750000000000001 0.5453125 0.3750000000000001 0.5453125 0.4078125 0.55625 0.4078125
2 0.571875 0.3515625000000001 0.5671875 0.3515625000000001 0.5671875 0.3781250000000001 0.571875 0.3781250000000001
2 0.6484375 0.44375 0.6359375 0.44375 0.6359375 0.515625 0.6484375 0.515625
2 0.65 0.4125 0.6390625 0.4125 0.6390625 0.4625 0.65 0.4625
2 0.6875 0.4109375 0.68125 0.4109375 0.68125 0.4609375 0.6875 0.4609375
2 0.725 0.4328125 0.71875 0.4328125 0.71875 0.490625 0.725 0.490625