2 0.66875 0.471875 0.6625 0.471875 0.6625 0.5015625 0.66875 0.5015625
2 0.740625 0.5156250000000002 0.734375 0.5156250000000002 0.734375 0.5609375000000002 0.740625 0.5609375000000002
2 0.7546875 0.5140625000000002 0.75 0.5140625000000002 0.75 0.5515625000000002 0.7546875 0.5515625000000002
2 0.6390625 0.4578125 0.634375 0.4578125 0.634375 0.4828125 0.6390625 0.4828125
2 0.7078125 0.4984375 0.7015625 0.4984375 0.7015625 0.5390625 0.7078125 0.5390625
2 0.65 0.496875 0.6390625 0.496875 0.6390625 0.5359375 0.65 0.5359375
2 0.5578125 0.53125 0.5453125 0.53125 0.5453125 0.59375 0.5578125 0.59375
2 0.6953125 0.4828125 0.6890625 0.4828125 0.6890625 0.50625 0.6953125 0.50625
2 0.5140625 0.48125 0.50625 0.48125 0.50625 0.521875 0.5140625 0.521875
2 0.525 0.4609375 0.51875 0.4609375 0.51875 0.490625 0.525 0.490625
2 0.3359375000000001 0.490625 0.3312500000000001 0.490625 0.3312500000000001 0.521875 0.3359375000000001 0.521875
2 0.5609375 0.4875 0.5546875 0.4875 0.5546875 0.528125 0.5609375 0.528125
2 0.728125 0.48906250000000007 0.721875 0.4890625 0.721875 0.5218750000000001 0.728125 0.5218750000000002
2 0.6578125 0.4734375 0.6515625 0.4734375 0.6515625 0.50625 0.6578125 0.50625
2 0.778125 0.4750000000000002 0.7734375 0.4750000000000002 0.7734375 0.5000000000000002 0.778125 0.5000000000000002
2 0.5640625 0.4609375 0.559375 0.4609375 0.559375 0.4921875 0.5640625 0.4921875
2 0.6109375 0.4625 0.6046875 0.4625 0.6046875 0.4921875 0.6109375 0.4921875
2 0.6953125 0.4625 0.690625 0.4625 0.690625 0.478125 0.6953125 0.478125
2 0.69375 0.4671875 0.6890625 0.4671875 0.6890625 0.4859375 0.69375 0.4859375
2 0.6640625 0.4625 0.659375 0.4625 0.659375 0.4859375 0.6640625 0.4859375
2 0.6546875 0.465625 0.65 0.465625 0.65 0.5046875 0.6546875 0.5046875
0 0.8359375 0.5359375000000002 0.8328125 0.5359375000000002 0.8328125 0.5437500000000002 0.8359375 0.5437500000000002
2 0.5609375 0.4734375 0.5546875 0.4734375 0.5546875 0.5109375 0.5609375 0.5109375