0 0.5953125 0.4515625 0.59375 0.4515625 0.59375 0.4578125 0.5953125 0.4578125
2 0.634375 0.453125 0.6296875 0.453125 0.6296875 0.484375 0.634375 0.484375
2 0.6046875 0.453125 0.6 0.453125 0.6 0.4796875 0.6046875 0.4796875
2 0.6484375 0.4546875 0.6421875 0.4546875 0.6421875 0.4875 0.6484375 0.4875
2 0.709375 0.5046875 0.703125 0.5046875 0.703125 0.553125 0.709375 0.553125
2 0.6890625 0.5 0.68125 0.5 0.68125 0.5453125 0.6890625 0.5453125
2 0.4265625 0.4546875 0.421875 0.4546875 0.421875 0.4859375 0.4265625 0.4859375
2 0.41875 0.5 0.409375 0.5 0.409375 0.5453125 0.41875 0.5453125
2 0.525 0.459375 0.515625 0.459375 0.515625 0.4921875 0.525 0.4921875
2 0.5859375 0.459375 0.5796875 0.459375 0.5796875 0.4921875 0.5859375 0.4921875
2 0.4375 0.44375 0.4328125 0.44375 0.4328125 0.471875 0.4375 0.471875
2 0.2687500000000001 0.4765625 0.2640625000000001 0.4765625 0.2640625000000001 0.50625 0.2687500000000001 0.50625
2 0.753125 0.46406250000000016 0.75 0.46406250000000016 0.75 0.4890625000000002 0.753125 0.4890625000000002
2 0.4984375 0.45625 0.4859375 0.45625 0.4859375 0.4953125 0.4984375 0.4953125
2 0.4203125 0.4609375 0.4140625 0.4609375 0.4140625 0.5 0.4203125 0.5
2 0.559375 0.44375 0.5546875 0.44375 0.5546875 0.471875 0.559375 0.471875
2 0.4359375 0.5421875 0.4234375 0.5421875 0.4234375 0.6109375 0.4359375 0.6109375
2 0.4890625 0.4359375 0.4828125 0.4359375 0.4828125 0.4609375 0.4890625 0.4609375
2 0.5703125 0.4484375 0.5640625 0.4484375 0.5640625 0.4765625 0.5703125 0.4765625
2 0.6171875 0.44375 0.6125 0.44375 0.6125 0.46875 0.6171875 0.46875
2 0.5640625 0.4421875 0.559375 0.4421875 0.559375 0.459375 0.5640625 0.459375
2 0.5703125 0.4390625 0.5625 0.4390625 0.5625 0.4546875 0.5703125 0.4546875
2 0.484375 0.43125 0.478125 0.43125 0.478125 0.4546875 0.484375 0.4546875