0 0.546875 0.44375 0.54375 0.44375 0.54375 0.45 0.546875 0.45
2 0.61875 0.4421875 0.6140625 0.4421875 0.6140625 0.4671875 0.61875 0.4671875
2 0.5890625 0.4671875 0.5828125 0.4671875 0.5828125 0.50625 0.5890625 0.50625
2 0.6703125 0.478125 0.665625 0.478125 0.665625 0.5171875 0.6703125 0.5171875
2 0.4953125 0.4421875 0.4890625 0.4421875 0.4890625 0.46875 0.4953125 0.46875
2 0.553125 0.43125 0.55 0.43125 0.55 0.4546875 0.553125 0.4546875
2 0.5609375 0.4359375 0.5578125 0.4359375 0.5578125 0.4578125 0.5609375 0.4578125
2 0.5765625 0.4359375 0.56875 0.4359375 0.56875 0.453125 0.5765625 0.453125
2 0.7515625 0.46093750000000017 0.7484375 0.46093750000000017 0.7484375 0.47968750000000016 0.7515625 0.47968750000000016
2 0.628125 0.446875 0.625 0.446875 0.625 0.4734375 0.628125 0.4734375
2 0.46875 0.4703125 0.4609375 0.4703125 0.4609375 0.509375 0.46875 0.509375
2 0.5359375 0.4375 0.53125 0.4375 0.53125 0.4640625 0.5359375 0.4640625
2 0.540625 0.446875 0.534375 0.446875 0.534375 0.471875 0.540625 0.471875
2 0.528125 0.5640625 0.50625 0.5640625 0.50625 0.640625 0.528125 0.640625
2 0.475 0.44375 0.4703125 0.44375 0.4703125 0.4671875 0.475 0.4671875
2 0.4640625 0.446875 0.459375 0.446875 0.459375 0.478125 0.4640625 0.478125
2 0.4765625 0.4625 0.4671875 0.4625 0.4671875 0.496875 0.4765625 0.496875
2 0.521875 0.428125 0.515625 0.428125 0.515625 0.4515625 0.521875 0.4515625
2 0.4734375 0.4328125 0.4703125 0.4328125 0.4703125 0.446875 0.4734375 0.446875
2 0.5890625 0.459375 0.5828125 0.459375 0.5828125 0.4734375 0.5890625 0.4734375
2 0.3031250000000001 0.46875 0.2984375000000001 0.46875 0.2984375000000001 0.496875 0.3031250000000001 0.496875