2 0.6609375 0.50625 0.6546875 0.50625 0.6546875 0.5546875 0.6609375 0.5546875
2 0.6890625 0.4859375 0.684375 0.4859375 0.684375 0.5234375 0.6890625 0.5234375
2 0.471875 0.5328125 0.4625 0.5328125 0.4625 0.59375 0.471875 0.59375
2 0.5359375 0.453125 0.5296875 0.453125 0.5296875 0.48125 0.5359375 0.48125
2 0.4109375 0.46875 0.40625 0.46875 0.40625 0.5 0.4109375 0.5
2 0.609375 0.4703125 0.6046875 0.4703125 0.6046875 0.5 0.609375 0.5
2 0.4765625 0.45625 0.46875 0.45625 0.46875 0.4828125 0.4765625 0.4828125
2 0.65 0.4578125 0.646875 0.4578125 0.646875 0.4859375 0.65 0.4859375
2 0.5234375 0.475 0.5171875 0.475 0.5171875 0.50625 0.5234375 0.50625
2 0.578125 0.45 0.575 0.45 0.575 0.46875 0.578125 0.46875
2 0.525 0.45 0.51875 0.45 0.51875 0.46875 0.525 0.46875
2 0.4390625 0.453125 0.434375 0.453125 0.434375 0.478125 0.4390625 0.478125
2 0.3375000000000001 0.4765625 0.3343750000000001 0.4765625 0.3343750000000001 0.5015625 0.3375000000000001 0.5015625
2 0.4890625 0.4515625 0.4828125 0.4515625 0.4828125 0.4734375 0.4890625 0.4734375
2 0.55 0.4578125 0.54375 0.4578125 0.54375 0.4859375 0.55 0.4859375
2 0.5890625 0.4484375 0.584375 0.4484375 0.584375 0.471875 0.5890625 0.471875
2 0.63125 0.4515625 0.6265625 0.4515625 0.6265625 0.4765625 0.63125 0.4765625
2 0.5921875 0.4578125 0.5875 0.4578125 0.5875 0.484375 0.5921875 0.484375
2 0.665625 0.4640625 0.6609375 0.4640625 0.6609375 0.4953125 0.665625 0.4953125
0 0.490625 0.465625 0.4875 0.465625 0.4875 0.471875 0.490625 0.471875
2 0.5953125 0.453125 0.5890625 0.453125 0.5890625 0.4765625 0.5953125 0.4765625
2 0.7703125 0.4703125000000002 0.7671875 0.4703125000000002 0.7671875 0.49531250000000016 0.7703125 0.49531250000000016