0 0.6421875 0.4515625 0.640625 0.4515625 0.640625 0.4578125 0.6421875 0.4578125
2 0.6921875 0.465625 0.6875 0.465625 0.6875 0.490625 0.6921875 0.490625
2 0.7234375 0.4703125 0.71875 0.4703125 0.71875 0.5 0.7234375 0.5
2 0.565625 0.490625 0.55625 0.490625 0.55625 0.5390625 0.565625 0.5390625
2 0.4875 0.453125 0.48125 0.453125 0.48125 0.49375 0.4875 0.49375
2 0.3062500000000001 0.471875 0.3031250000000001 0.471875 0.3031250000000001 0.5015625 0.3062500000000001 0.5015625
2 0.53125 0.440625 0.525 0.440625 0.525 0.4703125 0.53125 0.4703125
2 0.653125 0.4546875 0.6484375 0.4546875 0.6484375 0.4796875 0.653125 0.4796875
2 0.6078125 0.4546875 0.6015625 0.4546875 0.6015625 0.484375 0.6078125 0.484375
2 0.6671875 0.45 0.6640625 0.45 0.6640625 0.471875 0.6671875 0.471875
2 0.6703125 0.4453125 0.665625 0.4453125 0.665625 0.46875 0.6703125 0.46875
2 0.615625 0.4421875 0.6109375 0.4421875 0.6109375 0.46875 0.615625 0.46875
2 0.6859375 0.459375 0.68125 0.459375 0.68125 0.48125 0.6859375 0.48125
2 0.5515625 0.4515625 0.5453125 0.4515625 0.5453125 0.484375 0.5515625 0.484375
2 0.7203125 0.534375 0.7125 0.534375 0.7125 0.5921875 0.7203125 0.5921875
2 0.6625 0.453125 0.6578125 0.453125 0.6578125 0.475 0.6625 0.475
2 0.6125 0.4421875 0.609375 0.4421875 0.609375 0.4640625 0.6125 0.4640625
2 0.665625 0.459375 0.659375 0.459375 0.659375 0.484375 0.665625 0.484375
2 0.6328125 0.45625 0.6265625 0.45625 0.6265625 0.4875 0.6328125 0.4875
2 0.634375 0.45 0.6296875 0.45 0.6296875 0.4734375 0.634375 0.4734375
2 0.684375 0.4515625 0.68125 0.4515625 0.68125 0.4734375 0.684375 0.4734375
2 0.790625 0.4734375000000002 0.7875 0.4734375000000002 0.7875 0.49531250000000016 0.790625 0.49531250000000016
2 0.6828125 0.4484375 0.6796875 0.4484375 0.6796875 0.4640625 0.6828125 0.4640625
2 0.634375 0.4359375 0.6296875 0.4359375 0.6296875 0.45 0.634375 0.45