0 0.6546875 0.4546875 0.6515625 0.4546875 0.6515625 0.4625 0.6546875 0.4625
2 0.521875 0.4453125 0.515625 0.4453125 0.515625 0.4796875 0.521875 0.4796875
2 0.70625 0.475 0.7015625 0.475 0.7015625 0.509375 0.70625 0.509375
2 0.4953125 0.4890625 0.484375 0.4890625 0.484375 0.5453125 0.4953125 0.5453125
2 0.646875 0.45625 0.6421875 0.45625 0.6421875 0.484375 0.646875 0.484375
2 0.4890625 0.4578125 0.4796875 0.4578125 0.4796875 0.5015625 0.4890625 0.5015625
2 0.6609375 0.4703125 0.6546875 0.4703125 0.6546875 0.5015625 0.6609375 0.5015625
2 0.6671875 0.45625 0.6625 0.45625 0.6625 0.4828125 0.6671875 0.4828125
2 0.5859375 0.459375 0.5796875 0.459375 0.5796875 0.4921875 0.5859375 0.4921875
2 0.6984375 0.465625 0.6921875 0.465625 0.6921875 0.49375 0.6984375 0.49375
2 0.64375 0.4640625 0.6375 0.4640625 0.6375 0.4953125 0.64375 0.4953125
2 0.30156250000000007 0.471875 0.2968750000000001 0.471875 0.2968750000000001 0.503125 0.30156250000000007 0.503125
2 0.615625 0.4546875 0.609375 0.4546875 0.609375 0.4890625 0.615625 0.4890625
2 0.6453125 0.571875 0.6328125 0.571875 0.6328125 0.64375 0.6453125 0.64375
2 0.5578125 0.4578125 0.5515625 0.4578125 0.5515625 0.4921875 0.5578125 0.4921875
2 0.528125 0.434375 0.5234375 0.434375 0.5234375 0.4625 0.528125 0.4625
2 0.6359375 0.4609375 0.628125 0.4609375 0.628125 0.490625 0.6359375 0.490625
2 0.6109375 0.4296875 0.60625 0.4296875 0.60625 0.453125 0.6109375 0.453125
2 0.6 0.446875 0.5953125 0.446875 0.5953125 0.471875 0.6 0.471875
2 0.6375 0.4390625 0.6328125 0.4390625 0.6328125 0.4640625 0.6375 0.4640625
2 0.571875 0.4328125 0.565625 0.4328125 0.565625 0.4609375 0.571875 0.4609375
2 0.665625 0.4515625 0.6609375 0.4515625 0.6609375 0.4796875 0.665625 0.4796875
2 0.796875 0.4734375000000002 0.7921875 0.4734375000000002 0.7921875 0.4968750000000002 0.796875 0.4968750000000002