0 0.6796875 0.4609375 0.678125 0.4609375 0.678125 0.4671875 0.6796875 0.4671875
2 0.521875 0.44375 0.515625 0.44375 0.515625 0.48125 0.521875 0.48125
2 0.5890625 0.4578125 0.58125 0.4578125 0.58125 0.4953125 0.5890625 0.4953125
2 0.5609375 0.4578125 0.553125 0.4578125 0.553125 0.4921875 0.5609375 0.4921875
2 0.61875 0.4546875 0.6125 0.4546875 0.6125 0.4890625 0.61875 0.4890625
2 0.665625 0.4703125 0.6609375 0.4703125 0.6609375 0.5015625 0.665625 0.5015625
2 0.64375 0.4625 0.6375 0.4625 0.6375 0.49375 0.64375 0.49375
2 0.4859375 0.4578125 0.4796875 0.4578125 0.4796875 0.503125 0.4859375 0.503125
2 0.6328125 0.4578125 0.625 0.4578125 0.625 0.4875 0.6328125 0.4875
2 0.7109375 0.4734375 0.7046875 0.4734375 0.7046875 0.5109375 0.7109375 0.5109375
2 0.6484375 0.4546875 0.6453125 0.4546875 0.6453125 0.4859375 0.6484375 0.4859375
2 0.6015625 0.446875 0.596875 0.446875 0.596875 0.4734375 0.6015625 0.4734375
2 0.609375 0.4296875 0.6046875 0.4296875 0.6046875 0.4515625 0.609375 0.4515625
2 0.7046875 0.465625 0.7 0.465625 0.7 0.4953125 0.7046875 0.4953125
2 0.5125 0.4953125 0.5 0.4953125 0.5 0.5484375 0.5125 0.5484375
2 0.5703125 0.4390625 0.5640625 0.4390625 0.5640625 0.4609375 0.5703125 0.4609375
2 0.30156250000000007 0.471875 0.2968750000000001 0.471875 0.2968750000000001 0.5046875 0.30156250000000007 0.5046875
2 0.6734375 0.4578125 0.665625 0.4578125 0.665625 0.484375 0.6734375 0.484375
2 0.646875 0.459375 0.6421875 0.459375 0.6421875 0.490625 0.646875 0.490625
2 0.6515625 0.5640625 0.6375 0.5640625 0.6375 0.634375 0.6515625 0.634375
2 0.6375 0.44375 0.634375 0.44375 0.634375 0.465625 0.6375 0.465625
2 0.521875 0.4328125 0.5171875 0.4328125 0.5171875 0.4453125 0.521875 0.4453125
2 0.66875 0.45 0.6640625 0.45 0.6640625 0.48125 0.66875 0.48125
2 0.796875 0.47187500000000016 0.79375 0.47187500000000016 0.79375 0.4937500000000002 0.796875 0.4937500000000002