0 0.7078125 0.475 0.70625 0.475 0.70625 0.48125 0.7078125 0.48125
2 0.6234375 0.459375 0.61875 0.459375 0.61875 0.49375 0.6234375 0.49375
2 0.5625 0.459375 0.5546875 0.459375 0.5546875 0.496875 0.5625 0.496875
2 0.484375 0.4609375 0.4765625 0.4609375 0.4765625 0.5078125 0.484375 0.5078125
2 0.59375 0.4609375 0.5875 0.4609375 0.5875 0.5 0.59375 0.5
2 0.6859375 0.4640625 0.6796875 0.4640625 0.6796875 0.4921875 0.6859375 0.4921875
2 0.721875 0.4828125 0.715625 0.4828125 0.715625 0.5171875 0.721875 0.5171875
2 0.5234375 0.4484375 0.5171875 0.4484375 0.5171875 0.4828125 0.5234375 0.4828125
2 0.5234375 0.5 0.515625 0.5 0.515625 0.5578125 0.5234375 0.5578125
2 0.653125 0.4609375 0.6484375 0.4609375 0.6484375 0.4921875 0.653125 0.4921875
2 0.5171875 0.4375 0.5109375 0.4375 0.5109375 0.4640625 0.5171875 0.4640625
2 0.6734375 0.5609375 0.659375 0.5609375 0.659375 0.61875 0.6734375 0.61875
2 0.7140625 0.46875 0.7078125 0.46875 0.7078125 0.5 0.7140625 0.5
2 0.3000000000000001 0.475 0.2953125000000001 0.475 0.2953125000000001 0.50625 0.3000000000000001 0.50625
2 0.6765625 0.4734375 0.6703125 0.4734375 0.6703125 0.50625 0.6765625 0.50625
2 0.5671875 0.43125 0.5625 0.43125 0.5625 0.459375 0.5671875 0.459375
2 0.6390625 0.459375 0.634375 0.459375 0.634375 0.490625 0.6390625 0.490625
2 0.6734375 0.4546875 0.66875 0.4546875 0.66875 0.4828125 0.6734375 0.4828125
2 0.603125 0.446875 0.5984375 0.446875 0.5984375 0.478125 0.603125 0.478125
2 0.64375 0.4609375 0.6375 0.4609375 0.6375 0.4984375 0.64375 0.4984375
2 0.6109375 0.4328125 0.60625 0.4328125 0.60625 0.4546875 0.6109375 0.4546875
2 0.6515625 0.45625 0.6484375 0.45625 0.6484375 0.4859375 0.6515625 0.4859375
2 0.796875 0.47187500000000016 0.7921875 0.47187500000000016 0.7921875 0.4968750000000002 0.796875 0.4968750000000002
2 0.6421875 0.440625 0.6375 0.440625 0.6375 0.4640625 0.6421875 0.4640625