0 0.59375 0.45625 0.590625 0.45625 0.590625 0.465625 0.59375 0.465625
2 0.7078125 0.4890625 0.7015625 0.4890625 0.7015625 0.5296875 0.7078125 0.5296875
2 0.734375 0.4750000000000002 0.7296875 0.4750000000000002 0.7296875 0.5078125000000002 0.734375 0.5078125000000002
2 0.675 0.48125 0.66875 0.48125 0.66875 0.521875 0.675 0.521875
2 0.2968750000000001 0.4796875 0.2906250000000001 0.4796875 0.2906250000000001 0.5125 0.2968750000000001 0.5125
2 0.596875 0.4734375 0.5890625 0.4734375 0.5890625 0.51875 0.596875 0.51875
2 0.440625 0.4796875 0.43125 0.4796875 0.43125 0.534375 0.440625 0.534375
2 0.715625 0.471875 0.7109375 0.471875 0.7109375 0.50625 0.715625 0.50625
2 0.496875 0.4421875 0.490625 0.4421875 0.490625 0.4703125 0.496875 0.4703125
2 0.4921875 0.4515625 0.484375 0.4515625 0.484375 0.490625 0.4921875 0.490625
2 0.65625 0.459375 0.6515625 0.459375 0.6515625 0.4890625 0.65625 0.4890625
2 0.54375 0.4390625 0.5375 0.4390625 0.5375 0.45625 0.54375 0.45625
2 0.6640625 0.4640625 0.6578125 0.4640625 0.6578125 0.49375 0.6640625 0.49375
2 0.759375 0.5093750000000001 0.7515625 0.5093750000000001 0.7515625 0.5500000000000002 0.759375 0.5500000000000002
2 0.6046875 0.4328125 0.6 0.4328125 0.6 0.4578125 0.6046875 0.4578125
2 0.65 0.46875 0.6453125 0.46875 0.6453125 0.5109375 0.65 0.5109375
2 0.640625 0.4421875 0.6359375 0.4421875 0.6359375 0.465625 0.640625 0.465625
2 0.5484375 0.4765625 0.540625 0.4765625 0.540625 0.5203125 0.5484375 0.5203125
2 0.621875 0.4796875 0.6140625 0.4796875 0.6140625 0.525 0.621875 0.525
2 0.6046875 0.453125 0.5984375 0.453125 0.5984375 0.490625 0.6046875 0.490625
2 0.684375 0.453125 0.68125 0.453125 0.68125 0.4796875 0.684375 0.4796875
2 0.69375 0.565625 0.68125 0.565625 0.68125 0.6390625 0.69375 0.6390625
2 0.5140625 0.5078125 0.4984375 0.5078125 0.4984375 0.5625 0.5140625 0.5625
2 0.7953125 0.4703125000000002 0.790625 0.4703125000000002 0.790625 0.49218750000000017 0.7953125 0.49218750000000017