0 0.559375 0.521875 0.5546875 0.521875 0.5546875 0.53125 0.559375 0.53125
2 0.646875 0.4734375 0.6421875 0.4734375 0.6421875 0.5140625 0.646875 0.5140625
2 0.7171875 0.4765625 0.7109375 0.4765625 0.7109375 0.509375 0.7171875 0.509375
2 0.4296875 0.48125 0.421875 0.48125 0.421875 0.5375 0.4296875 0.5375
2 0.59375 0.4796875 0.584375 0.4796875 0.584375 0.5265625 0.59375 0.5265625
2 0.7046875 0.4953125 0.6984375 0.4953125 0.6984375 0.5375 0.7046875 0.5375
2 0.490625 0.44375 0.484375 0.44375 0.484375 0.4734375 0.490625 0.4734375
2 0.6125 0.4796875 0.603125 0.4796875 0.603125 0.5359375 0.6125 0.5359375
2 0.68125 0.45625 0.678125 0.45625 0.678125 0.4828125 0.68125 0.4828125
2 0.6609375 0.4625 0.6546875 0.4625 0.6546875 0.5 0.6609375 0.5
2 0.653125 0.4609375 0.65 0.4609375 0.65 0.4921875 0.653125 0.4921875
2 0.675 0.4859375 0.66875 0.4859375 0.66875 0.5265625 0.675 0.5265625
2 0.7921875 0.4734375000000002 0.7890625 0.4734375000000002 0.7890625 0.4968750000000002 0.7921875 0.4968750000000002
2 0.484375 0.4578125 0.475 0.4578125 0.475 0.496875 0.484375 0.496875
2 0.54375 0.4859375 0.5328125 0.4859375 0.5328125 0.528125 0.54375 0.528125
2 0.734375 0.4781250000000002 0.7296875 0.4781250000000002 0.7296875 0.5156250000000002 0.734375 0.5156250000000002
2 0.6375 0.4421875 0.634375 0.4421875 0.634375 0.4671875 0.6375 0.4671875
2 0.4953125 0.50625 0.484375 0.50625 0.484375 0.565625 0.4953125 0.565625
2 0.753125 0.5125000000000002 0.746875 0.5125000000000002 0.746875 0.5546875000000002 0.753125 0.5546875000000002
2 0.6703125 0.5625 0.653125 0.5625 0.653125 0.625 0.6703125 0.625
2 0.29375000000000007 0.478125 0.2875000000000001 0.478125 0.2875000000000001 0.5125 0.29375000000000007 0.5125
2 0.603125 0.434375 0.5984375 0.434375 0.5984375 0.4578125 0.603125 0.4578125
2 0.6015625 0.4578125 0.5953125 0.4578125 0.5953125 0.4921875 0.6015625 0.4921875
2 0.540625 0.4328125 0.5359375 0.4328125 0.5359375 0.4578125 0.540625 0.4578125