0 0.5515625 0.503125 0.546875 0.503125 0.546875 0.5109375 0.5515625 0.5109375
2 0.734375 0.47968750000000016 0.7296875 0.47968750000000016 0.7296875 0.5187500000000002 0.734375 0.5187500000000002
2 0.7171875 0.4765625 0.7109375 0.4765625 0.7109375 0.5109375 0.7171875 0.5109375
2 0.68125 0.45625 0.678125 0.45625 0.678125 0.484375 0.68125 0.484375
2 0.646875 0.4734375 0.6421875 0.4734375 0.6421875 0.5140625 0.646875 0.5140625
2 0.703125 0.49375 0.696875 0.49375 0.696875 0.5359375 0.703125 0.5359375
2 0.490625 0.5140625 0.475 0.5140625 0.475 0.5640625 0.490625 0.5640625
2 0.659375 0.46875 0.6546875 0.46875 0.6546875 0.5 0.659375 0.5
2 0.753125 0.5109375000000002 0.7453125 0.5109375000000002 0.7453125 0.5546875000000002 0.753125 0.5546875000000002
2 0.653125 0.4609375 0.6484375 0.4609375 0.6484375 0.4921875 0.653125 0.4921875
2 0.5921875 0.484375 0.5828125 0.484375 0.5828125 0.5296875 0.5921875 0.5296875
2 0.4796875 0.4578125 0.471875 0.4578125 0.471875 0.496875 0.4796875 0.496875
2 0.6015625 0.4359375 0.596875 0.4359375 0.596875 0.459375 0.6015625 0.459375
2 0.425 0.4859375 0.41875 0.4859375 0.41875 0.5421875 0.425 0.5421875
2 0.29375000000000007 0.4828125 0.2875000000000001 0.4828125 0.2875000000000001 0.515625 0.29375000000000007 0.515625
2 0.6734375 0.4859375 0.6671875 0.4859375 0.6671875 0.528125 0.6734375 0.528125
2 0.6625 0.559375 0.646875 0.559375 0.646875 0.621875 0.6625 0.621875
2 0.609375 0.4859375 0.6 0.4859375 0.6 0.5359375 0.609375 0.5359375
2 0.4890625 0.44375 0.48125 0.44375 0.48125 0.4734375 0.4890625 0.4734375
2 0.6 0.459375 0.59375 0.459375 0.59375 0.490625 0.6 0.490625
2 0.540625 0.4875 0.5296875 0.4875 0.5296875 0.5296875 0.540625 0.5296875
2 0.6375 0.4421875 0.634375 0.4421875 0.634375 0.4671875 0.6375 0.4671875
2 0.7921875 0.4734375000000002 0.7890625 0.4734375000000002 0.7890625 0.4984375000000002 0.7921875 0.4984375000000002
2 0.5390625 0.434375 0.534375 0.434375 0.534375 0.4625 0.5390625 0.4625