0 0.521875 0.453125 0.5171875 0.453125 0.5171875 0.4625 0.521875 0.4625
2 0.7171875 0.475 0.7125 0.475 0.7125 0.5125 0.7171875 0.5125
2 0.7 0.496875 0.69375 0.496875 0.69375 0.5390625 0.7 0.5390625
2 0.4125 0.484375 0.4046875 0.484375 0.4046875 0.5375 0.4125 0.5375
2 0.584375 0.4875 0.575 0.4875 0.575 0.5359375 0.584375 0.5359375
2 0.7328125 0.4812500000000002 0.728125 0.4812500000000002 0.728125 0.5187500000000002 0.7328125 0.5187500000000002
2 0.628125 0.5453125 0.615625 0.5453125 0.615625 0.609375 0.628125 0.609375
2 0.4828125 0.44375 0.475 0.44375 0.475 0.4734375 0.4828125 0.4734375
2 0.6421875 0.4734375 0.6359375 0.4734375 0.6359375 0.5171875 0.6421875 0.5171875
2 0.521875 0.4921875 0.5078125 0.4921875 0.5078125 0.5359375 0.521875 0.5359375
2 0.66875 0.4859375 0.6625 0.4859375 0.6625 0.534375 0.66875 0.534375
2 0.653125 0.465625 0.6484375 0.465625 0.6484375 0.5 0.653125 0.5
2 0.46875 0.45625 0.4609375 0.45625 0.4609375 0.496875 0.46875 0.496875
2 0.634375 0.4421875 0.63125 0.4421875 0.63125 0.4671875 0.634375 0.4671875
2 0.7453125 0.5093750000000001 0.7375 0.5093750000000001 0.7375 0.5546875000000002 0.7453125 0.5546875000000002
2 0.678125 0.45625 0.6734375 0.45625 0.6734375 0.4828125 0.678125 0.4828125
2 0.790625 0.4734375000000002 0.7875 0.4734375000000002 0.7875 0.4968750000000002 0.790625 0.4968750000000002
2 0.6 0.4328125 0.5953125 0.4328125 0.5953125 0.459375 0.6 0.459375
2 0.5953125 0.4890625 0.5859375 0.4890625 0.5859375 0.54375 0.5953125 0.54375
2 0.2890625000000001 0.48125 0.2843750000000001 0.48125 0.2843750000000001 0.5140625 0.2890625000000001 0.5140625
2 0.478125 0.509375 0.4640625 0.509375 0.4640625 0.5640625 0.478125 0.5640625
2 0.5359375 0.43125 0.53125 0.43125 0.53125 0.4609375 0.5359375 0.4609375
2 0.5953125 0.459375 0.5890625 0.459375 0.5890625 0.490625 0.5953125 0.490625
2 0.65 0.459375 0.6453125 0.459375 0.6453125 0.49375 0.65 0.49375