0 0.49375 0.4546875 0.4890625 0.4546875 0.4890625 0.4640625 0.49375 0.4640625
2 0.4609375 0.4578125 0.453125 0.4578125 0.453125 0.496875 0.4609375 0.496875
2 0.403125 0.4859375 0.3921875000000001 0.4859375 0.3921875000000001 0.5359375 0.403125 0.5359375
2 0.715625 0.4734375 0.7109375 0.4734375 0.7109375 0.5109375 0.715625 0.5109375
2 0.5734375 0.4875 0.5640625 0.4875 0.5640625 0.540625 0.5734375 0.540625
2 0.7390625 0.5078125000000002 0.7296875 0.5078125000000002 0.7296875 0.5546875000000002 0.7390625 0.5546875000000002
2 0.640625 0.4734375 0.634375 0.4734375 0.634375 0.5171875 0.640625 0.5171875
2 0.696875 0.5 0.690625 0.5 0.690625 0.5453125 0.696875 0.5453125
2 0.6640625 0.4875 0.6578125 0.4875 0.6578125 0.53125 0.6640625 0.53125
2 0.59375 0.459375 0.5859375 0.459375 0.5859375 0.49375 0.59375 0.49375
2 0.4984375 0.49375 0.484375 0.49375 0.484375 0.54375 0.4984375 0.54375
2 0.534375 0.4296875 0.528125 0.4296875 0.528125 0.459375 0.534375 0.459375
2 0.584375 0.4921875 0.575 0.4921875 0.575 0.5421875 0.584375 0.5421875
2 0.2875000000000001 0.4828125 0.2812500000000001 0.4828125 0.2812500000000001 0.515625 0.2875000000000001 0.515625
2 0.5984375 0.43125 0.5921875 0.43125 0.5921875 0.459375 0.5984375 0.459375
2 0.475 0.4421875 0.46875 0.4421875 0.46875 0.471875 0.475 0.471875
2 0.475 0.50625 0.4578125 0.50625 0.4578125 0.565625 0.475 0.565625
2 0.6765625 0.453125 0.671875 0.453125 0.671875 0.4828125 0.6765625 0.4828125
2 0.65 0.46875 0.64375 0.46875 0.64375 0.5015625 0.65 0.5015625
2 0.7328125 0.47968750000000016 0.7265625 0.47968750000000016 0.7265625 0.5187500000000002 0.7328125 0.5187500000000002
2 0.646875 0.4578125 0.6421875 0.4578125 0.6421875 0.4828125 0.646875 0.4828125
2 0.634375 0.440625 0.63125 0.440625 0.63125 0.4671875 0.634375 0.4671875
2 0.7890625 0.4671875000000002 0.7859375 0.4671875000000002 0.7859375 0.49218750000000017 0.7890625 0.49218750000000017
2 0.6046875 0.5359375 0.590625 0.5359375 0.590625 0.6015625 0.6046875 0.6015625