0 0.4703125 0.496875 0.465625 0.496875 0.465625 0.5046875 0.4703125 0.5046875
2 0.6921875 0.509375 0.6859375 0.509375 0.6859375 0.55625 0.6921875 0.55625
2 0.2828125000000001 0.484375 0.2765625000000001 0.484375 0.2765625000000001 0.515625 0.2828125000000001 0.515625
2 0.3890625000000001 0.4875 0.37968750000000007 0.4875 0.37968750000000007 0.5453125 0.3890625000000001 0.5453125
2 0.4703125 0.4453125 0.4640625 0.4453125 0.4640625 0.475 0.4703125 0.475
2 0.4515625 0.4625 0.44375 0.4625 0.44375 0.5015625 0.4515625 0.5015625
2 0.7296875 0.4828125000000001 0.7234375 0.4828125 0.7234375 0.5203125000000001 0.7296875 0.5203125000000002
2 0.6734375 0.459375 0.66875 0.459375 0.66875 0.4890625 0.6734375 0.4890625
2 0.5578125 0.4890625 0.54375 0.4890625 0.54375 0.546875 0.5578125 0.546875
2 0.471875 0.5109375 0.4578125 0.5109375 0.4578125 0.5734375 0.471875 0.5734375
2 0.7890625 0.4750000000000002 0.7859375 0.4750000000000002 0.7859375 0.4984375000000002 0.7890625 0.4984375000000002
2 0.7296875 0.5140625000000001 0.7234375 0.5140625 0.7234375 0.5625000000000001 0.7296875 0.5625000000000002
2 0.6328125 0.44375 0.6296875 0.44375 0.6296875 0.471875 0.6328125 0.471875
2 0.6578125 0.4921875 0.65 0.4921875 0.65 0.5453125 0.6578125 0.5453125
2 0.590625 0.4671875 0.5828125 0.4671875 0.5828125 0.5015625 0.590625 0.5015625
2 0.56875 0.4953125 0.559375 0.4953125 0.559375 0.5546875 0.56875 0.5546875
2 0.59375 0.440625 0.5890625 0.440625 0.5890625 0.4625 0.59375 0.4625
2 0.6421875 0.4703125 0.6359375 0.4703125 0.6359375 0.503125 0.6421875 0.503125
2 0.5296875 0.4390625 0.521875 0.4390625 0.521875 0.4640625 0.5296875 0.4640625
2 0.7140625 0.478125 0.709375 0.478125 0.709375 0.5171875 0.7140625 0.5171875
2 0.634375 0.48125 0.628125 0.48125 0.628125 0.528125 0.634375 0.528125
2 0.575 0.5375 0.5609375 0.5375 0.5609375 0.5921875 0.575 0.5921875
2 0.4609375 0.5078125 0.4546875 0.5078125 0.4546875 0.540625 0.4609375 0.540625
2 0.6421875 0.4625 0.6375 0.4625 0.6375 0.4875 0.6421875 0.4875