0 0.4734375 0.48125 0.46875 0.48125 0.46875 0.490625 0.4734375 0.490625
2 0.2828125000000001 0.484375 0.2765625000000001 0.484375 0.2765625000000001 0.5171875 0.2828125000000001 0.5171875
2 0.6921875 0.509375 0.684375 0.509375 0.684375 0.55625 0.6921875 0.55625
2 0.7296875 0.4828125000000001 0.7234375 0.4828125 0.7234375 0.5203125000000001 0.7296875 0.5203125000000002
2 0.45 0.4625 0.4421875 0.4625 0.4421875 0.503125 0.45 0.503125
2 0.7890625 0.4750000000000002 0.7859375 0.4750000000000002 0.7859375 0.5000000000000002 0.7890625 0.5000000000000002
2 0.728125 0.5156250000000001 0.721875 0.515625 0.721875 0.5625000000000001 0.728125 0.5625000000000002
2 0.5890625 0.4671875 0.58125 0.4671875 0.58125 0.5 0.5890625 0.5
2 0.38750000000000007 0.4875 0.3781250000000001 0.4875 0.3781250000000001 0.5421875 0.38750000000000007 0.5421875
2 0.46875 0.4453125 0.4625 0.4453125 0.4625 0.4765625 0.46875 0.4765625
2 0.6328125 0.44375 0.6296875 0.44375 0.6296875 0.471875 0.6328125 0.471875
2 0.640625 0.46875 0.634375 0.46875 0.634375 0.503125 0.640625 0.503125
2 0.6734375 0.4578125 0.66875 0.4578125 0.66875 0.4890625 0.6734375 0.4890625
2 0.55625 0.49375 0.5421875 0.49375 0.5421875 0.55 0.55625 0.55
2 0.4734375 0.5046875 0.45625 0.5046875 0.45625 0.575 0.4734375 0.575
2 0.7140625 0.478125 0.709375 0.478125 0.709375 0.5171875 0.7140625 0.5171875
2 0.634375 0.48125 0.628125 0.48125 0.628125 0.5296875 0.634375 0.5296875
2 0.59375 0.4390625 0.5875 0.4390625 0.5875 0.4640625 0.59375 0.4640625
2 0.56875 0.5015625 0.559375 0.5015625 0.559375 0.5453125 0.56875 0.5453125
2 0.65625 0.49375 0.65 0.49375 0.65 0.54375 0.65625 0.54375
2 0.571875 0.5390625 0.55625 0.5390625 0.55625 0.596875 0.571875 0.596875
2 0.5296875 0.434375 0.521875 0.434375 0.521875 0.4640625 0.5296875 0.4640625
2 0.459375 0.5046875 0.45 0.5046875 0.45 0.5546875 0.459375 0.5546875
2 0.6421875 0.4609375 0.6375 0.4609375 0.6375 0.49375 0.6421875 0.49375