0 0.571875 0.4453125 0.56875 0.4453125 0.56875 0.453125 0.571875 0.453125
2 0.6265625 0.459375 0.6203125 0.459375 0.6203125 0.49375 0.6265625 0.49375
2 0.521875 0.5 0.5125 0.5 0.5125 0.55625 0.521875 0.55625
2 0.7078125 0.4796875 0.703125 0.4796875 0.703125 0.5203125 0.7078125 0.5203125
2 0.459375 0.4484375 0.453125 0.4484375 0.453125 0.478125 0.459375 0.478125
2 0.6671875 0.51875 0.659375 0.51875 0.659375 0.578125 0.6671875 0.578125
2 0.665625 0.459375 0.6609375 0.459375 0.6609375 0.496875 0.665625 0.496875
2 0.3859375000000001 0.490625 0.3781250000000001 0.490625 0.3781250000000001 0.54375 0.3859375000000001 0.54375
2 0.553125 0.4984375 0.540625 0.4984375 0.540625 0.5515625 0.553125 0.5515625
2 0.6171875 0.4703125 0.6109375 0.4703125 0.6109375 0.5125 0.6171875 0.5125
2 0.63125 0.446875 0.6265625 0.446875 0.6265625 0.475 0.63125 0.475
2 0.7875 0.47187500000000016 0.784375 0.47187500000000016 0.784375 0.49531250000000016 0.7875 0.49531250000000016
2 0.4609375 0.5171875 0.4484375 0.5171875 0.4484375 0.5875 0.4609375 0.5875
2 0.428125 0.4671875 0.4203125 0.4671875 0.4203125 0.5109375 0.428125 0.5109375
2 0.5515625 0.534375 0.5359375 0.534375 0.5359375 0.6046875 0.5515625 0.6046875
2 0.696875 0.5140625 0.690625 0.5140625 0.690625 0.5671875 0.696875 0.5671875
2 0.71875 0.4859375 0.7125 0.4859375 0.7125 0.528125 0.71875 0.528125
2 0.515625 0.4375 0.509375 0.4375 0.509375 0.4640625 0.515625 0.4640625
2 0.584375 0.4375 0.5796875 0.4375 0.5796875 0.4640625 0.584375 0.4640625
2 0.58125 0.471875 0.5734375 0.471875 0.5734375 0.5109375 0.58125 0.5109375
2 0.2734375000000001 0.4890625 0.27031250000000007 0.4890625 0.27031250000000007 0.5234375 0.2734375000000001 0.5234375
2 0.3656250000000001 0.534375 0.35625000000000007 0.534375 0.35625000000000007 0.5921875 0.3656250000000001 0.5921875
2 0.596875 0.49375 0.5875 0.49375 0.5875 0.5390625 0.596875 0.5390625
2 0.5921875 0.496875 0.5828125 0.496875 0.5828125 0.5515625 0.5921875 0.5515625