0 0.565625 0.4625 0.5625 0.4625 0.5625 0.471875 0.565625 0.471875
2 0.7046875 0.48125 0.6984375 0.48125 0.6984375 0.5203125 0.7046875 0.5203125
2 0.3921875000000001 0.4921875 0.3828125000000001 0.4921875 0.3828125000000001 0.5421875 0.3921875000000001 0.5421875
2 0.615625 0.4734375 0.6078125 0.4734375 0.6078125 0.515625 0.615625 0.515625
2 0.69375 0.5125 0.684375 0.5125 0.684375 0.56875 0.69375 0.56875
2 0.715625 0.4859375 0.7109375 0.4859375 0.7109375 0.5296875 0.715625 0.5296875
2 0.3609375000000001 0.5328125 0.3515625000000001 0.5328125 0.3515625000000001 0.59375 0.3609375000000001 0.59375
2 0.6640625 0.4625 0.659375 0.4625 0.659375 0.496875 0.6640625 0.496875
2 0.515625 0.49375 0.50625 0.49375 0.50625 0.5546875 0.515625 0.5546875
2 0.4546875 0.5203125 0.4390625 0.5203125 0.4390625 0.5859375 0.4546875 0.5859375
2 0.4578125 0.4484375 0.4515625 0.4484375 0.4515625 0.478125 0.4578125 0.478125
2 0.6625 0.51875 0.6546875 0.51875 0.6546875 0.578125 0.6625 0.578125
2 0.6234375 0.4609375 0.61875 0.4609375 0.61875 0.49375 0.6234375 0.49375
2 0.428125 0.46875 0.4140625 0.46875 0.4140625 0.5125 0.428125 0.5125
2 0.553125 0.540625 0.5390625 0.540625 0.5390625 0.603125 0.553125 0.603125
2 0.63125 0.4453125 0.6265625 0.4453125 0.6265625 0.4734375 0.63125 0.4734375
2 0.5140625 0.434375 0.50625 0.434375 0.50625 0.4625 0.5140625 0.4625
2 0.584375 0.4375 0.5796875 0.4375 0.5796875 0.4640625 0.584375 0.4640625
2 0.7859375 0.4734375000000002 0.7828125 0.4734375000000002 0.7828125 0.49531250000000016 0.7859375 0.49531250000000016
2 0.5453125 0.4984375 0.5359375 0.4984375 0.5359375 0.546875 0.5453125 0.546875
2 0.5890625 0.49375 0.5765625 0.49375 0.5765625 0.5421875 0.5890625 0.5421875
2 0.2734375000000001 0.4875 0.27031250000000007 0.4875 0.27031250000000007 0.525 0.2734375000000001 0.525
2 0.578125 0.471875 0.5703125 0.471875 0.5703125 0.5015625 0.578125 0.5015625
2 0.578125 0.484375 0.5703125 0.484375 0.5703125 0.534375 0.578125 0.534375