0 0.55 0.4421875 0.5453125 0.4421875 0.5453125 0.4515625 0.55 0.4515625
2 0.4578125 0.4484375 0.45 0.4484375 0.45 0.478125 0.4578125 0.478125
2 0.6234375 0.4609375 0.6171875 0.4609375 0.6171875 0.49375 0.6234375 0.49375
2 0.3609375000000001 0.5328125 0.34843750000000007 0.5328125 0.34843750000000007 0.5921875 0.3609375000000001 0.5921875
2 0.7046875 0.48125 0.7 0.48125 0.7 0.5203125 0.7046875 0.5203125
2 0.3937500000000001 0.4890625 0.3859375000000001 0.4890625 0.3859375000000001 0.54375 0.3937500000000001 0.54375
2 0.69375 0.5203125 0.684375 0.5203125 0.684375 0.5703125 0.69375 0.5703125
2 0.6625 0.4625 0.6578125 0.4625 0.6578125 0.496875 0.6625 0.496875
2 0.615625 0.471875 0.6078125 0.471875 0.6078125 0.515625 0.615625 0.515625
2 0.4515625 0.5203125 0.4375 0.5203125 0.4375 0.590625 0.4515625 0.590625
2 0.421875 0.46875 0.4125 0.46875 0.4125 0.5109375 0.421875 0.5109375
2 0.54375 0.4984375 0.534375 0.4984375 0.534375 0.5515625 0.54375 0.5515625
2 0.5828125 0.4875 0.575 0.4875 0.575 0.54375 0.5828125 0.54375
2 0.63125 0.446875 0.6265625 0.446875 0.6265625 0.475 0.63125 0.475
2 0.7859375 0.4734375000000002 0.7828125 0.4734375000000002 0.7828125 0.49531250000000016 0.7859375 0.49531250000000016
2 0.6625 0.5203125 0.6546875 0.5203125 0.6546875 0.578125 0.6625 0.578125
2 0.584375 0.4359375 0.5796875 0.4359375 0.5796875 0.4640625 0.584375 0.4640625
2 0.5125 0.4375 0.503125 0.4375 0.503125 0.465625 0.5125 0.465625
2 0.715625 0.484375 0.709375 0.484375 0.709375 0.5296875 0.715625 0.5296875
2 0.553125 0.540625 0.5390625 0.540625 0.5390625 0.6125 0.553125 0.6125
2 0.5140625 0.49375 0.5015625 0.49375 0.5015625 0.5515625 0.5140625 0.5515625
2 0.2718750000000001 0.4875 0.2687500000000001 0.4875 0.2687500000000001 0.525 0.2718750000000001 0.525
2 0.5734375 0.4875 0.5640625 0.4875 0.5640625 0.5421875 0.5734375 0.5421875
2 0.5765625 0.4734375 0.5703125 0.4734375 0.5703125 0.4984375 0.5765625 0.4984375