0 0.3296875000000001 0.4984375 0.3281250000000001 0.4984375 0.3281250000000001 0.5015625 0.3296875000000001 0.5015625
2 0.32500000000000007 0.475 0.3203125000000001 0.475 0.3203125000000001 0.509375 0.32500000000000007 0.509375
2 0.628125 0.484375 0.6203125 0.484375 0.6203125 0.5296875 0.628125 0.5296875
2 0.4609375 0.4625 0.4484375 0.4625 0.4484375 0.5015625 0.4609375 0.5015625
2 0.3156250000000001 0.5328125 0.3078125000000001 0.5328125 0.3078125000000001 0.590625 0.3156250000000001 0.590625
2 0.3468750000000001 0.45625 0.34062500000000007 0.45625 0.34062500000000007 0.484375 0.3468750000000001 0.484375
2 0.415625 0.4859375 0.4078125 0.4859375 0.4078125 0.534375 0.415625 0.534375
2 0.6 0.4734375 0.5921875 0.4734375 0.5921875 0.5203125 0.6 0.5203125
2 0.4828125 0.4703125 0.475 0.4703125 0.475 0.51875 0.4828125 0.51875
2 0.53125 0.434375 0.521875 0.434375 0.521875 0.4578125 0.53125 0.4578125
2 0.3062500000000001 0.4953125 0.3000000000000001 0.4953125 0.3000000000000001 0.5484375 0.3062500000000001 0.5484375
2 0.2796875000000001 0.55 0.2718750000000001 0.55 0.2718750000000001 0.6109375 0.2796875000000001 0.6109375
2 0.3781250000000001 0.48125 0.37187500000000007 0.48125 0.37187500000000007 0.5296875 0.3781250000000001 0.5296875
2 0.4109375 0.45 0.40625 0.45 0.40625 0.4765625 0.4109375 0.4765625
2 0.54375 0.4578125 0.5359375 0.4578125 0.5359375 0.4921875 0.54375 0.4921875
2 0.55625 0.45625 0.5484375 0.45625 0.5484375 0.496875 0.55625 0.496875
2 0.2328125000000001 0.484375 0.22812500000000008 0.484375 0.22812500000000008 0.5125 0.2328125000000001 0.5125
2 0.3125000000000001 0.4890625 0.3062500000000001 0.4890625 0.3062500000000001 0.51875 0.3125000000000001 0.51875
2 0.7609375 0.47187500000000016 0.75625 0.47187500000000016 0.75625 0.49531250000000016 0.7609375 0.49531250000000016
2 0.4875 0.48125 0.4796875 0.48125 0.4796875 0.5265625 0.4875 0.5265625
2 0.590625 0.5390625 0.5765625 0.5390625 0.5765625 0.6015625 0.590625 0.6015625
2 0.55 0.4421875 0.5421875 0.4421875 0.5421875 0.4703125 0.55 0.4703125
2 0.4421875 0.475 0.434375 0.475 0.434375 0.5171875 0.4421875 0.5171875
2 0.58125 0.5203125 0.5703125 0.5203125 0.5703125 0.5734375 0.58125 0.5734375