0 0.3296875000000001 0.496875 0.3281250000000001 0.496875 0.3281250000000001 0.503125 0.3296875000000001 0.503125
2 0.628125 0.4828125 0.6171875 0.4828125 0.6171875 0.5296875 0.628125 0.5296875
2 0.459375 0.4625 0.4484375 0.4625 0.4484375 0.5015625 0.459375 0.5015625
2 0.5546875 0.45625 0.546875 0.45625 0.546875 0.496875 0.5546875 0.496875
2 0.415625 0.4875 0.4078125 0.4875 0.4078125 0.534375 0.415625 0.534375
2 0.3062500000000001 0.4953125 0.3000000000000001 0.4953125 0.3000000000000001 0.5484375 0.3062500000000001 0.5484375
2 0.53125 0.4359375 0.5234375 0.4359375 0.5234375 0.4578125 0.53125 0.4578125
2 0.32500000000000007 0.475 0.3187500000000001 0.475 0.3187500000000001 0.509375 0.32500000000000007 0.509375
2 0.3140625000000001 0.4859375 0.30937500000000007 0.4859375 0.30937500000000007 0.515625 0.3140625000000001 0.515625
2 0.4109375 0.45 0.4046875 0.45 0.4046875 0.4765625 0.4109375 0.4765625
2 0.3156250000000001 0.53125 0.3078125000000001 0.53125 0.3078125000000001 0.590625 0.3156250000000001 0.590625
2 0.4828125 0.4703125 0.475 0.4703125 0.475 0.5171875 0.4828125 0.5171875
2 0.546875 0.44375 0.540625 0.44375 0.540625 0.4703125 0.546875 0.4703125
2 0.27812500000000007 0.5484375 0.27031250000000007 0.5484375 0.27031250000000007 0.6125 0.27812500000000007 0.6125
2 0.2328125000000001 0.484375 0.22812500000000008 0.484375 0.22812500000000008 0.5125 0.2328125000000001 0.5125
2 0.540625 0.4578125 0.534375 0.4578125 0.534375 0.4921875 0.540625 0.4921875
2 0.7609375 0.4703125000000002 0.75625 0.4703125000000002 0.75625 0.4968750000000002 0.7609375 0.4968750000000002
2 0.596875 0.4734375 0.590625 0.4734375 0.590625 0.521875 0.596875 0.521875
2 0.590625 0.5390625 0.578125 0.5390625 0.578125 0.6015625 0.590625 0.6015625
2 0.3468750000000001 0.4546875 0.34062500000000007 0.4546875 0.34062500000000007 0.484375 0.3468750000000001 0.484375
2 0.3765625000000001 0.4828125 0.3703125000000001 0.4828125 0.3703125000000001 0.528125 0.3765625000000001 0.528125
2 0.4859375 0.475 0.4765625 0.475 0.4765625 0.528125 0.4859375 0.528125
2 0.58125 0.51875 0.5703125 0.51875 0.5703125 0.590625 0.58125 0.590625
2 0.4421875 0.4734375 0.434375 0.4734375 0.434375 0.515625 0.4421875 0.515625