2 0.5625 0.3359375000000001 0.5515625 0.3359375000000001 0.5515625 0.3671875000000001 0.5625 0.3671875000000001
2 0.38593750000000004 0.35625000000000007 0.3765625 0.35625000000000007 0.3765625 0.3968750000000001 0.3859375000000001 0.3968750000000001
2 0.6359375 0.3656250000000001 0.625 0.3656250000000001 0.625 0.403125 0.6359375 0.403125
2 0.4 0.3703125000000001 0.3906250000000001 0.3703125000000001 0.3906250000000001 0.4140625 0.4 0.4140625
2 0.3984375000000001 0.4078125 0.3890625000000001 0.4078125 0.3890625000000001 0.453125 0.3984375000000001 0.453125
2 0.440625 0.41875 0.421875 0.41875 0.421875 0.4703125 0.440625 0.4703125
2 0.43125 0.4578125 0.415625 0.4578125 0.415625 0.5125 0.43125 0.5125
2 0.3140625000000001 0.475 0.3000000000000001 0.475 0.3000000000000001 0.528125 0.3140625000000001 0.528125
2 0.6546875 0.3968750000000001 0.640625 0.3968750000000001 0.640625 0.440625 0.6546875 0.440625
2 0.3890625000000001 0.4359375 0.3687500000000001 0.4359375 0.3687500000000001 0.4890625 0.3890625000000001 0.4890625
3 0.4640625 0.4421875 0.4515625 0.4421875 0.4515625 0.49375 0.4640625 0.49375
1 0.853125 0.4078125000000002 0.840625 0.4078125000000002 0.840625 0.4546875000000002 0.853125 0.4546875000000002
1 0.07187500000000005 0.4 0.05625000000000004 0.4 0.05625000000000004 0.453125 0.07187500000000005 0.453125
2 0.58125 0.4921875 0.5703125 0.4921875 0.5703125 0.5484375 0.58125 0.5484375
3 0.8203125 0.7796875000000002 0.7921875000000002 0.7796875000000002 0.7921875000000002 0.8765625 0.8203125 0.8765625
2 0.7734375 0.5468750000000002 0.759375 0.5468750000000002 0.759375 0.6125000000000002 0.7734375 0.6125000000000002
0 0.8453125 0.44062500000000016 0.8390625 0.44062500000000016 0.8390625 0.4515625000000002 0.8453125 0.4515625000000002
2 0.634375 0.3468750000000001 0.625 0.3468750000000001 0.625 0.3828125000000001 0.634375 0.3828125000000001
2 0.3671875000000001 0.39687500000000003 0.35625000000000007 0.396875 0.35625000000000007 0.4421875 0.3671875000000001 0.4421875
2 0.3468750000000001 0.3953125 0.3359375000000001 0.3953125 0.3359375000000001 0.434375 0.3468750000000001 0.434375
2 0.3593750000000001 0.39375 0.3500000000000001 0.39375 0.3500000000000001 0.4390625 0.3593750000000001 0.4390625
2 0.3531250000000001 0.3796875 0.3437500000000001 0.3796875 0.3437500000000001 0.421875 0.3531250000000001 0.421875
2 0.3468750000000001 0.4328125 0.33281250000000007 0.4328125 0.33281250000000007 0.4796875 0.3468750000000001 0.4796875
2 0.3375000000000001 0.4265625 0.3281250000000001 0.4265625 0.3281250000000001 0.46875 0.3375000000000001 0.46875
2 0.3359375000000001 0.4109375 0.3265625000000001 0.4109375 0.3265625000000001 0.45 0.3359375000000001 0.45
3 0.40625 0.31718750000000007 0.4 0.31718750000000007 0.4 0.3468750000000001 0.40625 0.3468750000000001