2 0.43125 0.3703125000000001 0.41875 0.3703125000000001 0.41875 0.3968750000000001 0.43125 0.3968750000000001
2 0.28593750000000007 0.45 0.2765625000000001 0.45 0.2765625000000001 0.490625 0.28593750000000007 0.490625
2 0.2078125000000001 0.4609375 0.19687500000000005 0.4609375 0.19687500000000005 0.503125 0.2078125000000001 0.503125
2 0.5015625 0.4109375 0.490625 0.4109375 0.490625 0.4453125 0.5015625 0.4453125
2 0.5640625 0.4046875 0.553125 0.4046875 0.553125 0.440625 0.5640625 0.440625
2 0.08281250000000007 0.5421875 0.07031250000000007 0.5421875 0.07031250000000007 0.59375 0.08281250000000007 0.59375
2 0.6453125 0.478125 0.63125 0.478125 0.63125 0.5234375 0.6453125 0.5234375
2 0.890625 0.4937500000000002 0.8796875 0.4937500000000002 0.8796875 0.5437500000000002 0.890625 0.5437500000000002
2 0.19843750000000004 0.4875 0.18906250000000005 0.4875 0.18906250000000005 0.53125 0.19843750000000004 0.53125
3 0.4078125 0.4578125 0.3921875000000001 0.4578125 0.3921875000000001 0.5015625 0.4078125 0.5015625
2 0.446875 0.4484375 0.4375 0.4484375 0.4375 0.4890625 0.446875 0.4890625
2 0.6734375 0.4671875 0.6625 0.4671875 0.6625 0.5109375 0.6734375 0.5109375
2 0.8421875 0.5515625000000002 0.828125 0.5515625000000002 0.828125 0.6125000000000002 0.8421875 0.6125000000000002
2 0.4390625 0.5875 0.4203125 0.5875 0.4203125 0.6421875 0.4390625 0.6421875
2 0.2718750000000001 0.528125 0.2562500000000001 0.528125 0.2562500000000001 0.5796875 0.2718750000000001 0.5796875
2 0.8671875 0.5546875000000002 0.853125 0.5546875000000002 0.853125 0.6109375000000001 0.8671875 0.6109375000000001
2 0.53125 0.571875 0.5109375 0.571875 0.5109375 0.63125 0.53125 0.63125
1 0.9171875 0.7890625000000002 0.8953125 0.7890625000000002 0.8953125 0.878125 0.9171875 0.878125
3 0.478125 0.32500000000000007 0.4703125 0.32500000000000007 0.4703125 0.3515625000000001 0.478125 0.3515625000000001
2 0.3734375000000001 0.39843750000000006 0.3609375000000001 0.3984375 0.3609375000000001 0.4359375 0.3734375000000001 0.4359375
2 0.3656250000000001 0.39843750000000006 0.3515625000000001 0.3984375 0.3515625000000001 0.4296875 0.3656250000000001 0.4296875
2 0.3234375000000001 0.40625 0.3109375000000001 0.40625 0.3109375000000001 0.4421875 0.3234375000000001 0.4421875
2 0.30937500000000007 0.4046875 0.2968750000000001 0.4046875 0.2968750000000001 0.4421875 0.30937500000000007 0.4421875
1 0.2796875000000001 0.3921875 0.2718750000000001 0.3921875 0.2718750000000001 0.43125 0.2796875000000001 0.43125