3 0.15937500000000004 0.3109375 0.15000000000000005 0.3109375 0.15000000000000005 0.346875 0.15937500000000004 0.346875
2 0.35625 0.31875 0.3421875 0.31875 0.3421875 0.353125 0.35625 0.353125
2 0.365625 0.31875000000000003 0.3546875 0.31875 0.3546875 0.35625000000000007 0.365625 0.35625000000000007
2 0.7578125 0.3031250000000001 0.75 0.3031250000000001 0.75 0.34062500000000007 0.7578125 0.34062500000000007
2 0.71875 0.3156250000000001 0.7078125 0.3156250000000001 0.7078125 0.3546875000000001 0.71875 0.3546875000000001
2 0.27343750000000006 0.3390625 0.2640625 0.3390625 0.26406250000000003 0.378125 0.2734375000000001 0.378125
2 0.38750000000000007 0.3375000000000001 0.3734375 0.3375000000000001 0.37343750000000003 0.3781250000000001 0.38750000000000007 0.3781250000000001
1 0.915625 0.3468750000000001 0.903125 0.3468750000000001 0.903125 0.3937500000000001 0.915625 0.3937500000000001
2 0.7296875 0.3218750000000001 0.721875 0.3218750000000001 0.721875 0.3656250000000001 0.7296875 0.3656250000000001
2 0.3687500000000001 0.37812500000000004 0.3593750000000001 0.378125 0.3593750000000001 0.4234375 0.3687500000000001 0.4234375
3 0.609375 0.3296875000000001 0.596875 0.3296875000000001 0.596875 0.3734375000000001 0.609375 0.3734375000000001
2 0.58125 0.32500000000000007 0.5734375 0.32500000000000007 0.5734375 0.36406250000000007 0.58125 0.36406250000000007
2 0.5515625 0.3546875000000001 0.540625 0.3546875000000001 0.540625 0.3937500000000001 0.5515625 0.3937500000000001
2 0.634375 0.3625000000000001 0.621875 0.3625000000000001 0.621875 0.4078125 0.634375 0.4078125
2 0.590625 0.3625000000000001 0.58125 0.3625000000000001 0.58125 0.409375 0.590625 0.409375
2 0.8125 0.39531250000000007 0.7984375 0.39531250000000007 0.7984375 0.44531250000000017 0.8125 0.44531250000000017
2 0.796875 0.4187500000000002 0.78125 0.4187500000000002 0.78125 0.4656250000000002 0.796875 0.4656250000000002
2 0.15312500000000004 0.3859375 0.14062500000000006 0.3859375 0.14062500000000006 0.4390625 0.15312500000000004 0.4390625
2 0.465625 0.4046875 0.4578125 0.4046875 0.4578125 0.4546875 0.465625 0.4546875
2 0.19687500000000008 0.496875 0.17968750000000006 0.496875 0.17968750000000006 0.565625 0.19687500000000008 0.565625
2 0.17187500000000006 0.4515625 0.15937500000000004 0.4515625 0.15937500000000004 0.5125 0.17187500000000006 0.5125
2 0.409375 0.5203125 0.3890625000000001 0.5203125 0.3890625000000001 0.5796875 0.409375 0.5796875