2 0.7140625 0.3296875000000001 0.7 0.3296875000000001 0.7 0.3687500000000001 0.7140625 0.3687500000000001
2 0.3046875000000001 0.3671875 0.2953125000000001 0.3671875 0.2953125000000001 0.409375 0.3046875000000001 0.409375
2 0.19062500000000004 0.38125 0.17968750000000006 0.38125 0.17968750000000006 0.421875 0.19062500000000004 0.421875
2 0.3109375000000001 0.3734375 0.30156250000000007 0.3734375 0.30156250000000007 0.4140625 0.3109375000000001 0.4140625
1 0.875 0.3687500000000001 0.8640625 0.3687500000000001 0.8640625 0.40937500000000016 0.875 0.40937500000000016
2 0.6359375 0.4015625 0.6265625 0.4015625 0.6265625 0.44375 0.6359375 0.44375
2 0.74375 0.36406250000000007 0.734375 0.36406250000000007 0.734375 0.40156250000000016 0.74375 0.40156250000000016
2 0.7765625 0.35625000000000007 0.7671875 0.35625000000000007 0.7671875 0.3968750000000001 0.7765625 0.3968750000000001
2 0.14375000000000004 0.4765625 0.12968750000000004 0.4765625 0.12968750000000004 0.5375 0.14375000000000004 0.5375
2 0.5609375 0.525 0.54375 0.525 0.54375 0.5765625 0.5609375 0.5765625
2 0.828125 0.4359375000000002 0.81875 0.4359375000000002 0.81875 0.4828125000000002 0.828125 0.4828125000000002
3 0.68125 0.35625000000000007 0.671875 0.35625000000000007 0.671875 0.3968750000000001 0.68125 0.3968750000000001
2 0.8484375 0.4078125000000002 0.834375 0.4078125000000002 0.834375 0.4546875000000002 0.8484375 0.4546875000000002
2 0.721875 0.4078125 0.7125 0.4078125 0.7125 0.4515625 0.721875 0.4515625
2 0.2890625000000001 0.3671875 0.2828125000000001 0.3671875 0.2828125000000001 0.40625 0.2890625000000001 0.40625
2 0.3265625000000001 0.4265625 0.3156250000000001 0.4265625 0.3156250000000001 0.4765625 0.3265625000000001 0.4765625
2 0.525 0.39531250000000007 0.5125 0.39531250000000007 0.5125 0.44375 0.525 0.44375
2 0.17187500000000006 0.41875 0.15781250000000005 0.41875 0.15781250000000005 0.4703125 0.17187500000000006 0.4703125
2 0.5890625 0.3734375000000001 0.5796875 0.3734375000000001 0.5796875 0.4140625 0.5890625 0.4140625
2 0.5015625 0.428125 0.4921875 0.428125 0.4921875 0.4765625 0.5015625 0.4765625
2 0.15781250000000008 0.5171875 0.13750000000000004 0.5171875 0.13750000000000007 0.58125 0.15781250000000008 0.58125
3 0.17187500000000006 0.334375 0.16250000000000003 0.334375 0.16250000000000003 0.3671875 0.17187500000000006 0.3671875
2 0.778125 0.3375000000000001 0.76875 0.3375000000000001 0.76875 0.37187500000000007 0.778125 0.37187500000000007
0 0.78125 0.3609375000000001 0.7765625 0.3609375000000001 0.7765625 0.3687500000000001 0.78125 0.3687500000000001