2 0.2906250000000001 0.4484375 0.2734375000000001 0.4484375 0.2734375000000001 0.4875 0.2906250000000001 0.4875
2 0.4453125 0.3890625000000001 0.4359375 0.3890625000000001 0.4359375 0.4234375 0.4453125 0.4234375
2 0.2671875000000001 0.459375 0.25468750000000007 0.459375 0.25468750000000007 0.4984375 0.2671875000000001 0.4984375
3 0.40625 0.465625 0.3968750000000001 0.465625 0.3968750000000001 0.509375 0.40625 0.509375
2 0.18906250000000005 0.4671875 0.17968750000000006 0.4671875 0.17968750000000006 0.5078125 0.18906250000000005 0.5078125
2 0.428125 0.4 0.4171875 0.4 0.4171875 0.4359375 0.428125 0.4359375
2 0.4078125 0.4828125 0.3968750000000001 0.4828125 0.3968750000000001 0.528125 0.4078125 0.528125
2 0.09687500000000007 0.528125 0.08437500000000006 0.528125 0.08437500000000006 0.575 0.09687500000000007 0.575
2 0.6421875 0.4125 0.634375 0.4125 0.634375 0.453125 0.6421875 0.453125
2 0.12656250000000008 0.503125 0.11406250000000004 0.503125 0.11406250000000007 0.553125 0.12656250000000008 0.553125
2 0.6078125 0.4109375 0.5984375 0.4109375 0.5984375 0.45 0.6078125 0.45
2 0.8953125 0.6171875000000002 0.884375 0.6171875000000002 0.884375 0.6875000000000002 0.8953125 0.6875000000000002
2 0.23437500000000008 0.5359375 0.2218750000000001 0.5359375 0.2218750000000001 0.5890625 0.23437500000000008 0.5890625
2 0.9125 0.5140625000000002 0.8984375 0.5140625000000002 0.8984375 0.5671875000000002 0.9125 0.5671875000000002
2 0.59375 0.503125 0.5828125 0.503125 0.5828125 0.55625 0.59375 0.55625
2 0.4453125 0.5703125 0.43125 0.5703125 0.43125 0.6296875 0.4453125 0.6296875
2 0.91875 0.6265625000000001 0.9046875 0.6265625000000001 0.9046875 0.6953125000000002 0.91875 0.6953125000000002
2 0.4203125 0.571875 0.403125 0.571875 0.403125 0.625 0.4203125 0.625
2 0.5796875 0.5140625 0.5671875 0.5140625 0.5671875 0.565625 0.5796875 0.565625
3 0.9515625 0.7937500000000002 0.9359375 0.7937500000000002 0.9359375 0.884375 0.9515625 0.884375
2 0.2812500000000001 0.4359375 0.2734375000000001 0.4359375 0.2734375000000001 0.4765625 0.2812500000000001 0.4765625
1 0.3468750000000001 0.4 0.3312500000000001 0.4 0.3312500000000001 0.434375 0.3468750000000001 0.434375
2 0.4375 0.3984375000000001 0.428125 0.3984375000000001 0.428125 0.4359375 0.4375 0.4359375
3 0.5296875 0.3234375000000001 0.521875 0.3234375000000001 0.521875 0.3531250000000001 0.5296875 0.3531250000000001