2 0.5703125 0.4765625 0.5640625 0.4765625 0.5640625 0.515625 0.5703125 0.515625
2 0.2609375000000001 0.5 0.2562500000000001 0.5 0.2562500000000001 0.5296875 0.2609375000000001 0.5296875
2 0.3906250000000001 0.5125 0.3828125000000001 0.5125 0.3828125000000001 0.5609375 0.3906250000000001 0.5609375
2 0.2671875000000001 0.515625 0.26250000000000007 0.515625 0.26250000000000007 0.55 0.2671875000000001 0.55
2 0.2234375000000001 0.53125 0.21875000000000008 0.53125 0.21875000000000008 0.565625 0.2234375000000001 0.565625
2 0.2734375000000001 0.49375 0.27031250000000007 0.49375 0.27031250000000007 0.521875 0.2734375000000001 0.521875
2 0.30937500000000007 0.4890625 0.3046875000000001 0.4890625 0.3046875000000001 0.5140625 0.30937500000000007 0.5140625
2 0.3656250000000001 0.4875 0.3593750000000001 0.4875 0.3593750000000001 0.5171875 0.3656250000000001 0.5171875
2 0.2296875000000001 0.521875 0.2250000000000001 0.521875 0.2250000000000001 0.553125 0.2296875000000001 0.553125
2 0.2312500000000001 0.5046875 0.22656250000000008 0.5046875 0.22656250000000008 0.5234375 0.2312500000000001 0.5234375
2 0.709375 0.478125 0.7046875 0.478125 0.7046875 0.509375 0.709375 0.509375
2 0.2828125000000001 0.49375 0.27812500000000007 0.49375 0.27812500000000007 0.5203125 0.2828125000000001 0.5203125
2 0.46875 0.471875 0.4609375 0.471875 0.4609375 0.503125 0.46875 0.503125
2 0.3031250000000001 0.503125 0.2984375000000001 0.503125 0.2984375000000001 0.5375 0.3031250000000001 0.5375
2 0.7328125 0.5281250000000001 0.721875 0.528125 0.721875 0.5468750000000001 0.7328125 0.5468750000000002
2 0.2843750000000001 0.49375 0.2812500000000001 0.49375 0.2812500000000001 0.5203125 0.2843750000000001 0.5203125
2 0.3140625000000001 0.4875 0.30937500000000007 0.4875 0.30937500000000007 0.50625 0.3140625000000001 0.50625
2 0.2765625000000001 0.49375 0.2734375000000001 0.49375 0.2734375000000001 0.51875 0.2765625000000001 0.51875
2 0.2906250000000001 0.490625 0.2875000000000001 0.490625 0.2875000000000001 0.5125 0.2906250000000001 0.5125
2 0.3265625000000001 0.49375 0.3218750000000001 0.49375 0.3218750000000001 0.5203125 0.3265625000000001 0.5203125
2 0.32500000000000007 0.48125 0.31718750000000007 0.48125 0.31718750000000007 0.50625 0.32500000000000007 0.50625
2 0.3156250000000001 0.4921875 0.3109375000000001 0.4921875 0.3109375000000001 0.5140625 0.3156250000000001 0.5140625
0 0.3156250000000001 0.50625 0.3140625000000001 0.50625 0.3140625000000001 0.5125 0.3156250000000001 0.5125