2 0.2953125 0.2421875 0.2859375 0.2421875 0.2859375 0.28125 0.2953125 0.28125
2 0.203125 0.2671875 0.19375000000000003 0.2671875 0.19375000000000003 0.3125 0.203125 0.3125
2 0.3265625 0.259375 0.3171875 0.259375 0.3171875 0.2984375 0.3265625 0.2984375
2 0.215625 0.29375 0.2046875 0.29375 0.2046875 0.340625 0.215625 0.340625
1 0.971875 0.3187500000000001 0.959375 0.3187500000000001 0.959375 0.3671875000000001 0.971875 0.3671875000000001
0 0.8359375 0.5531250000000002 0.828125 0.5531250000000002 0.828125 0.5640625000000001 0.8359375 0.5640625000000001
2 0.4484375 0.2562500000000001 0.4375 0.2562500000000001 0.4375 0.2984375000000001 0.4484375 0.2984375000000001
2 0.6234375 0.27812500000000007 0.6140625 0.27812500000000007 0.6140625 0.3234375000000001 0.6234375 0.3234375000000001
2 0.4875 0.2468750000000001 0.478125 0.2468750000000001 0.478125 0.2906250000000001 0.4875 0.2906250000000001
2 0.16562500000000005 0.346875 0.15312500000000004 0.346875 0.15312500000000004 0.403125 0.16562500000000005 0.403125
2 0.1390625000000001 0.571875 0.10937500000000008 0.571875 0.10937500000000008 0.6484375 0.1390625000000001 0.6484375
2 0.5921875 0.2593750000000001 0.5828125 0.2593750000000001 0.5828125 0.3062500000000001 0.5921875 0.3062500000000001
2 0.15156250000000004 0.328125 0.13906250000000003 0.328125 0.13906250000000003 0.384375 0.15156250000000004 0.384375
2 0.2531250000000001 0.3890625 0.23437500000000008 0.3890625 0.23437500000000008 0.453125 0.2531250000000001 0.453125
3 0.29531250000000003 0.3453125 0.28125 0.3453125 0.28125000000000006 0.4046875 0.2953125000000001 0.4046875
2 0.3218750000000001 0.484375 0.3062500000000001 0.484375 0.3062500000000001 0.559375 0.3218750000000001 0.559375
2 0.4375 0.3625000000000001 0.4203125 0.3625000000000001 0.4203125 0.41875 0.4375 0.41875
2 0.4421875 0.4546875 0.425 0.4546875 0.425 0.5171875 0.4421875 0.5171875
2 0.609375 0.4046875 0.596875 0.4046875 0.596875 0.46875 0.609375 0.46875
2 0.2921875000000001 0.73125 0.2640625000000001 0.73125 0.2640625000000001 0.8328125 0.2921875000000001 0.8328125
2 0.525 0.403125 0.50625 0.403125 0.50625 0.4671875 0.525 0.4671875
2 0.6921875 0.4578125 0.6765625 0.4578125 0.6765625 0.5265625 0.6921875 0.5265625
2 0.9078125 0.4859375000000002 0.8875 0.4859375000000002 0.8875 0.5625000000000002 0.9078125 0.5625000000000002