3 0.221875 0.2 0.2109375 0.2 0.2109375 0.2421875 0.221875 0.2421875
0 0.79375 0.3156250000000001 0.7875 0.3156250000000001 0.7875 0.3281250000000001 0.79375 0.3281250000000001
2 0.3484375 0.225 0.3390625 0.225 0.3390625 0.2640625 0.3484375 0.2640625
2 0.12343750000000005 0.41875 0.10468750000000004 0.41875 0.10468750000000004 0.490625 0.12343750000000005 0.490625
2 0.4125 0.2578125000000001 0.3984375 0.2578125000000001 0.3984375 0.3000000000000001 0.4125 0.3000000000000001
2 0.265625 0.25625 0.253125 0.25625 0.253125 0.303125 0.265625 0.303125
2 0.11093750000000005 0.4421875 0.09687500000000004 0.4421875 0.09687500000000006 0.50625 0.11093750000000005 0.50625
2 0.6359375 0.2375000000000001 0.625 0.2375000000000001 0.625 0.2828125000000001 0.6359375 0.2828125000000001
2 0.2875 0.296875 0.2671875 0.296875 0.2671875 0.346875 0.2875 0.346875
2 0.16093750000000004 0.28125 0.14687500000000003 0.28125 0.14687500000000003 0.3328125 0.16093750000000004 0.3328125
2 0.6875 0.2328125000000001 0.66875 0.2328125000000001 0.66875 0.2734375000000001 0.6875 0.2734375000000001
2 0.5625 0.2921875000000001 0.5484375 0.2921875000000001 0.5484375 0.3421875000000001 0.5625 0.3421875000000001
2 0.5359375 0.3765625000000001 0.5140625 0.3765625000000001 0.5140625 0.4421875 0.5359375 0.4421875
2 0.690625 0.2953125000000001 0.671875 0.2953125000000001 0.671875 0.3359375000000001 0.690625 0.3359375000000001
2 0.20625000000000004 0.325 0.19062500000000004 0.325 0.19062500000000004 0.3859375 0.2062500000000001 0.3859375
2 0.51875 0.4421875 0.49375 0.4421875 0.49375 0.5109375 0.51875 0.5109375
2 0.4546875 0.3656250000000001 0.434375 0.3656250000000001 0.434375 0.428125 0.4546875 0.428125
2 0.18906250000000005 0.3671875 0.16562500000000005 0.3671875 0.16562500000000005 0.4328125 0.18906250000000005 0.4328125
3 0.3296875000000001 0.371875 0.3109375000000001 0.371875 0.3109375000000001 0.440625 0.3296875000000001 0.440625
2 0.3671875000000001 0.6734375 0.34062500000000007 0.6734375 0.34062500000000007 0.7796875 0.3671875000000001 0.7796875
2 0.9125 0.3187500000000001 0.9015625 0.3187500000000001 0.9015625 0.3781250000000001 0.9125 0.3781250000000001
2 0.8890625 0.5140625000000002 0.8640625 0.5140625000000002 0.8640625 0.6046875000000002 0.8890625 0.6046875000000002