2 0.16562500000000005 0.221875 0.15468750000000003 0.221875 0.15468750000000003 0.265625 0.16562500000000005 0.265625
2 0.11562500000000005 0.3265625 0.10312500000000005 0.3265625 0.10312500000000005 0.3609375 0.11562500000000005 0.3609375
2 0.16250000000000003 0.253125 0.15000000000000005 0.253125 0.15000000000000005 0.2984375 0.16250000000000003 0.2984375
2 0.290625 0.2796875 0.2796875 0.2796875 0.2796875 0.33125 0.290625 0.33125
0 0.6671875 0.565625 0.659375 0.565625 0.659375 0.578125 0.6671875 0.578125
2 0.596875 0.22031250000000008 0.5875 0.22031250000000008 0.5875 0.26250000000000007 0.596875 0.26250000000000007
2 0.5046875 0.3046875000000001 0.4875 0.3046875000000001 0.4875 0.3593750000000001 0.5046875 0.3593750000000001
2 0.5140625 0.2609375000000001 0.5015625 0.2609375000000001 0.5015625 0.3125000000000001 0.5140625 0.3125000000000001
1 0.94375 0.2921875000000001 0.9296875 0.2921875000000001 0.9296875 0.3468750000000001 0.94375 0.3468750000000001
2 0.12031250000000004 0.4046875 0.10468750000000004 0.4046875 0.10468750000000004 0.4625 0.12031250000000004 0.4625
2 0.54375 0.3281250000000001 0.53125 0.3281250000000001 0.53125 0.38750000000000007 0.54375 0.38750000000000007
2 0.12812500000000004 0.35 0.10781250000000005 0.35 0.10781250000000005 0.40625 0.12812500000000004 0.40625
2 0.4828125 0.3828125000000001 0.46875 0.3828125000000001 0.46875 0.45 0.4828125 0.45
2 0.6734375 0.2906250000000001 0.6625 0.2906250000000001 0.6625 0.3453125000000001 0.6734375 0.3453125000000001
2 0.459375 0.3468750000000001 0.446875 0.3468750000000001 0.446875 0.4046875 0.459375 0.4046875
2 0.2671875 0.31875 0.253125 0.31875 0.25312500000000004 0.3734375 0.2671875000000001 0.3734375
2 0.4921875 0.440625 0.4765625 0.440625 0.4765625 0.515625 0.4921875 0.515625
2 0.4046875 0.5734375 0.3734375000000001 0.5734375 0.3734375000000001 0.6625 0.4046875 0.6625
2 0.3578125000000001 0.475 0.3343750000000001 0.475 0.3343750000000001 0.5453125 0.3578125000000001 0.5453125
2 0.896875 0.48750000000000016 0.878125 0.48750000000000016 0.878125 0.5765625000000002 0.896875 0.5765625000000002
3 0.29687500000000006 0.3484375 0.28125 0.3484375 0.28125000000000006 0.4140625 0.2968750000000001 0.4140625
2 0.675 0.3593750000000001 0.6625 0.3593750000000001 0.6625 0.4296875 0.675 0.4296875
2 0.6546875000000001 0.640625 0.634375 0.640625 0.6343750000000001 0.7421875 0.6546875000000002 0.7421875
3 0.11093750000000005 0.2046875 0.10000000000000005 0.2046875 0.10000000000000005 0.2515625 0.11093750000000005 0.2515625