2 0.5328125 0.22656250000000008 0.5203125 0.22656250000000008 0.5203125 0.2765625000000001 0.5328125 0.2765625000000001
2 0.4390625 0.2171875000000001 0.4296875 0.2171875000000001 0.4296875 0.2640625000000001 0.4390625 0.2640625000000001
2 0.478125 0.2296875000000001 0.4640625 0.2296875000000001 0.4640625 0.2796875000000001 0.478125 0.2796875000000001
2 0.528125 0.2375000000000001 0.50625 0.2375000000000001 0.50625 0.2890625000000001 0.528125 0.2890625000000001
2 0.5515625 0.2140625000000001 0.5375 0.2140625000000001 0.5375 0.2609375000000001 0.5515625 0.2609375000000001
2 0.6 0.2218750000000001 0.590625 0.2218750000000001 0.590625 0.2734375000000001 0.6 0.2734375000000001
2 0.33125 0.228125 0.321875 0.228125 0.321875 0.2828125 0.33125 0.2828125
2 0.453125 0.23437500000000008 0.44375 0.23437500000000008 0.44375 0.2750000000000001 0.453125 0.2750000000000001
2 0.346875 0.2296875 0.3359375 0.2296875 0.3359375 0.28125 0.346875 0.28125
2 0.14375000000000004 0.2484375 0.13437500000000005 0.2484375 0.13437500000000005 0.3015625 0.14375000000000004 0.3015625
1 0.865625 0.2390625000000001 0.85 0.2390625000000001 0.85 0.3000000000000001 0.865625 0.3000000000000001
2 0.5890625 0.2687500000000001 0.575 0.2687500000000001 0.575 0.32500000000000007 0.5890625 0.32500000000000007
2 0.6578125 0.2484375000000001 0.64375 0.2484375000000001 0.64375 0.3031250000000001 0.6578125 0.3031250000000001
2 0.08906250000000003 0.2453125 0.07500000000000002 0.2453125 0.07500000000000004 0.303125 0.08906250000000004 0.303125
2 0.734375 0.2875000000000001 0.71875 0.2875000000000001 0.71875 0.3453125000000001 0.734375 0.3453125000000001
3 0.365625 0.24843750000000003 0.35 0.2484375 0.35 0.30468750000000006 0.365625 0.3046875000000001
2 0.12968750000000004 0.3140625 0.10781250000000005 0.3140625 0.10781250000000005 0.3796875 0.12968750000000004 0.3796875
2 0.446875 0.2578125000000001 0.4296875 0.2578125000000001 0.4296875 0.31718750000000007 0.446875 0.31718750000000007
2 0.15937500000000004 0.3125 0.14531250000000004 0.3125 0.14531250000000004 0.3796875 0.15937500000000004 0.3796875
2 0.5 0.3546875000000001 0.471875 0.3546875000000001 0.471875 0.41875 0.5 0.41875
0 0.484375 0.2656250000000001 0.478125 0.2656250000000001 0.478125 0.2765625000000001 0.484375 0.2765625000000001
2 0.475 0.19218750000000004 0.4640625 0.19218750000000004 0.4640625 0.2296875000000001 0.475 0.2296875000000001
2 0.48125 0.2156250000000001 0.4671875 0.2156250000000001 0.4671875 0.26250000000000007 0.48125 0.26250000000000007