3 0.1765625 0.1359375 0.1640625 0.1359375 0.16406250000000003 0.190625 0.17656250000000004 0.190625
2 0.428125 0.14687500000000003 0.4109375 0.14687500000000003 0.4109375 0.19375000000000003 0.428125 0.19375000000000003
2 0.5484375 0.16406250000000006 0.5328125 0.16406250000000006 0.5328125 0.2078125000000001 0.5484375 0.2078125000000001
2 0.6125 0.1468750000000001 0.6015625 0.1468750000000001 0.6015625 0.19531250000000008 0.6125 0.19531250000000008
2 0.690625 0.15625000000000008 0.6796875 0.15625000000000008 0.6796875 0.2078125000000001 0.690625 0.2078125000000001
2 0.5359375 0.17812500000000003 0.515625 0.17812500000000003 0.515625 0.22812500000000008 0.5359375 0.22812500000000008
2 0.2703125 0.16250000000000003 0.259375 0.16250000000000003 0.259375 0.21875 0.2703125 0.21875
2 0.46875 0.16250000000000003 0.4515625 0.16250000000000003 0.4515625 0.22656250000000008 0.46875 0.22656250000000008
2 0.453125 0.16718750000000004 0.4390625 0.16718750000000004 0.4390625 0.22656250000000008 0.453125 0.22656250000000008
2 0.6609375 0.1671875000000001 0.646875 0.1671875000000001 0.646875 0.21250000000000008 0.6609375 0.21250000000000008
2 0.2015625 0.16718750000000004 0.1875 0.16718750000000004 0.18750000000000003 0.2234375 0.2015625 0.2234375
2 0.6359375 0.14062500000000008 0.621875 0.14062500000000008 0.621875 0.1843750000000001 0.6359375 0.1843750000000001
2 0.14218750000000005 0.23125 0.12812500000000004 0.23125 0.12812500000000004 0.3015625 0.14218750000000005 0.3015625
2 0.7109375 0.1750000000000001 0.690625 0.1750000000000001 0.690625 0.22031250000000008 0.7109375 0.22031250000000008
2 0.2921875 0.228125 0.2765625 0.228125 0.2765625 0.2953125 0.2921875 0.2953125
2 0.7828125 0.21093750000000008 0.7671875 0.21093750000000008 0.7671875 0.27812500000000007 0.7828125 0.27812500000000007
3 0.5640625 0.21250000000000008 0.5484375 0.21250000000000008 0.5484375 0.2765625000000001 0.5640625 0.2765625000000001
2 0.6375 0.2000000000000001 0.625 0.2000000000000001 0.625 0.2640625000000001 0.6375 0.2640625000000001
2 0.27187500000000003 0.3265625 0.25625 0.3265625 0.25625000000000003 0.4125 0.2718750000000001 0.4125
2 0.76875 0.2890625000000001 0.7546875 0.2890625000000001 0.7546875 0.36406250000000007 0.76875 0.36406250000000007
2 0.4640625 0.2828125000000001 0.446875 0.2828125000000001 0.446875 0.3609375000000001 0.4640625 0.3609375000000001
2 0.8609375 0.2875000000000001 0.8453125 0.2875000000000001 0.8453125 0.3625000000000001 0.8609375 0.3625000000000001