2 0.13437500000000008 0.5625 0.1281250000000001 0.5625 0.1281250000000001 0.60625 0.13437500000000008 0.60625
2 0.6859375 0.478125 0.6796875 0.478125 0.6796875 0.509375 0.6859375 0.509375
2 0.4875 0.490625 0.478125 0.490625 0.478125 0.5390625 0.4875 0.5390625
2 0.1437500000000001 0.5671875 0.1375000000000001 0.5671875 0.1375000000000001 0.6078125 0.1437500000000001 0.6078125
2 0.18437500000000007 0.528125 0.17968750000000006 0.528125 0.17968750000000006 0.5546875 0.1843750000000001 0.5546875
2 0.2375000000000001 0.5109375 0.2328125000000001 0.5109375 0.2328125000000001 0.540625 0.2375000000000001 0.540625
2 0.15625000000000008 0.55625 0.1515625000000001 0.55625 0.1515625000000001 0.596875 0.15625000000000008 0.596875
2 0.2656250000000001 0.496875 0.2609375000000001 0.496875 0.2609375000000001 0.525 0.2656250000000001 0.525
2 0.3531250000000001 0.4796875 0.34843750000000007 0.4796875 0.34843750000000007 0.5078125 0.3531250000000001 0.5078125
2 0.3140625000000001 0.4859375 0.3109375000000001 0.4859375 0.3109375000000001 0.5109375 0.3140625000000001 0.5109375
2 0.2593750000000001 0.503125 0.25468750000000007 0.503125 0.25468750000000007 0.5265625 0.2593750000000001 0.5265625
2 0.10781250000000009 0.5578125 0.10156250000000008 0.5578125 0.10156250000000008 0.5921875 0.10781250000000009 0.5921875
2 0.2609375000000001 0.5234375 0.25468750000000007 0.5234375 0.25468750000000007 0.5578125 0.2609375000000001 0.5578125
2 0.31718750000000007 0.5484375 0.3109375000000001 0.5484375 0.3109375000000001 0.609375 0.31718750000000007 0.609375
2 0.4765625 0.496875 0.4671875 0.496875 0.4671875 0.5515625 0.4765625 0.5515625
2 0.2500000000000001 0.5046875 0.2453125000000001 0.5046875 0.2453125000000001 0.5296875 0.2500000000000001 0.5296875
2 0.2156250000000001 0.503125 0.21093750000000008 0.503125 0.21093750000000008 0.528125 0.2156250000000001 0.528125
2 0.4078125 0.5234375 0.3968750000000001 0.5234375 0.3968750000000001 0.58125 0.4078125 0.58125
2 0.38750000000000007 0.478125 0.3812500000000001 0.478125 0.3812500000000001 0.50625 0.38750000000000007 0.50625
2 0.1359375000000001 0.5609375 0.1296875000000001 0.5609375 0.1296875000000001 0.5953125 0.1359375000000001 0.5953125
2 0.1921875000000001 0.5609375 0.1843750000000001 0.5609375 0.1843750000000001 0.603125 0.1921875000000001 0.603125
2 0.2562500000000001 0.5203125 0.2500000000000001 0.5203125 0.2500000000000001 0.5625 0.2562500000000001 0.5625