0 0.6703125000000002 0.7703125 0.6625000000000002 0.7703125 0.6625000000000002 0.7875 0.6703125000000002 0.7875
2 0.2515625000000001 0.55 0.2453125000000001 0.55 0.2453125000000001 0.596875 0.2515625000000001 0.596875
2 0.2875000000000001 0.5625 0.27812500000000007 0.5625 0.27812500000000007 0.625 0.2875000000000001 0.625
2 0.7421875 0.4890625000000002 0.7359375 0.4890625000000002 0.7359375 0.5203125000000002 0.7421875 0.5203125000000002
2 0.6421875 0.5421875 0.63125 0.5421875 0.63125 0.6 0.6421875 0.6
2 0.6203125 0.4890625 0.6125 0.4890625 0.6125 0.53125 0.6203125 0.53125
2 0.5078125 0.4890625 0.4984375 0.4890625 0.4984375 0.521875 0.5078125 0.521875
2 0.3046875000000001 0.515625 0.2984375000000001 0.515625 0.2984375000000001 0.553125 0.3046875000000001 0.553125
2 0.4 0.490625 0.3937500000000001 0.490625 0.3937500000000001 0.5234375 0.4 0.5234375
2 0.4828125 0.475 0.4765625 0.475 0.4765625 0.5046875 0.4828125 0.5046875
2 0.37968750000000007 0.5265625 0.3703125000000001 0.5265625 0.3703125000000001 0.5859375 0.37968750000000007 0.5859375
2 0.6125 0.4921875 0.6046875 0.4921875 0.6046875 0.5359375 0.6125 0.5359375
2 0.3968750000000001 0.471875 0.3921875000000001 0.471875 0.3921875000000001 0.496875 0.3968750000000001 0.496875
2 0.3062500000000001 0.50625 0.30156250000000007 0.50625 0.30156250000000007 0.5390625 0.3062500000000001 0.5390625
2 0.27812500000000007 0.6453125 0.2656250000000001 0.6453125 0.2656250000000001 0.7421875 0.27812500000000007 0.7421875
2 0.5484375 0.46875 0.5421875 0.46875 0.5421875 0.4953125 0.5484375 0.4953125
2 0.3515625000000001 0.646875 0.3296875000000001 0.646875 0.3296875000000001 0.7640625 0.3515625000000001 0.7640625
2 0.54375 0.4609375 0.5375 0.4609375 0.5375 0.484375 0.54375 0.484375
2 0.2531250000000001 0.496875 0.2484375000000001 0.496875 0.2484375000000001 0.525 0.2531250000000001 0.525
2 0.4203125 0.5 0.4140625 0.5 0.4140625 0.55 0.4203125 0.55
2 0.5671875 0.5953125 0.5453125 0.5953125 0.5453125 0.6890625 0.5671875 0.6890625
2 0.5828125000000001 0.6328125 0.559375 0.6328125 0.5593750000000001 0.7390625 0.5828125000000002 0.7390625
2 0.6796875000000001 0.6609375 0.6625 0.6609375 0.6625000000000001 0.7515625 0.6796875000000002 0.7515625
2 0.6937500000000001 0.696875 0.6640625 0.696875 0.6640625000000001 0.778125 0.6937500000000002 0.778125