0 0.465625 0.478125 0.4609375 0.478125 0.4609375 0.4875 0.465625 0.4875
2 0.4046875 0.503125 0.3968750000000001 0.503125 0.3968750000000001 0.55625 0.4046875 0.55625
2 0.59375 0.4796875 0.5828125 0.4796875 0.5828125 0.525 0.59375 0.525
2 0.753125 0.47187500000000016 0.7484375 0.47187500000000016 0.7484375 0.5015625000000001 0.753125 0.5015625000000001
2 0.596875 0.44375 0.5921875 0.44375 0.5921875 0.4703125 0.596875 0.4703125
2 0.575 0.4671875 0.5671875 0.4671875 0.5671875 0.5109375 0.575 0.5109375
2 0.646875 0.45625 0.6421875 0.45625 0.6421875 0.4890625 0.646875 0.4890625
2 0.55 0.45 0.54375 0.45 0.54375 0.4828125 0.55 0.4828125
2 0.490625 0.4578125 0.4828125 0.4578125 0.4828125 0.496875 0.490625 0.496875
2 0.534375 0.4953125 0.5203125 0.4953125 0.5203125 0.5375 0.534375 0.5375
2 0.521875 0.53125 0.5046875 0.53125 0.5046875 0.59375 0.521875 0.59375
2 0.6609375 0.4828125 0.653125 0.4828125 0.653125 0.5265625 0.6609375 0.5265625
2 0.565625 0.4921875 0.5578125 0.4921875 0.5578125 0.5359375 0.565625 0.5359375
2 0.3984375000000001 0.465625 0.3906250000000001 0.465625 0.3906250000000001 0.496875 0.3984375000000001 0.496875
2 0.6703125 0.525 0.6625 0.525 0.6625 0.578125 0.6703125 0.578125
2 0.559375 0.5203125 0.5453125 0.5203125 0.5453125 0.59375 0.559375 0.59375
2 0.4734375 0.4359375 0.4671875 0.4359375 0.4671875 0.4625 0.4734375 0.4625
2 0.5015625 0.4546875 0.496875 0.4546875 0.496875 0.4859375 0.5015625 0.4859375
2 0.4359375 0.44375 0.428125 0.44375 0.428125 0.475 0.4359375 0.475
2 0.3593750000000001 0.5125 0.3500000000000001 0.5125 0.3500000000000001 0.55625 0.3593750000000001 0.55625
2 0.509375 0.4609375 0.5015625 0.4609375 0.5015625 0.490625 0.509375 0.490625
2 0.3906250000000001 0.4703125 0.3828125000000001 0.4703125 0.3828125000000001 0.5078125 0.3906250000000001 0.5078125
2 0.21875000000000008 0.4875 0.21250000000000008 0.4875 0.21250000000000008 0.5140625 0.21875000000000008 0.5140625
2 0.3828125000000001 0.48125 0.3750000000000001 0.48125 0.3750000000000001 0.521875 0.3828125000000001 0.521875
2 0.4953125 0.46875 0.4890625 0.46875 0.4890625 0.5109375 0.4953125 0.5109375