2 0.3937500000000001 0.4625 0.38750000000000007 0.4625 0.38750000000000007 0.496875 0.3937500000000001 0.496875
2 0.490625 0.4921875 0.4828125 0.4921875 0.4828125 0.553125 0.490625 0.553125
2 0.1593750000000001 0.5875 0.15000000000000008 0.5875 0.15000000000000008 0.6515625 0.1593750000000001 0.6515625
2 0.5203125 0.5484375 0.50625 0.5484375 0.50625 0.6375 0.5203125 0.6375
2 0.1687500000000001 0.55625 0.1609375000000001 0.55625 0.1609375000000001 0.6140625 0.1687500000000001 0.6140625
2 0.05625000000000008 0.5890625 0.04687500000000007 0.5890625 0.04687500000000007 0.6375 0.05625000000000009 0.6375
2 0.17343750000000005 0.4953125 0.17031250000000003 0.4953125 0.17031250000000003 0.5171875 0.17343750000000005 0.5171875
2 0.6828125 0.49375 0.6765625 0.49375 0.6765625 0.5359375 0.6828125 0.5359375
2 0.2328125000000001 0.5125 0.22812500000000008 0.5125 0.22812500000000008 0.5546875 0.2328125000000001 0.5546875
2 0.2640625000000001 0.4765625 0.2609375000000001 0.4765625 0.2609375000000001 0.5078125 0.2640625000000001 0.5078125
2 0.1140625000000001 0.5484375 0.10781250000000009 0.5484375 0.10781250000000009 0.5828125 0.1140625000000001 0.5828125
2 0.2375000000000001 0.5125 0.2328125000000001 0.5125 0.2328125000000001 0.55625 0.2375000000000001 0.55625
2 0.06875000000000006 0.553125 0.06250000000000007 0.553125 0.06250000000000007 0.5875 0.06875000000000006 0.5875
2 0.10937500000000008 0.5515625 0.10156250000000008 0.5515625 0.10156250000000008 0.59375 0.10937500000000008 0.59375
2 0.07187500000000006 0.55 0.06718750000000007 0.55 0.06718750000000007 0.584375 0.07187500000000006 0.584375
2 0.2296875000000001 0.4890625 0.22656250000000008 0.4890625 0.22656250000000008 0.515625 0.2296875000000001 0.515625
2 0.12968750000000007 0.528125 0.12500000000000006 0.528125 0.12500000000000006 0.559375 0.1296875000000001 0.559375
2 0.19062500000000007 0.53125 0.18281250000000004 0.53125 0.18281250000000007 0.5734375 0.1906250000000001 0.5734375
2 0.17500000000000004 0.5109375 0.17187500000000006 0.5109375 0.17187500000000006 0.5390625 0.17500000000000004 0.5390625
2 0.29375000000000007 0.471875 0.2906250000000001 0.471875 0.2906250000000001 0.4984375 0.29375000000000007 0.4984375
2 0.4156250000000001 0.6625 0.3984375000000001 0.6625 0.3984375000000001 0.778125 0.4156250000000002 0.778125