0 0.09218750000000009 0.65 0.08750000000000009 0.65 0.08750000000000009 0.659375 0.09218750000000009 0.659375
2 0.6234375 0.4671875 0.6171875 0.4671875 0.6171875 0.50625 0.6234375 0.50625
2 0.4953125 0.4703125 0.4890625 0.4703125 0.4890625 0.515625 0.4953125 0.515625
2 0.2500000000000001 0.4765625 0.2468750000000001 0.4765625 0.2468750000000001 0.5 0.2500000000000001 0.5
2 0.30156250000000007 0.478125 0.2984375000000001 0.478125 0.2984375000000001 0.5171875 0.30156250000000007 0.5171875
2 0.2593750000000001 0.4703125 0.2562500000000001 0.4703125 0.2562500000000001 0.4984375 0.2593750000000001 0.4984375
2 0.20468750000000008 0.49375 0.2000000000000001 0.49375 0.2000000000000001 0.5234375 0.20468750000000008 0.5234375
2 0.1312500000000001 0.5546875 0.12343750000000009 0.5546875 0.12343750000000009 0.5984375 0.1312500000000001 0.5984375
2 0.16093750000000007 0.528125 0.15468750000000003 0.528125 0.15468750000000006 0.5625 0.1609375000000001 0.5625
2 0.2750000000000001 0.4578125 0.2718750000000001 0.4578125 0.2718750000000001 0.484375 0.2750000000000001 0.484375
2 0.2375000000000001 0.4828125 0.23437500000000008 0.4828125 0.23437500000000008 0.5078125 0.2375000000000001 0.5078125
2 0.21250000000000008 0.490625 0.2078125000000001 0.490625 0.2078125000000001 0.521875 0.21250000000000008 0.521875
2 0.440625 0.4625 0.4359375 0.4625 0.4359375 0.503125 0.440625 0.503125
2 0.25468750000000007 0.4734375 0.2515625000000001 0.4734375 0.2515625000000001 0.4984375 0.25468750000000007 0.4984375
2 0.19062500000000004 0.509375 0.18593750000000003 0.509375 0.18593750000000003 0.5390625 0.19062500000000004 0.5390625
2 0.2234375000000001 0.4859375 0.22031250000000008 0.4859375 0.22031250000000008 0.51875 0.2234375000000001 0.51875
2 0.2312500000000001 0.4859375 0.22812500000000008 0.4859375 0.22812500000000008 0.5109375 0.2312500000000001 0.5109375
2 0.12656250000000008 0.5546875 0.12031250000000009 0.5546875 0.12031250000000009 0.5984375 0.12656250000000008 0.5984375
2 0.2500000000000001 0.471875 0.2468750000000001 0.471875 0.2468750000000001 0.4875 0.2500000000000001 0.4875
2 0.2015625000000001 0.5234375 0.19375000000000003 0.5234375 0.19375000000000006 0.565625 0.2015625000000001 0.565625
2 0.18281250000000004 0.490625 0.17812500000000003 0.490625 0.17812500000000003 0.5140625 0.18281250000000004 0.5140625
2 0.44375 0.459375 0.4390625 0.459375 0.4390625 0.496875 0.44375 0.496875