2 0.4109375 0.4859375 0.4046875 0.4859375 0.4046875 0.5203125 0.4109375 0.5203125
2 0.18125000000000008 0.5390625 0.17500000000000004 0.5390625 0.17500000000000007 0.578125 0.18125000000000008 0.578125
2 0.3921875000000001 0.5109375 0.3843750000000001 0.5109375 0.3843750000000001 0.55625 0.3921875000000001 0.55625
2 0.15156250000000007 0.5328125 0.14843750000000006 0.5328125 0.14843750000000006 0.565625 0.1515625000000001 0.565625
2 0.4296875 0.5015625 0.4203125 0.5015625 0.4203125 0.54375 0.4296875 0.54375
2 0.3531250000000001 0.475 0.3500000000000001 0.475 0.3500000000000001 0.4984375 0.3531250000000001 0.4984375
2 0.5359375 0.478125 0.5296875 0.478125 0.5296875 0.5203125 0.5359375 0.5203125
2 0.553125 0.4953125 0.5484375 0.4953125 0.5484375 0.5375 0.553125 0.5375
2 0.2609375000000001 0.4875 0.2578125000000001 0.4875 0.2578125000000001 0.5109375 0.2609375000000001 0.5109375
2 0.70625 0.48125 0.7015625 0.48125 0.7015625 0.5125 0.70625 0.5125
2 0.09218750000000007 0.6109375 0.07812500000000007 0.6109375 0.07812500000000008 0.66875 0.09218750000000009 0.66875
2 0.5390625 0.5421875 0.525 0.5421875 0.525 0.6078125 0.5390625 0.6078125
2 0.2062500000000001 0.5078125 0.20312500000000008 0.5078125 0.20312500000000008 0.5328125 0.2062500000000001 0.5328125
2 0.3765625000000001 0.465625 0.3734375000000001 0.465625 0.3734375000000001 0.4875 0.3765625000000001 0.4875
2 0.2812500000000001 0.503125 0.2765625000000001 0.503125 0.2765625000000001 0.5328125 0.2812500000000001 0.5328125
2 0.5765625 0.5921875 0.55625 0.5921875 0.55625 0.684375 0.5765625 0.684375
2 0.3515625000000001 0.4921875 0.3453125000000001 0.4921875 0.3453125000000001 0.5234375 0.3515625000000001 0.5234375
2 0.3593750000000001 0.484375 0.35625000000000007 0.484375 0.35625000000000007 0.51875 0.3593750000000001 0.51875
2 0.4640625 0.4640625 0.459375 0.4640625 0.459375 0.4875 0.4640625 0.4875
2 0.3500000000000001 0.5546875 0.3375000000000001 0.5546875 0.3375000000000001 0.634375 0.3500000000000001 0.634375
2 0.428125 0.4875 0.4234375 0.4875 0.4234375 0.5109375 0.428125 0.5109375
2 0.5375 0.4734375 0.5328125 0.4734375 0.5328125 0.5125 0.5375 0.5125