0 0.603125 0.6046875 0.5890625 0.6046875 0.5890625 0.6328125 0.603125 0.6328125
2 0.3968750000000001 0.5328125 0.3859375000000001 0.5328125 0.3859375000000001 0.5953125 0.3968750000000001 0.5953125
2 0.38750000000000007 0.4703125 0.3812500000000001 0.4703125 0.3812500000000001 0.5046875 0.38750000000000007 0.5046875
2 0.3218750000000001 0.5015625 0.3156250000000001 0.5015625 0.3156250000000001 0.54375 0.3218750000000001 0.54375
2 0.26250000000000007 0.5328125 0.25468750000000007 0.5328125 0.25468750000000007 0.5921875 0.26250000000000007 0.5921875
2 0.4453125 0.4734375 0.4390625 0.4734375 0.4390625 0.515625 0.4453125 0.515625
2 0.778125 0.4906250000000002 0.7734375 0.4906250000000002 0.7734375 0.5281250000000002 0.778125 0.5281250000000002
2 0.78125 0.5406250000000001 0.7734375 0.5406250000000001 0.7734375 0.5968750000000002 0.78125 0.5968750000000002
2 0.1437500000000001 0.6453125 0.1296875000000001 0.6453125 0.1296875000000001 0.7390625 0.1437500000000001 0.7390625
2 0.684375 0.4921875 0.6765625 0.4921875 0.6765625 0.5390625 0.684375 0.5390625
2 0.3765625000000001 0.534375 0.3625000000000001 0.534375 0.3625000000000001 0.59375 0.3765625000000001 0.59375
2 0.24218750000000008 0.6265625 0.2312500000000001 0.6265625 0.2312500000000001 0.715625 0.24218750000000008 0.715625
2 0.17968750000000008 0.690625 0.16562500000000008 0.690625 0.16562500000000008 0.7796875 0.17968750000000008 0.7796875
2 0.609375 0.4703125 0.6015625 0.4703125 0.6015625 0.509375 0.609375 0.509375
2 0.803125 0.6265625000000001 0.7921875 0.6265625000000001 0.7921875 0.7078125000000002 0.803125 0.7078125000000002
2 0.3890625000000001 0.58125 0.3750000000000001 0.58125 0.3750000000000001 0.6703125 0.3890625000000001 0.6703125
2 0.2234375000000001 0.5890625 0.2140625000000001 0.5890625 0.2140625000000001 0.6640625 0.2234375000000001 0.6640625
2 0.1937500000000001 0.728125 0.17968750000000008 0.728125 0.17968750000000008 0.85 0.1937500000000001 0.85
2 0.3156250000000001 0.7734375 0.2906250000000001 0.7734375 0.2906250000000001 0.915625 0.3156250000000001 0.915625
2 0.3765625000000001 0.8171875 0.3453125000000001 0.8171875 0.3453125000000001 0.9609375 0.3765625000000001 0.9609375
2 0.5296875 0.609375 0.4984375 0.609375 0.4984375 0.71875 0.5296875 0.71875
2 0.6078125 0.6390625 0.5921875 0.6390625 0.5921875 0.7046875 0.6078125 0.7046875
2 0.19375000000000003 0.515625 0.18750000000000006 0.515625 0.18750000000000006 0.5421875 0.19375000000000003 0.5421875