0 0.5125000000000002 0.7484375 0.5000000000000002 0.7484375 0.5000000000000002 0.7671875 0.5125000000000002 0.7671875
2 0.4046875 0.484375 0.3984375000000001 0.484375 0.3984375000000001 0.5140625 0.4046875 0.5140625
2 0.35625000000000007 0.5046875 0.3500000000000001 0.5046875 0.3500000000000001 0.5453125 0.35625000000000007 0.5453125
2 0.415625 0.4828125 0.409375 0.4828125 0.409375 0.5125 0.415625 0.5125
2 0.64375 0.49375 0.6359375 0.49375 0.6359375 0.5359375 0.64375 0.5359375
2 0.721875 0.5484375 0.7125 0.5484375 0.7125 0.61875 0.721875 0.61875
2 0.3218750000000001 0.503125 0.3156250000000001 0.503125 0.3156250000000001 0.5375 0.3218750000000001 0.5375
2 0.2156250000000001 0.578125 0.2062500000000001 0.578125 0.2062500000000001 0.64375 0.2156250000000001 0.64375
2 0.22656250000000008 0.5 0.2218750000000001 0.5 0.2218750000000001 0.5265625 0.22656250000000008 0.5265625
2 0.2984375000000001 0.54375 0.2906250000000001 0.54375 0.2906250000000001 0.5921875 0.2984375000000001 0.5921875
2 0.2312500000000001 0.56875 0.2218750000000001 0.56875 0.2218750000000001 0.6296875 0.2312500000000001 0.6296875
2 0.2671875000000001 0.521875 0.2609375000000001 0.521875 0.2609375000000001 0.5625 0.2671875000000001 0.5625
2 0.68125 0.59375 0.6703125 0.59375 0.6703125 0.684375 0.68125 0.684375
2 0.22812500000000008 0.6515625 0.21875000000000008 0.6515625 0.21875000000000008 0.7546875 0.22812500000000008 0.7546875
2 0.8328125 0.5890625000000002 0.8203125 0.5890625000000002 0.8203125 0.6671875000000002 0.8328125 0.6671875000000002
2 0.6078125 0.5953125 0.5890625 0.5953125 0.5890625 0.675 0.6078125 0.675
2 0.753125 0.49218750000000017 0.7484375 0.49218750000000017 0.7484375 0.5234375000000002 0.753125 0.5234375000000002
2 0.29375000000000007 0.540625 0.2875000000000001 0.540625 0.2875000000000001 0.590625 0.29375000000000007 0.590625
2 0.3390625000000001 0.6890625 0.32500000000000007 0.6890625 0.32500000000000007 0.8109375 0.3390625000000001 0.8109375
2 0.7156250000000002 0.778125 0.6843750000000002 0.778125 0.6843750000000002 0.9203125 0.7156250000000002 0.9203125
2 0.5218750000000001 0.640625 0.4953125 0.640625 0.4953125000000001 0.7609375 0.5218750000000002 0.7609375
2 0.5078125000000001 0.665625 0.4703125 0.665625 0.4703125000000001 0.75625 0.5078125000000002 0.75625
2 0.4765625 0.565625 0.4609375 0.565625 0.4609375 0.65625 0.4765625 0.65625
2 0.3906250000000001 0.5953125 0.3734375000000001 0.5953125 0.3734375000000001 0.6921875 0.3906250000000001 0.6921875