0 0.4515625 0.6140625 0.4453125 0.6140625 0.4453125 0.625 0.4515625 0.625
2 0.7125 0.5046875 0.70625 0.5046875 0.70625 0.5453125 0.7125 0.5453125
2 0.7890625 0.5609375000000002 0.778125 0.5609375000000002 0.778125 0.6328125000000002 0.7890625 0.6328125000000002
2 0.640625 0.51875 0.6328125 0.51875 0.6328125 0.5671875 0.640625 0.5671875
2 0.7046875 0.4953125 0.6984375 0.4953125 0.6984375 0.5390625 0.7046875 0.5390625
2 0.653125 0.4859375 0.646875 0.4859375 0.646875 0.5203125 0.653125 0.5203125
2 0.6203125 0.53125 0.6125 0.53125 0.6125 0.6 0.6203125 0.6
2 0.584375 0.4734375 0.578125 0.4734375 0.578125 0.4984375 0.584375 0.4984375
2 0.559375 0.5515625 0.55 0.5515625 0.55 0.6234375 0.559375 0.6234375
2 0.6234375 0.4796875 0.6171875 0.4796875 0.6171875 0.521875 0.6234375 0.521875
2 0.7 0.5171875 0.6875 0.5171875 0.6875 0.5625 0.7 0.5625
2 0.6609375 0.4828125 0.65625 0.4828125 0.65625 0.5171875 0.6609375 0.5171875
2 0.5421875 0.471875 0.534375 0.471875 0.534375 0.5015625 0.5421875 0.5015625
2 0.759375 0.5921875000000002 0.7453125 0.5921875000000002 0.7453125 0.6671875000000002 0.759375 0.6671875000000002
2 0.4265625 0.496875 0.4171875 0.496875 0.4171875 0.5375 0.4265625 0.5375
2 0.7625 0.5265625000000002 0.75625 0.5265625000000002 0.75625 0.5765625000000002 0.7625 0.5765625000000002
2 0.6328125 0.4609375 0.628125 0.4609375 0.628125 0.4875 0.6328125 0.4875
2 0.2765625000000001 0.5015625 0.2718750000000001 0.5015625 0.2718750000000001 0.534375 0.2765625000000001 0.534375
2 0.5859375 0.4953125 0.5765625 0.4953125 0.5765625 0.540625 0.5859375 0.540625
2 0.5078125 0.5609375 0.4828125 0.5609375 0.4828125 0.6421875 0.5078125 0.6421875
2 0.790625 0.47968750000000016 0.7875 0.47968750000000016 0.7875 0.5062500000000002 0.790625 0.5062500000000002
2 0.721875 0.6578125 0.70625 0.6578125 0.70625 0.76875 0.7218750000000002 0.76875
2 0.44375 0.5578125 0.4125 0.5578125 0.4125 0.628125 0.44375 0.628125
2 0.43125 0.5125 0.4203125 0.5125 0.4203125 0.565625 0.43125 0.565625