0 0.1062500000000001 0.596875 0.10312500000000009 0.596875 0.10312500000000009 0.603125 0.1062500000000001 0.603125
2 0.3218750000000001 0.496875 0.3156250000000001 0.496875 0.3156250000000001 0.546875 0.3218750000000001 0.546875
2 0.74375 0.47656250000000017 0.7375 0.47656250000000017 0.7375 0.5093750000000001 0.74375 0.5093750000000001
2 0.27812500000000007 0.53125 0.2718750000000001 0.53125 0.2718750000000001 0.5859375 0.27812500000000007 0.5859375
2 0.11562500000000009 0.55625 0.10468750000000009 0.55625 0.10468750000000009 0.6 0.11562500000000009 0.6
2 0.5875 0.46875 0.578125 0.46875 0.578125 0.5171875 0.5875 0.5171875
2 0.18593750000000006 0.5234375 0.17968750000000006 0.5234375 0.17968750000000006 0.5609375 0.1859375000000001 0.5609375
2 0.615625 0.50625 0.6078125 0.50625 0.6078125 0.5609375 0.615625 0.5609375
2 0.5328125 0.51875 0.5203125 0.51875 0.5203125 0.5875 0.5328125 0.5875
2 0.6796875 0.578125 0.6703125 0.578125 0.6703125 0.646875 0.6796875 0.646875
2 0.2953125000000001 0.4734375 0.2906250000000001 0.4734375 0.2906250000000001 0.5078125 0.2953125000000001 0.5078125
2 0.22656250000000008 0.609375 0.2140625000000001 0.609375 0.2140625000000001 0.6796875 0.22656250000000008 0.6796875
2 0.2671875000000001 0.509375 0.2609375000000001 0.509375 0.2609375000000001 0.5515625 0.2671875000000001 0.5515625
2 0.22656250000000008 0.575 0.2171875000000001 0.575 0.2171875000000001 0.625 0.22656250000000008 0.625
2 0.17187500000000008 0.5578125 0.16406250000000008 0.5578125 0.16406250000000008 0.6015625 0.17187500000000008 0.6015625
2 0.5515625 0.4546875 0.54375 0.4546875 0.54375 0.4890625 0.5515625 0.4890625
2 0.2593750000000001 0.6484375 0.24375000000000008 0.6484375 0.24375000000000008 0.7453125 0.2593750000000001 0.7453125
2 0.25468750000000007 0.4859375 0.2515625000000001 0.4859375 0.2515625000000001 0.515625 0.25468750000000007 0.515625
2 0.4765625 0.4578125 0.46875 0.4578125 0.46875 0.4953125 0.4765625 0.4953125
2 0.4203125000000001 0.678125 0.403125 0.678125 0.40312500000000007 0.796875 0.4203125000000002 0.796875
2 0.478125 0.51875 0.465625 0.51875 0.465625 0.5953125 0.478125 0.5953125
2 0.17343750000000005 0.5015625 0.16875000000000004 0.5015625 0.16875000000000004 0.5265625 0.17343750000000005 0.5265625
2 0.2687500000000001 0.55625 0.2593750000000001 0.55625 0.2593750000000001 0.621875 0.2687500000000001 0.621875