2 0.35625000000000007 0.475 0.3515625000000001 0.475 0.3515625000000001 0.5140625 0.35625000000000007 0.5140625
2 0.2734375000000001 0.4828125 0.27031250000000007 0.4828125 0.27031250000000007 0.5125 0.2734375000000001 0.5125
2 0.45 0.5265625 0.440625 0.5265625 0.440625 0.590625 0.45 0.590625
2 0.28593750000000007 0.478125 0.2828125000000001 0.478125 0.2828125000000001 0.5109375 0.28593750000000007 0.5109375
2 0.3968750000000001 0.446875 0.3921875000000001 0.446875 0.3921875000000001 0.471875 0.3968750000000001 0.471875
2 0.4734375 0.48125 0.4640625 0.48125 0.4640625 0.534375 0.4734375 0.534375
2 0.2468750000000001 0.490625 0.24218750000000008 0.490625 0.24218750000000008 0.5234375 0.2468750000000001 0.5234375
2 0.41875 0.528125 0.4109375 0.528125 0.4109375 0.5921875 0.41875 0.5921875
2 0.22812500000000008 0.490625 0.2250000000000001 0.490625 0.2250000000000001 0.51875 0.22812500000000008 0.51875
2 0.2015625000000001 0.5421875 0.19375000000000003 0.5421875 0.19375000000000006 0.5953125 0.2015625000000001 0.5953125
2 0.68125 0.4734375 0.675 0.4734375 0.675 0.5125 0.68125 0.5125
2 0.2562500000000001 0.5 0.2515625000000001 0.5 0.2515625000000001 0.534375 0.2562500000000001 0.534375
2 0.2218750000000001 0.5125 0.2171875000000001 0.5125 0.2171875000000001 0.553125 0.2218750000000001 0.553125
2 0.46875 0.45625 0.459375 0.45625 0.459375 0.4859375 0.46875 0.4859375
2 0.33281250000000007 0.45625 0.3296875000000001 0.45625 0.3296875000000001 0.475 0.33281250000000007 0.475
2 0.29375000000000007 0.5015625 0.2890625000000001 0.5015625 0.2890625000000001 0.5453125 0.29375000000000007 0.5453125
2 0.3218750000000001 0.4640625 0.3187500000000001 0.4640625 0.3187500000000001 0.4921875 0.3218750000000001 0.4921875
2 0.2906250000000001 0.4609375 0.2890625000000001 0.4609375 0.2890625000000001 0.478125 0.2906250000000001 0.478125
2 0.16562500000000005 0.5015625 0.16250000000000003 0.5015625 0.16250000000000003 0.5265625 0.16562500000000005 0.5265625
2 0.09843750000000007 0.546875 0.08906250000000007 0.546875 0.08906250000000007 0.58125 0.09843750000000007 0.58125
2 0.2312500000000001 0.4875 0.22656250000000008 0.4875 0.22656250000000008 0.5203125 0.2312500000000001 0.5203125
2 0.2921875000000001 0.4890625 0.28593750000000007 0.4890625 0.28593750000000007 0.5078125 0.2921875000000001 0.5078125
2 0.2968750000000001 0.4734375 0.2890625000000001 0.4734375 0.2890625000000001 0.496875 0.2968750000000001 0.496875