0 0.08281250000000007 0.5984375 0.07968750000000006 0.5984375 0.07968750000000006 0.6078125 0.08281250000000007 0.6078125
2 0.3203125000000001 0.3953125 0.3156250000000001 0.3953125 0.3156250000000001 0.428125 0.3203125000000001 0.428125
2 0.19062500000000004 0.45 0.18593750000000003 0.45 0.18593750000000003 0.4828125 0.19062500000000004 0.4828125
2 0.3187500000000001 0.421875 0.3125000000000001 0.421875 0.3125000000000001 0.4796875 0.3187500000000001 0.4796875
2 0.2140625000000001 0.4765625 0.20468750000000008 0.4765625 0.20468750000000008 0.5375 0.2140625000000001 0.5375
2 0.6015625 0.37968750000000007 0.5953125 0.37968750000000007 0.5953125 0.421875 0.6015625 0.421875
2 0.775 0.4812500000000002 0.765625 0.4812500000000002 0.765625 0.5531250000000002 0.775 0.5531250000000002
2 0.12343750000000006 0.5375 0.11406250000000004 0.5375 0.11406250000000007 0.5984375 0.12343750000000009 0.5984375
2 0.7359375 0.4421875000000002 0.7296875 0.4421875000000002 0.7296875 0.5000000000000002 0.7359375 0.5000000000000002
2 0.21250000000000008 0.4734375 0.20312500000000008 0.4734375 0.20312500000000008 0.5296875 0.21250000000000008 0.5296875
2 0.3156250000000001 0.43125 0.30937500000000007 0.43125 0.30937500000000007 0.4890625 0.3156250000000001 0.4890625
2 0.34062500000000007 0.415625 0.33281250000000007 0.415625 0.33281250000000007 0.4734375 0.34062500000000007 0.4734375
2 0.3453125000000001 0.41875 0.3390625000000001 0.41875 0.3390625000000001 0.4828125 0.3453125000000001 0.4828125
2 0.3515625000000001 0.41875 0.3437500000000001 0.41875 0.3437500000000001 0.48125 0.3515625000000001 0.48125
2 0.4890625 0.37968750000000007 0.4765625 0.37968750000000007 0.4765625 0.428125 0.4890625 0.428125
2 0.534375 0.3625000000000001 0.5265625 0.3625000000000001 0.5265625 0.4 0.534375 0.4
2 0.634375 0.4125 0.621875 0.4125 0.621875 0.475 0.634375 0.475
2 0.675 0.471875 0.6625 0.471875 0.6625 0.5453125 0.675 0.5453125
2 0.6984375 0.465625 0.684375 0.465625 0.684375 0.54375 0.6984375 0.54375
2 0.715625 0.5296875 0.7046875 0.5296875 0.7046875 0.640625 0.715625 0.640625
2 0.7234375 0.5484375 0.7078125 0.5484375 0.7078125 0.659375 0.7234375 0.659375
2 0.7796875 0.47968750000000016 0.771875 0.47968750000000016 0.771875 0.5531250000000002 0.7796875 0.5531250000000002
2 0.5296875 0.3468750000000001 0.525 0.3468750000000001 0.525 0.37187500000000007 0.5296875 0.37187500000000007
2 0.76875 0.41718750000000016 0.7625 0.41718750000000016 0.7625 0.4468750000000002 0.76875 0.4468750000000002