3 0.5453125 0.23593750000000008 0.5359375 0.23593750000000008 0.5359375 0.2609375000000001 0.5453125 0.2609375000000001
2 0.8421875 0.3265625000000001 0.834375 0.3265625000000001 0.834375 0.3609375000000001 0.8421875 0.3609375000000001
0 0.6015625 0.70625 0.5921875 0.70625 0.5921875 0.7171875 0.6015625 0.7171875
1 0.2671875 0.3390625 0.259375 0.3390625 0.259375 0.375 0.2671875000000001 0.375
2 0.578125 0.2750000000000001 0.5703125 0.2750000000000001 0.5703125 0.3109375000000001 0.578125 0.3109375000000001
3 0.9109375 0.971875 0.896875 0.971875 0.896875 1 0.9109375 1
2 0.496875 0.2921875000000001 0.4859375 0.2921875000000001 0.4859375 0.3265625000000001 0.496875 0.3265625000000001
2 0.5171875 0.6078125 0.5 0.6078125 0.5 0.671875 0.5171875 0.671875
2 0.415625 0.3593750000000001 0.403125 0.3593750000000001 0.403125 0.3984375000000001 0.415625 0.3984375000000001
2 0.5109375 0.6296875 0.49375 0.6296875 0.49375 0.690625 0.5109375 0.690625
2 0.3734375000000001 0.4125 0.3609375000000001 0.4125 0.3609375000000001 0.453125 0.3734375000000001 0.453125
3 0.41875 0.49375 0.4078125 0.49375 0.4078125 0.5453125 0.41875 0.5453125
2 0.409375 0.459375 0.39531250000000007 0.459375 0.39531250000000007 0.5125 0.409375 0.5125
2 0.828125 0.7359375000000001 0.815625 0.7359375000000001 0.815625 0.80625 0.828125 0.80625
2 0.446875 0.3500000000000001 0.4390625 0.3500000000000001 0.4390625 0.3906250000000001 0.446875 0.3906250000000001
2 0.60625 0.3859375000000001 0.596875 0.3859375000000001 0.596875 0.43125 0.60625 0.43125
2 0.2453125000000001 0.6875 0.2312500000000001 0.6875 0.2312500000000001 0.7515625 0.2453125000000001 0.7515625
2 0.584375 0.3781250000000001 0.5703125 0.3781250000000001 0.5703125 0.41875 0.584375 0.41875
2 0.825 0.4468750000000002 0.8109375 0.4468750000000002 0.8109375 0.4968750000000002 0.825 0.4968750000000002
2 0.3187500000000001 0.453125 0.3046875000000001 0.453125 0.3046875000000001 0.4984375 0.3187500000000001 0.4984375
2 0.6796875 0.5234375 0.659375 0.5234375 0.659375 0.571875 0.6796875 0.571875
2 0.3312500000000001 0.521875 0.3140625000000001 0.521875 0.3140625000000001 0.5765625 0.3312500000000001 0.5765625
2 0.2609375000000001 0.6265625 0.2453125000000001 0.6265625 0.2453125000000001 0.690625 0.2609375000000001 0.690625
2 0.3859375000000001 0.59375 0.3687500000000001 0.59375 0.3687500000000001 0.65625 0.3859375000000001 0.65625
2 0.4171875 0.475 0.4046875 0.475 0.4046875 0.528125 0.4171875 0.528125