2 0.49375 0.3265625000000001 0.484375 0.3265625000000001 0.484375 0.35625000000000007 0.49375 0.35625000000000007
2 0.6265625 0.3109375000000001 0.6140625 0.3109375000000001 0.6140625 0.3421875000000001 0.6265625 0.3421875000000001
2 0.3390625000000001 0.3953125 0.3296875000000001 0.3953125 0.3296875000000001 0.43125 0.3390625000000001 0.43125
2 0.64375 0.478125 0.6328125 0.478125 0.6328125 0.5234375 0.64375 0.5234375
2 0.66875 0.4109375 0.659375 0.4109375 0.659375 0.446875 0.66875 0.446875
2 0.39531250000000007 0.37187500000000007 0.3859375000000001 0.37187500000000007 0.3859375000000001 0.4109375 0.39531250000000007 0.4109375
2 0.3046875000000001 0.4703125 0.2953125000000001 0.4703125 0.2953125000000001 0.5171875 0.3046875000000001 0.5171875
2 0.7421875 0.3671875000000001 0.73125 0.3671875000000001 0.73125 0.40156250000000016 0.7421875 0.40156250000000016
2 0.34062500000000007 0.440625 0.3296875000000001 0.440625 0.3296875000000001 0.4859375 0.34062500000000007 0.4859375
2 0.3781250000000001 0.6734375 0.3593750000000001 0.6734375 0.3593750000000001 0.740625 0.3781250000000001 0.740625
2 0.2828125000000001 0.4984375 0.2734375000000001 0.4984375 0.2734375000000001 0.5421875 0.2828125000000001 0.5421875
2 0.5359375 0.4359375 0.525 0.4359375 0.525 0.4828125 0.5359375 0.4828125
3 0.4015625 0.4796875 0.3906250000000001 0.4796875 0.3906250000000001 0.5234375 0.4015625 0.5234375
1 0.12187500000000004 0.3921875 0.10781250000000005 0.3921875 0.10781250000000005 0.4328125 0.12187500000000004 0.4328125
2 0.2406250000000001 0.7390625 0.22031250000000008 0.7390625 0.22031250000000008 0.8078125 0.2406250000000001 0.8078125
2 0.3750000000000001 0.6078125 0.3609375000000001 0.6078125 0.3609375000000001 0.6671875 0.3750000000000001 0.6671875
2 0.2234375000000001 0.6484375 0.2093750000000001 0.6484375 0.2093750000000001 0.7078125 0.2234375000000001 0.7078125
2 0.6109375000000001 0.7171875 0.5921875 0.7171875 0.5921875000000001 0.7859375 0.6109375000000001 0.7859375
2 0.834375 0.5500000000000002 0.821875 0.5500000000000002 0.821875 0.6062500000000002 0.834375 0.6062500000000002
3 0.9890625 0.8515625 0.959375 0.8515625 0.959375 0.93125 0.9890625 0.93125
2 0.5 0.5515625 0.4859375 0.5515625 0.4859375 0.6109375 0.5 0.6109375
3 0.409375 0.2640625000000001 0.4015625 0.2640625000000001 0.4015625 0.2953125000000001 0.409375 0.2953125000000001
2 0.39375000000000004 0.3593750000000001 0.384375 0.3593750000000001 0.384375 0.403125 0.3937500000000001 0.403125
2 0.3375000000000001 0.3828125 0.3265625000000001 0.3828125 0.3265625000000001 0.421875 0.3375000000000001 0.421875
0 0.73125 0.4187500000000002 0.7265625 0.4187500000000002 0.7265625 0.42968750000000017 0.73125 0.42968750000000017