2 0.28593750000000007 0.403125 0.2765625000000001 0.403125 0.2765625000000001 0.4453125 0.28593750000000007 0.4453125
2 0.2921875000000001 0.396875 0.27812500000000007 0.396875 0.27812500000000007 0.44375 0.2921875000000001 0.44375
2 0.71875 0.3984375000000001 0.7078125 0.3984375000000001 0.7078125 0.4375 0.71875 0.4375
2 0.6640625 0.509375 0.65 0.509375 0.65 0.5609375 0.6640625 0.5609375
2 0.2250000000000001 0.51875 0.21093750000000008 0.51875 0.21093750000000008 0.5640625 0.2250000000000001 0.5640625
1 0.12500000000000006 0.3734375 0.11093750000000005 0.3734375 0.11093750000000005 0.4125 0.12500000000000006 0.4125
2 0.509375 0.4875 0.4921875 0.4875 0.4921875 0.53125 0.509375 0.53125
2 0.546875 0.3218750000000001 0.5328125 0.3218750000000001 0.5328125 0.3546875000000001 0.546875 0.3546875000000001
2 0.39531250000000007 0.3859375000000001 0.3859375000000001 0.3859375000000001 0.3859375000000001 0.4265625 0.39531250000000007 0.4265625
2 0.29375000000000007 0.465625 0.2796875000000001 0.465625 0.2796875000000001 0.515625 0.29375000000000007 0.515625
2 0.3703125000000001 0.4046875 0.3609375000000001 0.4046875 0.3609375000000001 0.4484375 0.3703125000000001 0.4484375
2 0.38593750000000004 0.3421875000000001 0.3796875 0.3421875000000001 0.37968750000000007 0.37187500000000007 0.3859375000000001 0.37187500000000007
2 0.1843750000000001 0.6703125 0.17187500000000008 0.6703125 0.17187500000000008 0.73125 0.1843750000000001 0.73125
2 0.2484375000000001 0.4796875 0.2390625000000001 0.4796875 0.2390625000000001 0.528125 0.2484375000000001 0.528125
2 0.22812500000000008 0.6296875 0.21250000000000008 0.6296875 0.21250000000000008 0.69375 0.22812500000000008 0.69375
2 0.24218750000000008 0.65625 0.2218750000000001 0.65625 0.2218750000000001 0.71875 0.24218750000000008 0.71875
2 0.4765625 0.475 0.4625 0.475 0.4625 0.5234375 0.4765625 0.5234375
2 0.2218750000000001 0.7203125 0.2015625000000001 0.7203125 0.2015625000000001 0.7890625 0.2218750000000001 0.7890625
3 0.8359375 0.8515625 0.8203125 0.8515625 0.8203125 0.9125 0.8359375 0.9125
3 0.3296875000000001 0.50625 0.31718750000000007 0.50625 0.31718750000000007 0.5515625 0.3296875000000001 0.5515625
2 0.4906250000000001 0.6734375 0.4734375 0.6734375 0.47343750000000007 0.734375 0.4906250000000002 0.734375
2 0.459375 0.615625 0.4390625 0.615625 0.4390625 0.678125 0.459375 0.678125
2 0.8125 0.6718750000000002 0.796875 0.6718750000000002 0.7968750000000001 0.7468750000000002 0.8125 0.7468750000000002
3 0.4046875 0.25468750000000007 0.3953125 0.25468750000000007 0.3953125 0.2812500000000001 0.4046875 0.2812500000000001