2 0.271875 0.209375 0.2625 0.209375 0.2625 0.259375 0.271875 0.259375
2 0.3625 0.18593750000000003 0.35 0.18593750000000003 0.35 0.2328125 0.3625 0.2328125
2 0.2765625 0.30625 0.2625 0.30625 0.2625 0.3609375 0.2765625 0.3609375
2 0.13125000000000003 0.3453125 0.11562500000000005 0.3453125 0.11562500000000005 0.4 0.13125000000000003 0.4
2 0.3484375 0.28125 0.3375 0.28125 0.3375 0.340625 0.3484375 0.340625
2 0.13437500000000005 0.384375 0.11875000000000005 0.384375 0.11875000000000005 0.4578125 0.13437500000000005 0.4578125
2 0.6421875 0.2250000000000001 0.6328125 0.2250000000000001 0.6328125 0.2765625000000001 0.6421875 0.2765625000000001
2 0.409375 0.2609375000000001 0.4 0.2609375000000001 0.4 0.3140625000000001 0.409375 0.3140625000000001
1 0.8796875 0.2921875000000001 0.865625 0.2921875000000001 0.865625 0.3515625000000001 0.8796875 0.3515625000000001
2 0.4890625 0.31718750000000007 0.475 0.31718750000000007 0.475 0.3828125000000001 0.4890625 0.3828125000000001
2 0.515625 0.2515625000000001 0.5046875 0.2515625000000001 0.5046875 0.3062500000000001 0.515625 0.3062500000000001
2 0.4546875 0.3296875000000001 0.4421875 0.3296875000000001 0.4421875 0.3890625000000001 0.4546875 0.3890625000000001
2 0.6734375 0.3265625000000001 0.6546875 0.3265625000000001 0.6546875 0.38750000000000007 0.6734375 0.38750000000000007
2 0.17656250000000004 0.2890625 0.15937500000000004 0.2890625 0.15937500000000004 0.3453125 0.17656250000000004 0.3453125
3 0.28437500000000004 0.34375 0.26875 0.34375 0.26875000000000004 0.415625 0.2843750000000001 0.415625
2 0.14687500000000003 0.4234375 0.12968750000000004 0.4234375 0.12968750000000004 0.503125 0.14687500000000003 0.503125
2 0.4734375 0.4234375 0.453125 0.4234375 0.453125 0.4984375 0.4734375 0.4984375
2 0.32343750000000004 0.35625 0.3046875 0.35625 0.30468750000000006 0.421875 0.3234375000000001 0.421875
2 0.8359375 0.4312500000000002 0.8171875 0.4312500000000002 0.8171875 0.5062500000000002 0.8359375 0.5062500000000002
2 0.18906250000000005 0.4546875 0.16875000000000004 0.4546875 0.16875000000000004 0.5265625 0.18906250000000005 0.5265625
2 0.17343750000000008 0.5515625 0.1437500000000001 0.5515625 0.1437500000000001 0.64375 0.17343750000000008 0.64375
2 0.503125 0.7 0.4765625 0.7 0.4765625000000001 0.803125 0.5031250000000002 0.803125
3 0.2015625 0.17968750000000006 0.1890625 0.17968750000000006 0.18906250000000002 0.2296875 0.2015625 0.2296875
0 0.665625 0.3625000000000001 0.659375 0.3625000000000001 0.659375 0.3734375000000001 0.665625 0.3734375000000001