2 0.22656250000000008 0.3890625 0.21875000000000008 0.3890625 0.21875000000000008 0.4328125 0.22656250000000008 0.4328125
2 0.19687500000000005 0.3546875 0.18437500000000004 0.3546875 0.18437500000000004 0.3984375 0.19687500000000005 0.3984375
2 0.8921875 0.4281250000000002 0.875 0.4281250000000002 0.875 0.4781250000000002 0.8921875 0.4781250000000002
2 0.12500000000000006 0.459375 0.10937500000000004 0.459375 0.10937500000000004 0.5140625 0.12500000000000006 0.5140625
2 0.4171875 0.33281250000000007 0.4078125 0.33281250000000007 0.4078125 0.37187500000000007 0.4171875 0.37187500000000007
2 0.2609375000000001 0.375 0.2531250000000001 0.375 0.2531250000000001 0.41875 0.2609375000000001 0.41875
2 0.23593750000000008 0.4546875 0.2218750000000001 0.4546875 0.2218750000000001 0.5140625 0.23593750000000008 0.5140625
2 0.4359375 0.3984375000000001 0.425 0.3984375000000001 0.425 0.45 0.4359375 0.45
2 0.6078125 0.2921875000000001 0.6 0.2921875000000001 0.6 0.3312500000000001 0.6078125 0.3312500000000001
1 0.8015625 0.3421875000000001 0.7921875 0.3421875000000001 0.7921875 0.3859375000000001 0.8015625 0.3859375000000001
3 0.33281250000000007 0.3984375 0.3187500000000001 0.3984375 0.3187500000000001 0.4484375 0.33281250000000007 0.4484375
2 0.2593750000000001 0.465625 0.2500000000000001 0.465625 0.2500000000000001 0.5203125 0.2593750000000001 0.5203125
2 0.4234375 0.403125 0.415625 0.403125 0.415625 0.453125 0.4234375 0.453125
2 0.13593750000000007 0.50625 0.11875000000000005 0.50625 0.11875000000000006 0.5765625 0.1359375000000001 0.5765625
2 0.1984375000000001 0.6109375 0.1843750000000001 0.6109375 0.1843750000000001 0.684375 0.1984375000000001 0.684375
2 0.459375 0.6265625 0.4453125 0.6265625 0.4453125 0.7015625 0.459375 0.7015625
2 0.17968750000000006 0.5328125 0.16718750000000004 0.5328125 0.16718750000000007 0.5984375 0.17968750000000008 0.5984375
2 0.4125 0.4796875 0.39531250000000007 0.4796875 0.39531250000000007 0.5375 0.4125 0.5375
2 0.12500000000000006 0.4421875 0.10937500000000004 0.4421875 0.10937500000000004 0.496875 0.12500000000000006 0.496875
2 0.13750000000000004 0.36875 0.12187500000000004 0.36875 0.12187500000000004 0.4203125 0.13750000000000004 0.4203125
2 0.209375 0.3125 0.19687500000000005 0.3125 0.19687500000000005 0.3578125 0.209375 0.3578125
3 0.13906250000000003 0.2828125 0.12812500000000004 0.2828125 0.12812500000000004 0.3234375 0.13906250000000003 0.3234375
2 0.3296875 0.2828125 0.3203125 0.2828125 0.3203125 0.31875 0.3296875 0.31875
0 0.8484375 0.46093750000000017 0.8421875 0.46093750000000017 0.8421875 0.47187500000000016 0.8484375 0.47187500000000016