2 0.4375 0.19531250000000006 0.4234375 0.19531250000000006 0.4234375 0.23437500000000008 0.4375 0.23437500000000008
2 0.325 0.2546875 0.3125 0.2546875 0.3125 0.3046875 0.325 0.3046875
2 0.3109375 0.296875 0.3 0.296875 0.3 0.3546875 0.3109375 0.3546875
2 0.16250000000000003 0.3421875 0.14218750000000005 0.3421875 0.14218750000000005 0.4078125 0.16250000000000003 0.4078125
2 0.7296875 0.2515625000000001 0.7125 0.2515625000000001 0.7125 0.3046875000000001 0.7296875 0.3046875000000001
2 0.2375000000000001 0.3921875 0.2093750000000001 0.3921875 0.2093750000000001 0.45625 0.2375000000000001 0.45625
2 0.521875 0.2578125000000001 0.5109375 0.2578125000000001 0.5109375 0.30937500000000007 0.521875 0.30937500000000007
2 0.2 0.271875 0.18281250000000004 0.271875 0.18281250000000004 0.328125 0.2 0.328125
2 0.4984375 0.3203125000000001 0.484375 0.3203125000000001 0.484375 0.3828125000000001 0.4984375 0.3828125000000001
2 0.4890625 0.3234375000000001 0.475 0.3234375000000001 0.475 0.3859375000000001 0.4890625 0.3859375000000001
2 0.2796875 0.296875 0.2625 0.296875 0.2625 0.35 0.2796875 0.35
2 0.15937500000000004 0.3765625 0.14218750000000005 0.3765625 0.14218750000000005 0.4515625 0.15937500000000004 0.4515625
2 0.26562500000000006 0.3625 0.2515625 0.3625 0.2515625 0.43125 0.2656250000000001 0.43125
2 0.2578125000000001 0.41875 0.23437500000000008 0.41875 0.23437500000000008 0.4890625 0.2578125000000001 0.4890625
2 0.45625 0.425 0.440625 0.425 0.440625 0.496875 0.45625 0.496875
2 0.9046875 0.44062500000000016 0.884375 0.44062500000000016 0.884375 0.5156250000000002 0.9046875 0.5156250000000002
3 0.3296875 0.34375 0.315625 0.34375 0.31562500000000004 0.4125 0.3296875000000001 0.4125
1 0.9046875 0.2984375000000001 0.8890625 0.2984375000000001 0.8890625 0.3578125000000001 0.9046875 0.3578125000000001
2 0.5281250000000001 0.678125 0.5125 0.678125 0.5125000000000001 0.7796875 0.5281250000000002 0.7796875
2 0.14687500000000003 0.4 0.12812500000000004 0.4 0.12812500000000004 0.4734375 0.14687500000000003 0.4734375
2 0.23593750000000008 0.5625 0.21093750000000008 0.5625 0.21093750000000008 0.653125 0.23593750000000008 0.653125
3 0.2 0.19531250000000006 0.18906250000000005 0.19531250000000006 0.18906250000000005 0.2390625 0.2 0.2390625
0 0.7078125 0.2953125000000001 0.703125 0.2953125000000001 0.703125 0.3062500000000001 0.7078125 0.3062500000000001
2 0.3328125 0.21875 0.3203125 0.21875 0.3203125 0.2640625 0.3328125 0.2640625