3 0.29375 0.265625 0.2875 0.265625 0.2875 0.3015625 0.29375 0.3015625
2 0.5890625 0.2718750000000001 0.5796875 0.2718750000000001 0.5796875 0.3062500000000001 0.5890625 0.3062500000000001
2 0.5484375 0.3031250000000001 0.5390625 0.3031250000000001 0.5390625 0.34843750000000007 0.5484375 0.34843750000000007
2 0.40625 0.3265625000000001 0.3984375 0.3265625000000001 0.39843750000000006 0.36406250000000007 0.40625 0.36406250000000007
2 0.3625 0.2890625 0.3546875 0.2890625 0.3546875 0.325 0.3625 0.325
2 0.4109375 0.3593750000000001 0.4015625 0.3593750000000001 0.4015625 0.409375 0.4109375 0.409375
2 0.5015625 0.29375000000000007 0.490625 0.29375000000000007 0.490625 0.3296875000000001 0.5015625 0.3296875000000001
2 0.6453125 0.2968750000000001 0.634375 0.2968750000000001 0.634375 0.3359375000000001 0.6453125 0.3359375000000001
2 0.5546875 0.3234375000000001 0.5421875 0.3234375000000001 0.5421875 0.3671875000000001 0.5546875 0.3671875000000001
2 0.28125000000000006 0.3328125 0.271875 0.3328125 0.27187500000000003 0.3796875 0.2812500000000001 0.3796875
3 0.521875 0.34062500000000007 0.5125 0.34062500000000007 0.5125 0.3843750000000001 0.521875 0.3843750000000001
2 0.6515625 0.3578125000000001 0.640625 0.3578125000000001 0.640625 0.40625 0.6515625 0.40625
2 0.5515625 0.4046875 0.540625 0.4046875 0.540625 0.4578125 0.5515625 0.4578125
2 0.6828125 0.3500000000000001 0.6703125 0.3500000000000001 0.6703125 0.4 0.6828125 0.4
2 0.7125 0.4625 0.7015625 0.4625 0.7015625 0.53125 0.7125 0.53125
2 0.39531250000000007 0.428125 0.3828125000000001 0.428125 0.3828125000000001 0.4890625 0.39531250000000007 0.4890625
2 0.3671875000000001 0.39062500000000006 0.3515625000000001 0.390625 0.3515625000000001 0.4453125 0.3671875000000001 0.4453125
3 0.95 0.7046875000000001 0.9109375 0.7046875000000001 0.9109375 0.815625 0.95 0.815625
2 0.84375 0.6640625000000002 0.8234375 0.6640625000000002 0.8234375 0.7625000000000002 0.84375 0.7625000000000002
2 0.7609375 0.5203125000000002 0.746875 0.5203125000000002 0.746875 0.5906250000000002 0.7609375 0.5906250000000002
2 0.7375 0.4062500000000001 0.721875 0.40625 0.721875 0.4703125000000001 0.7375 0.4703125000000002
2 0.19531250000000006 0.3890625 0.18437500000000004 0.3890625 0.18437500000000004 0.44375 0.19531250000000006 0.44375
2 0.2375000000000001 0.553125 0.2171875000000001 0.553125 0.2171875000000001 0.6359375 0.2375000000000001 0.6359375
0 0.2875000000000001 0.3734375 0.2828125000000001 0.3734375 0.2828125000000001 0.384375 0.2875000000000001 0.384375