2 0.678125 0.4640625 0.434375 0.4640625 0.434375 0.715625 0.678125 0.715625
0 0.7171875 0.4953125 0.6921875 0.4953125 0.6921875 0.565625 0.7171875 0.565625
2 0.5328125 0.2812500000000001 0.50625 0.2812500000000001 0.50625 0.39531250000000007 0.5328125 0.39531250000000007
2 0.475 0.2765625000000001 0.4546875 0.2765625000000001 0.4546875 0.3500000000000001 0.475 0.3500000000000001
2 0.809375 0.3062500000000001 0.76875 0.3062500000000001 0.76875 0.5343750000000002 0.809375 0.5343750000000002
2 0.7609375 0.2984375000000001 0.7296875 0.2984375000000001 0.7296875 0.44062500000000016 0.7609375 0.44062500000000016
2 0.9609375 0.39531250000000007 0.8828125 0.39531250000000007 0.8828125 0.7468750000000002 0.9609375 0.7468750000000002
3 0.9953125 0.3468750000000001 0.9703125 0.3468750000000001 0.9703125 0.4656250000000002 0.9953125 0.4656250000000002
2 0.721875 0.2953125000000001 0.690625 0.2953125000000001 0.690625 0.3968750000000001 0.721875 0.3968750000000001
2 0.709375 0.34062500000000007 0.6609375 0.34062500000000007 0.6609375 0.3968750000000001 0.709375 0.3968750000000001
2 0.671875 0.2890625000000001 0.64375 0.2890625000000001 0.64375 0.4046875 0.671875 0.4046875
2 0.646875 0.28593750000000007 0.6234375 0.28593750000000007 0.6234375 0.3765625000000001 0.646875 0.3765625000000001
2 0.6109375 0.2843750000000001 0.5828125 0.2843750000000001 0.5828125 0.3593750000000001 0.6109375 0.3593750000000001
2 0.55625 0.2765625000000001 0.5453125 0.2765625000000001 0.5453125 0.31718750000000007 0.55625 0.31718750000000007
2 0.575 0.2750000000000001 0.5640625 0.2750000000000001 0.5640625 0.3156250000000001 0.575 0.3156250000000001