0 0.3265625000000001 0.4234375 0.3140625000000001 0.4234375 0.3140625000000001 0.4390625 0.3265625000000001 0.4390625
1 0.6578125 0.3656250000000001 0.6265625 0.3656250000000001 0.6265625 0.434375 0.6578125 0.434375
2 0.06406250000000005 0.3265625 0.01718750000000004 0.3265625 0.017187500000000043 0.4140625 0.06406250000000005 0.4140625
2 0.05625000000000006 0.4421875 0.03593750000000005 0.4421875 0.03593750000000006 0.55 0.056250000000000064 0.55
3 0.2156250000000001 0.55625 0.1906250000000001 0.55625 0.1906250000000001 0.646875 0.2156250000000001 0.646875
3 1 0.878125 0.9609375 0.878125 0.9609375 1 1 1
2 0.721875 0.6578125 0.70625 0.6578125 0.70625 0.7515625 0.7218750000000002 0.7515625
2 0.4640625 0.5140625 0.4453125 0.5140625 0.4453125 0.5953125 0.4640625 0.5953125
2 0.446875 0.471875 0.428125 0.471875 0.428125 0.565625 0.446875 0.565625
2 0.421875 0.37187500000000007 0.4015625 0.37187500000000007 0.4015625 0.471875 0.421875 0.471875
2 0.25781250000000006 0.3234375 0.2171875 0.3234375 0.21718750000000003 0.3984375 0.2578125000000001 0.3984375
2 0.22656250000000008 0.821875 0.2015625000000001 0.821875 0.2015625000000001 0.9390625 0.22656250000000008 0.9390625
2 0.1500000000000001 0.859375 0.12500000000000008 0.859375 0.1250000000000001 0.98125 0.15000000000000013 0.98125
2 0.5140625 0.41875 0.4828125 0.41875 0.4828125 0.5 0.5140625 0.5
2 0.6265625 0.5453125 0.6015625 0.5453125 0.6015625 0.625 0.6265625 0.625
2 0.3234375000000001 0.365625 0.3046875000000001 0.365625 0.3046875000000001 0.45625 0.3234375000000001 0.45625