0 0.6546875 0.4375 0.6328125 0.4375 0.6328125 0.475 0.6546875 0.475
1 0.6203125 0.3781250000000001 0.590625 0.3781250000000001 0.590625 0.465625 0.6203125 0.465625
2 0.7031250000000001 0.6359375 0.665625 0.6359375 0.6656250000000001 0.734375 0.7031250000000002 0.734375
2 0.5953125 0.4625 0.5671875 0.4625 0.5671875 0.546875 0.5953125 0.546875
2 0.484375 0.4859375 0.459375 0.4859375 0.459375 0.5734375 0.484375 0.5734375
2 0.4328125 0.4296875 0.4 0.4296875 0.4 0.525 0.4328125 0.525
3 0.18906250000000008 0.5140625 0.16406250000000006 0.5140625 0.16406250000000006 0.609375 0.18906250000000008 0.609375
2 0.3468750000000001 0.3890625 0.30937500000000007 0.3890625 0.30937500000000007 0.4796875 0.3468750000000001 0.4796875
2 0.428125 0.3812500000000001 0.4125 0.3812500000000001 0.4125 0.4515625 0.428125 0.4515625
2 0.434375 0.3234375000000001 0.4046875 0.3234375000000001 0.4046875 0.4 0.434375 0.4
2 0.3968750000000001 0.3937500000000001 0.3750000000000001 0.3937500000000001 0.3750000000000001 0.4703125 0.3968750000000001 0.4703125
2 0.18125000000000005 0.3484375 0.16093750000000004 0.3484375 0.16093750000000004 0.4390625 0.18125000000000005 0.4390625
2 0.14218750000000005 0.4359375 0.11718750000000004 0.4359375 0.11718750000000004 0.5234375 0.14218750000000005 0.5234375
2 0.2718750000000001 0.7890625 0.23437500000000008 0.7890625 0.23437500000000008 0.909375 0.2718750000000001 0.909375
2 0.1828125000000001 0.83125 0.1609375000000001 0.83125 0.16093750000000012 0.946875 0.18281250000000013 0.946875
2 0.05156250000000009 0.71875 0.02343750000000009 0.71875 0.023437500000000094 0.8046875 0.05156250000000009 0.8046875