0 0.8296875 0.5265625000000002 0.8203125 0.5265625000000002 0.8203125 0.5468750000000002 0.8296875 0.5468750000000002
2 0.8546875 0.5015625000000001 0.825 0.5015625000000001 0.825 0.6203125000000002 0.8546875 0.6203125000000002
2 0.3578125000000001 0.3765625 0.3281250000000001 0.3765625 0.3281250000000001 0.4578125 0.3578125000000001 0.4578125
2 0.32500000000000007 0.3515625 0.2984375 0.3515625 0.2984375 0.43125 0.32500000000000007 0.43125
2 0.11406250000000004 0.340625 0.08750000000000005 0.340625 0.08750000000000005 0.4171875 0.11406250000000004 0.4171875
2 0.03281250000000005 0.3546875 0.0015625000000000437 0.3546875 0.0015625000000000489 0.440625 0.03281250000000006 0.440625
2 0.2734375000000001 0.503125 0.2390625000000001 0.503125 0.2390625000000001 0.61875 0.2734375000000001 0.61875
2 0.3281250000000001 0.496875 0.2921875000000001 0.496875 0.2921875000000001 0.60625 0.3281250000000001 0.60625
2 0.33281250000000007 0.61875 0.2984375000000001 0.61875 0.2984375000000001 0.6828125 0.33281250000000007 0.6828125
2 0.3031250000000001 0.6390625 0.26250000000000007 0.6390625 0.26250000000000007 0.796875 0.3031250000000001 0.796875
3 0.034375000000000065 0.471875 0.0062500000000000585 0.471875 0.006250000000000065 0.590625 0.03437500000000008 0.590625
2 0.453125 0.55625 0.38750000000000007 0.55625 0.38750000000000007 0.7171875 0.453125 0.7171875
2 0.3890625000000001 0.759375 0.3375000000000001 0.759375 0.3375000000000001 0.971875 0.3890625000000001 0.971875
2 0.6890625 0.4859375 0.6515625 0.4859375 0.6515625 0.603125 0.6890625 0.603125
1 0.6640625 0.2921875000000001 0.640625 0.2921875000000001 0.640625 0.3765625000000001 0.6640625 0.3765625000000001