0 0.684375 0.646875 0.66875 0.646875 0.66875 0.6859375 0.684375 0.6859375
3 0.09375000000000007 0.5078125 0.06562500000000007 0.5078125 0.06562500000000007 0.609375 0.09375000000000007 0.609375
2 0.12500000000000006 0.36875 0.10468750000000004 0.36875 0.10468750000000004 0.4453125 0.12500000000000006 0.4453125
2 0.15781250000000008 0.540625 0.13281250000000006 0.540625 0.13281250000000006 0.6390625 0.15781250000000008 0.6390625
2 0.11562500000000009 0.5984375 0.09218750000000006 0.5984375 0.09218750000000007 0.6859375 0.11562500000000009 0.6859375
2 0.51875 0.4703125 0.4890625 0.4703125 0.4890625 0.546875 0.51875 0.546875
2 0.734375 0.596875 0.7078125 0.596875 0.7078125 0.6671875 0.734375 0.6671875000000002
2 0.74375 0.5718750000000001 0.71875 0.571875 0.71875 0.6406250000000001 0.74375 0.6406250000000002
2 0.5 0.3734375000000001 0.4734375 0.3734375000000001 0.4734375 0.4578125 0.5 0.4578125
1 0.7734375 0.3453125000000001 0.7453125 0.3453125000000001 0.7453125 0.4265625000000002 0.7734375 0.4265625000000002
3 0.971875 0.83125 0.93125 0.83125 0.93125 0.9328125 0.971875 0.9328125