0 0.5421875000000002 0.7984375 0.5265625000000002 0.7984375 0.5265625000000002 0.8265625 0.5421875000000002 0.8265625
1 0.22500000000000003 0.303125 0.19218750000000004 0.303125 0.19218750000000004 0.409375 0.2250000000000001 0.409375
3 0.9625 0.20468750000000008 0.934375 0.20468750000000008 0.934375 0.2765625000000001 0.9625 0.2765625000000001
3 0.7781250000000001 0.6093750000000001 0.7171875 0.609375 0.7171875000000001 0.7468750000000001 0.7781250000000002 0.7468750000000002
2 0.2875000000000001 0.559375 0.2593750000000001 0.559375 0.2593750000000001 0.6671875 0.2875000000000001 0.6671875
2 0.2734375000000001 0.553125 0.2453125000000001 0.553125 0.2453125000000001 0.678125 0.2734375000000001 0.678125
2 0.409375 0.4484375 0.3703125000000001 0.4484375 0.3703125000000001 0.559375 0.409375 0.559375
2 0.41093750000000007 0.6625 0.3609375000000001 0.6625 0.3609375000000001 0.80625 0.4109375000000002 0.80625
2 0.61875 0.37187500000000007 0.58125 0.37187500000000007 0.58125 0.48125 0.61875 0.48125
2 0.6609375 0.50625 0.621875 0.50625 0.621875 0.6265625 0.6609375 0.6265625
2 0.7875 0.46406250000000016 0.74375 0.46406250000000016 0.74375 0.6156250000000002 0.7875 0.6156250000000002
2 0.596875 0.678125 0.55 0.678125 0.55 0.815625 0.5968750000000002 0.815625
2 0.5703125000000002 0.7421875 0.5359375000000002 0.7421875 0.5359375000000002 0.8765625 0.5703125000000002 0.8765625
2 0.6250000000000002 0.7265625 0.5765625000000002 0.7265625 0.5765625000000002 0.9015625 0.6250000000000002 0.9015625
2 0.6515625 0.5828125 0.6046875 0.5828125 0.6046875 0.7203125 0.6515625 0.7203125
2 0.7015625000000001 0.6515625 0.65625 0.6515625 0.6562500000000001 0.8453125 0.7015625000000002 0.8453125
2 0.778125 0.2906250000000001 0.746875 0.2906250000000001 0.746875 0.4000000000000002 0.778125 0.4000000000000002
2 0.98125 0.2984375000000001 0.953125 0.2984375000000001 0.953125 0.3921875000000001 0.98125 0.3921875000000001