1 0.6515625 0.471875 0.4671875 0.471875 0.4671875 0.709375 0.6515625 0.709375
2 0.884375 0.37187500000000007 0.834375 0.37187500000000007 0.834375 0.7078125000000002 0.884375 0.7078125000000002
2 0.9328125 0.3687500000000001 0.8890625 0.3687500000000001 0.8890625 0.5562500000000001 0.9328125 0.5562500000000001
3 0.990625 0.3500000000000001 0.96875 0.3500000000000001 0.96875 0.46093750000000017 0.990625 0.46093750000000017
2 0.7515625 0.3000000000000001 0.721875 0.3000000000000001 0.721875 0.4359375000000001 0.7515625 0.4359375000000002
2 0.78125 0.3156250000000001 0.74375 0.3156250000000001 0.74375 0.5171875000000001 0.78125 0.5171875000000001
2 0.53125 0.2812500000000001 0.5015625 0.2812500000000001 0.5015625 0.39531250000000007 0.53125 0.39531250000000007
2 0.475 0.2750000000000001 0.4578125 0.2750000000000001 0.4578125 0.3437500000000001 0.475 0.3437500000000001
2 0.653125 0.2765625000000001 0.6234375 0.2765625000000001 0.6234375 0.4 0.653125 0.4
2 0.6171875 0.2828125000000001 0.59375 0.2828125000000001 0.59375 0.37968750000000007 0.6171875 0.37968750000000007
2 0.5953125 0.2765625000000001 0.5734375 0.2765625000000001 0.5734375 0.3593750000000001 0.5953125 0.3593750000000001
2 0.6984375 0.34843750000000007 0.65 0.34843750000000007 0.65 0.3906250000000001 0.6984375 0.3906250000000001
2 0.7140625 0.3046875000000001 0.6859375 0.3046875000000001 0.6859375 0.3921875000000001 0.7140625 0.3921875000000001
2 0.553125 0.2687500000000001 0.5421875 0.2687500000000001 0.5421875 0.3140625000000001 0.553125 0.3140625000000001
2 0.5703125 0.2750000000000001 0.5578125 0.2750000000000001 0.5578125 0.3156250000000001 0.5703125 0.3156250000000001