2 0.5546875000000002 0.8421875 0.5156250000000002 0.8421875 0.5156250000000002 0.98125 0.5546875000000002 0.98125
2 0.6625 0.5828125 0.6359375 0.5828125 0.6359375 0.7046875 0.6625 0.7046875
2 0.6734375 0.4828125 0.65 0.4828125 0.65 0.578125 0.6734375 0.578125
2 0.765625 0.41718750000000016 0.7390625 0.41718750000000016 0.7390625 0.5171875000000001 0.765625 0.5171875000000001
3 0.734375 0.2015625000000001 0.7078125 0.2015625000000001 0.7078125 0.27031250000000007 0.734375 0.27031250000000007
3 0.3828125000000001 0.628125 0.3500000000000001 0.628125 0.3500000000000001 0.7328125 0.3828125000000001 0.7328125
2 0.3375000000000001 0.625 0.30937500000000007 0.625 0.30937500000000007 0.7421875 0.3375000000000001 0.7421875
2 0.55625 0.5484375 0.5296875 0.5484375 0.5296875 0.6109375 0.55625 0.6109375
2 0.596875 0.49375 0.5625 0.49375 0.5625 0.5796875 0.596875 0.5796875
2 0.503125 0.4828125 0.4765625 0.4828125 0.4765625 0.5765625 0.503125 0.5765625
2 0.5375 0.4421875 0.509375 0.4421875 0.509375 0.53125 0.5375 0.53125
2 0.51875 0.5125 0.49375 0.5125 0.49375 0.60625 0.51875 0.60625
2 0.446875 0.4984375 0.4171875 0.4984375 0.4171875 0.5921875 0.446875 0.5921875
2 0.3468750000000001 0.484375 0.3234375000000001 0.484375 0.3234375000000001 0.5765625 0.3468750000000001 0.5765625
2 0.30156250000000007 0.5125 0.2765625000000001 0.5125 0.2765625000000001 0.6 0.30156250000000007 0.6
2 0.2609375000000001 0.4703125 0.2406250000000001 0.4703125 0.2406250000000001 0.5640625 0.2609375000000001 0.5640625
1 0.3390625000000001 0.4484375 0.2984375000000001 0.4484375 0.2984375000000001 0.5265625 0.3390625000000001 0.5265625