3 0.21250000000000008 0.471875 0.17812500000000003 0.471875 0.17812500000000003 0.5421875 0.21250000000000008 0.5421875
0 0.790625 0.5078125000000002 0.778125 0.5078125000000002 0.778125 0.5343750000000002 0.790625 0.5343750000000002
1 0.8875 0.3609375000000001 0.8609375 0.3609375000000001 0.8609375 0.44843750000000016 0.8875 0.44843750000000016
3 0.8671875 0.821875 0.8359375 0.821875 0.8359375 0.9078125 0.8671875 0.9078125
2 0.28750000000000003 0.34375 0.259375 0.34375 0.259375 0.4078125 0.2875000000000001 0.4078125
2 0.11875000000000005 0.271875 0.10000000000000005 0.271875 0.10000000000000005 0.33125 0.11875000000000005 0.33125
2 0.08593750000000004 0.31875 0.06406250000000005 0.31875 0.06406250000000005 0.3734375 0.08593750000000004 0.3734375
2 0.07187500000000005 0.396875 0.05312500000000005 0.396875 0.053125000000000054 0.465625 0.07187500000000006 0.465625
2 0.2000000000000001 0.5796875 0.1750000000000001 0.5796875 0.1750000000000001 0.646875 0.2000000000000001 0.646875
2 0.2406250000000001 0.528125 0.21250000000000008 0.528125 0.21250000000000008 0.5984375 0.2406250000000001 0.5984375
2 0.5328125 0.4578125 0.4984375 0.4578125 0.4984375 0.5359375 0.5328125 0.5359375
2 0.5578125 0.37187500000000007 0.5328125 0.37187500000000007 0.5328125 0.45625 0.5578125 0.45625
2 0.7375 0.5703125000000001 0.7078125 0.5703125 0.7078125 0.6375000000000001 0.7375 0.6375000000000002
2 0.7703125 0.5968750000000002 0.7421875 0.5968750000000002 0.7421875 0.6718750000000002 0.7703125 0.6718750000000002