0 0.7734375 0.5078125000000002 0.7546875 0.5078125000000002 0.7546875 0.5375000000000002 0.7734375 0.5375000000000002
3 0.884375 0.8296875 0.85 0.8296875 0.85 0.90625 0.884375 0.90625
3 0.16875000000000007 0.4796875 0.15000000000000005 0.4796875 0.15000000000000008 0.5484375 0.1687500000000001 0.5484375
2 0.21250000000000008 0.5375 0.18437500000000004 0.5375 0.18437500000000007 0.6140625 0.21250000000000008 0.6140625
2 0.1687500000000001 0.58125 0.1437500000000001 0.58125 0.1437500000000001 0.6484375 0.1687500000000001 0.6484375
2 0.515625 0.459375 0.484375 0.459375 0.484375 0.528125 0.515625 0.528125
2 0.5296875 0.3703125000000001 0.5109375 0.3703125000000001 0.5109375 0.440625 0.5296875 0.440625
2 0.74375 0.5703125000000001 0.715625 0.5703125 0.715625 0.6406250000000001 0.74375 0.6406250000000002
2 0.765625 0.5875000000000001 0.7390625 0.5875000000000001 0.7390625 0.6468750000000002 0.765625 0.6468750000000002
2 0.24843750000000003 0.3546875 0.2078125 0.3546875 0.20781250000000004 0.425 0.2484375000000001 0.425
2 0.05312500000000005 0.284375 0.029687500000000033 0.284375 0.02968750000000004 0.3359375 0.05312500000000005 0.3359375
2 0.010937500000000043 0.3171875 3.884426566045511e-17 0.3171875 4.324534009489091e-17 0.3890625 0.010937500000000048 0.3890625
2 0.012500000000000056 0.4 4.898587196589413e-17 0.4 5.367397299388009e-17 0.4765625 0.012500000000000061 0.4765625
1 0.846875 0.3625000000000001 0.821875 0.3625000000000001 0.821875 0.42968750000000017 0.846875 0.42968750000000017