2 0.7296875 0.45000000000000007 0.7 0.45 0.7 0.5796875000000001 0.7296875 0.5796875000000001
2 0.6640625 0.4890625 0.6078125 0.4890625 0.6078125 0.615625 0.6640625 0.615625
2 0.5234375000000001 0.625 0.4765625 0.625 0.4765625000000001 0.7640625 0.5234375000000002 0.7640625
2 0.4234375 0.5703125 0.3828125000000001 0.5703125 0.3828125000000001 0.6953125 0.4234375 0.6953125
2 0.0718750000000001 0.7984375 0.0062500000000000975 0.7984375 0.00625000000000011 0.9984375 0.07187500000000013 0.9984375
2 0.1703125000000001 0.584375 0.11718750000000008 0.584375 0.11718750000000008 0.7140625 0.1703125000000001 0.7140625
2 0.4046875 0.4796875 0.3343750000000001 0.4796875 0.3343750000000001 0.5859375 0.4046875 0.5859375
0 0.471875 0.521875 0.44375 0.521875 0.44375 0.55 0.471875 0.55
2 0.48125 0.40625 0.4421875 0.40625 0.4421875 0.48125 0.48125 0.48125
2 0.5953125 0.2921875000000001 0.5703125 0.2921875000000001 0.5703125 0.3968750000000001 0.5953125 0.3968750000000001
3 0.2640625000000001 0.4484375 0.22656250000000008 0.4484375 0.22656250000000008 0.5734375 0.2640625000000001 0.5734375
2 0.2734375 0.2578125 0.2453125 0.2578125 0.2453125 0.3171875 0.2734375 0.3171875
2 0.27812500000000007 0.3609375 0.253125 0.3609375 0.25312500000000004 0.4390625 0.27812500000000007 0.4390625
2 0.2562500000000001 0.3921875 0.2250000000000001 0.3921875 0.2250000000000001 0.478125 0.2562500000000001 0.478125
2 0.45625 0.3468750000000001 0.434375 0.3468750000000001 0.434375 0.421875 0.45625 0.421875
2 0.634375 0.3609375000000001 0.615625 0.3609375000000001 0.615625 0.4484375 0.634375 0.4484375
2 0.55625 0.5 0.521875 0.5 0.521875 0.59375 0.55625 0.59375
2 0.525 0.453125 0.49375 0.453125 0.49375 0.5375 0.525 0.5375
2 0.509375 0.5296875 0.4765625 0.5296875 0.4765625 0.609375 0.509375 0.609375
2 0.6515625 0.3375000000000001 0.6265625 0.3375000000000001 0.6265625 0.434375 0.6515625 0.434375