2 0.9421875 0.7843750000000002 0.909375 0.7843750000000002 0.909375 0.9375 0.9421875 0.9375
2 0.66875 0.46875 0.640625 0.46875 0.640625 0.5546875 0.66875 0.5546875
2 0.4640625 0.525 0.4390625 0.525 0.4390625 0.6375 0.4640625 0.6375
2 0.48125 0.4890625 0.4609375 0.4890625 0.4609375 0.5875 0.48125 0.5875
2 0.5671875 0.425 0.5453125 0.425 0.5453125 0.515625 0.5671875 0.515625
2 0.5671875 0.3765625000000001 0.5421875 0.3765625000000001 0.5421875 0.453125 0.5671875 0.453125
2 0.4765625 0.2953125000000001 0.4515625 0.2953125000000001 0.4515625 0.3750000000000001 0.4765625 0.3750000000000001
2 0.4140625 0.2875000000000001 0.39375 0.2875000000000001 0.39375 0.35625000000000007 0.4140625 0.35625000000000007
2 0.3187500000000001 0.403125 0.2953125000000001 0.403125 0.2953125000000001 0.496875 0.3187500000000001 0.496875
2 0.10781250000000005 0.44375 0.07968750000000005 0.44375 0.07968750000000005 0.5328125 0.10781250000000005 0.5328125
2 0.054687500000000056 0.44375 0.031250000000000056 0.44375 0.03125000000000006 0.54375 0.05468750000000007 0.54375
2 0.2890625000000001 0.375 0.2671875000000001 0.375 0.2671875000000001 0.4578125 0.2890625000000001 0.4578125
2 0.26406250000000003 0.325 0.2375 0.325 0.23750000000000004 0.39375 0.2640625000000001 0.39375
2 0.203125 0.2734375 0.17343750000000005 0.2734375 0.17343750000000005 0.3453125 0.203125 0.3453125
2 0.2515625 0.2484375 0.225 0.2484375 0.225 0.3140625 0.2515625 0.3140625
3 0.30625 0.3140625 0.28125 0.3140625 0.28125000000000006 0.3921875 0.3062500000000001 0.3921875
2 0.4 0.27812500000000007 0.378125 0.27812500000000007 0.378125 0.3453125000000001 0.4 0.3453125000000001
2 0.21875 0.2140625 0.19531250000000006 0.2140625 0.19531250000000006 0.28125 0.21875 0.28125
1 0.828125 0.2812500000000001 0.8109375 0.2812500000000001 0.8109375 0.3468750000000001 0.828125 0.3468750000000001