3 0.2234375000000001 0.5671875 0.19531250000000008 0.5671875 0.19531250000000008 0.6578125 0.2234375000000001 0.6578125
2 0.02031250000000006 0.44375 5.43437017121638e-17 0.44375 6.113666442618428e-17 0.5546875 0.020312500000000067 0.5546875
2 0.17656250000000004 0.321875 0.15625000000000006 0.321875 0.15625000000000006 0.4171875 0.17656250000000004 0.4171875
3 0.9921875 0.865625 0.959375 0.865625 0.959375 0.9953125 0.9921875 0.9953125
2 0.440625 0.53125 0.4109375 0.53125 0.4109375 0.6015625 0.440625 0.6015625
2 0.31718750000000007 0.3734375 0.28593750000000007 0.3734375 0.28593750000000007 0.4546875 0.31718750000000007 0.4546875
1 0.675 0.3515625000000001 0.65 0.3515625000000001 0.65 0.43125 0.675 0.43125
2 0.528125 0.4359375 0.5078125 0.4359375 0.5078125 0.521875 0.528125 0.521875
2 0.63125 0.5765625 0.6078125 0.5765625 0.6078125 0.6375 0.63125 0.6375
2 0.721875 0.659375 0.6921875 0.659375 0.6921875000000001 0.76875 0.7218750000000002 0.76875
2 0.421875 0.3812500000000001 0.4 0.3812500000000001 0.4 0.475 0.421875 0.475
2 0.421875 0.4984375 0.409375 0.4984375 0.409375 0.5671875 0.421875 0.5671875
2 0.1906250000000001 0.8328125 0.1593750000000001 0.8328125 0.1593750000000001 0.946875 0.19062500000000013 0.946875
2 0.1250000000000001 0.8796875 0.09062500000000011 0.8796875 0.09062500000000011 0.996875 0.12500000000000014 0.996875
0 0.30937500000000007 0.41875 0.3031250000000001 0.41875 0.3031250000000001 0.4328125 0.30937500000000007 0.4328125