2 0.3296875000000001 0.8125 0.2968750000000001 0.8125 0.2968750000000001 0.91875 0.3296875000000001 0.91875
2 0.3234375000000001 0.609375 0.2968750000000001 0.609375 0.2968750000000001 0.6890625 0.3234375000000001 0.6890625
2 0.45625 0.55625 0.421875 0.55625 0.421875 0.6390625 0.45625 0.6390625
2 0.825 0.6281250000000002 0.809375 0.6281250000000002 0.809375 0.7234375000000002 0.825 0.7234375000000002
2 0.6828125 0.4953125 0.665625 0.4953125 0.665625 0.5796875 0.6828125 0.5796875
2 0.4046875 0.4421875 0.3859375000000001 0.4421875 0.3859375000000001 0.5265625 0.4046875 0.5265625
2 0.6734375 0.4828125 0.653125 0.4828125 0.653125 0.571875 0.6734375 0.571875
2 0.37187500000000007 0.38750000000000007 0.34843750000000007 0.3875 0.34843750000000007 0.478125 0.37187500000000007 0.478125
2 0.4 0.3687500000000001 0.3843750000000001 0.3687500000000001 0.3843750000000001 0.4328125 0.4 0.4328125
2 0.4984375 0.3546875000000001 0.4765625 0.3546875000000001 0.4765625 0.4265625 0.4984375 0.4265625
2 0.478125 0.2921875000000001 0.4609375 0.2921875000000001 0.4609375 0.3671875000000001 0.478125 0.3671875000000001
2 0.3890625 0.2843750000000001 0.3703125 0.2843750000000001 0.3703125 0.34843750000000007 0.3890625 0.34843750000000007
2 0.55 0.2875000000000001 0.528125 0.2875000000000001 0.528125 0.34843750000000007 0.55 0.34843750000000007
2 0.5796875 0.23593750000000008 0.5625 0.23593750000000008 0.5625 0.2968750000000001 0.5796875 0.2968750000000001
2 0.6609375 0.22031250000000008 0.640625 0.22031250000000008 0.640625 0.2796875000000001 0.6609375 0.2796875000000001
2 0.721875 0.2890625000000001 0.7015625 0.2890625000000001 0.7015625 0.3468750000000001 0.721875 0.3468750000000001
2 0.8953125 0.3078125000000001 0.878125 0.3078125000000001 0.878125 0.3781250000000001 0.8953125 0.3781250000000001
2 0.9515625 0.3265625000000001 0.9359375 0.3265625000000001 0.9359375 0.40625000000000017 0.9515625 0.40625000000000017
2 0.99375 0.5718750000000001 0.965625 0.5718750000000001 0.965625 0.6562500000000002 0.99375 0.6562500000000002
2 0.9265625 0.4984375000000002 0.9 0.4984375000000002 0.9 0.5843750000000002 0.9265625 0.5843750000000002
0 0.3468750000000001 0.646875 0.3343750000000001 0.646875 0.3343750000000001 0.665625 0.3468750000000001 0.665625
3 0.421875 0.16718750000000004 0.409375 0.16718750000000004 0.409375 0.2250000000000001 0.421875 0.2250000000000001
3 0.51875 0.3828125000000001 0.5 0.3828125000000001 0.5 0.4484375 0.51875 0.4484375