2 0.2390625 0.2375 0.2234375 0.2375 0.2234375 0.29375 0.2390625 0.29375
3 0.06562500000000002 0.2125 0.051562500000000025 0.2125 0.051562500000000025 0.259375 0.06562500000000002 0.259375
2 0.2531250000000001 0.38125 0.2093750000000001 0.38125 0.2093750000000001 0.4703125 0.2531250000000001 0.4703125
2 0.06875000000000005 0.2890625 0.03750000000000003 0.2890625 0.03750000000000004 0.39375 0.06875000000000005 0.39375
2 0.36250000000000004 0.328125 0.3453125 0.328125 0.3453125 0.3921875 0.3625000000000001 0.3921875
2 0.34687500000000004 0.328125 0.328125 0.328125 0.32812500000000006 0.4046875 0.3468750000000001 0.4046875
2 0.5109375 0.4796875 0.4703125 0.4796875 0.4703125 0.596875 0.5109375 0.596875
2 0.3859375000000001 0.5453125 0.3437500000000001 0.5453125 0.3437500000000001 0.6765625 0.3859375000000001 0.6765625
2 0.3265625000000001 0.75625 0.2765625000000001 0.75625 0.2765625000000001 0.9421875 0.3265625000000001 0.9421875
2 0.6343750000000001 0.6921875 0.584375 0.6921875 0.5843750000000001 0.85625 0.6343750000000001 0.85625
2 0.9734375 0.6140625000000002 0.9234375 0.6140625000000002 0.9234375 0.7484375000000002 0.9734375 0.7484375000000002
2 0.9078125 0.5656250000000002 0.859375 0.5656250000000002 0.859375 0.7171875000000002 0.9078125 0.7171875000000002
2 0.709375 0.446875 0.6765625 0.446875 0.6765625 0.5546875 0.709375 0.5546875
2 0.6765625 0.496875 0.6484375 0.496875 0.6484375 0.6171875 0.6765625 0.6171875
0 0.6859375 0.565625 0.6734375 0.565625 0.6734375 0.5921875 0.6859375 0.5921875
2 0.64375 0.5171875 0.6046875 0.5171875 0.6046875 0.6625 0.64375 0.6625
2 0.575 0.4 0.5375 0.4 0.5375 0.4953125 0.575 0.4953125
2 0.4359375 0.2734375000000001 0.4078125 0.2734375000000001 0.4078125 0.34062500000000007 0.4359375 0.34062500000000007
2 0.5046875 0.2562500000000001 0.4796875 0.2562500000000001 0.4796875 0.3312500000000001 0.5046875 0.3312500000000001
2 0.60625 0.3000000000000001 0.5890625 0.3000000000000001 0.5890625 0.3656250000000001 0.60625 0.3656250000000001
2 0.5859375 0.2953125000000001 0.5609375 0.2953125000000001 0.5609375 0.3625000000000001 0.5859375 0.3625000000000001
3 0.45 0.3671875000000001 0.4171875 0.3671875000000001 0.4171875 0.4609375 0.45 0.4609375
1 0.9953125 0.2593750000000001 0.9703125 0.2593750000000001 0.9703125 0.3343750000000001 0.9953125 0.3343750000000001