3 0.2250000000000001 0.546875 0.1937500000000001 0.546875 0.1937500000000001 0.65625 0.2250000000000001 0.65625
2 0.026562500000000037 0.3171875 0.0062500000000000385 0.3171875 0.006250000000000045 0.4078125 0.026562500000000044 0.4078125
1 0.6734375 0.34843750000000007 0.6421875 0.34843750000000007 0.6421875 0.4421875 0.6734375 0.4421875
3 1 0.8671875 0.959375 0.8671875 0.959375 0.9875 1 0.9875
2 0.21250000000000005 0.31875 0.18593750000000003 0.31875 0.18593750000000003 0.409375 0.21250000000000008 0.409375
2 0.04375000000000006 0.4625 0.009375000000000055 0.4625 0.00937500000000006 0.55 0.04375000000000007 0.55
2 0.2078125000000001 0.8296875 0.1828125000000001 0.8296875 0.1828125000000001 0.934375 0.2078125000000001 0.934375
2 0.13906250000000012 0.871875 0.1062500000000001 0.871875 0.10625000000000011 0.9875 0.13906250000000014 0.9875
2 0.425 0.37187500000000007 0.3906250000000001 0.37187500000000007 0.3906250000000001 0.459375 0.425 0.459375
2 0.3140625000000001 0.3671875 0.2890625000000001 0.3671875 0.2890625000000001 0.446875 0.3140625000000001 0.446875
0 0.31718750000000007 0.434375 0.3109375000000001 0.434375 0.3109375000000001 0.45 0.31718750000000007 0.45
2 0.7234375000000001 0.65 0.684375 0.65 0.6843750000000001 0.75 0.7234375000000002 0.75
2 0.5171875 0.428125 0.5015625 0.428125 0.5015625 0.5125 0.5171875 0.5125
2 0.6296875 0.5671875 0.603125 0.5671875 0.603125 0.6375 0.6296875 0.6375
2 0.453125 0.53125 0.4296875 0.53125 0.4296875 0.621875 0.453125 0.621875
2 0.4328125 0.490625 0.4109375 0.490625 0.4109375 0.559375 0.4328125 0.559375