2 0.7109375000000001 0.6875 0.653125 0.6875 0.6531250000000001 0.83125 0.7109375000000002 0.83125
2 0.18750000000000008 0.55625 0.1375000000000001 0.55625 0.1375000000000001 0.7265625 0.18750000000000008 0.7265625
1 0.057812500000000044 0.2734375 0.020312500000000032 0.2734375 0.02031250000000004 0.384375 0.057812500000000044 0.384375
2 0.2953125000000001 0.60625 0.24218750000000008 0.60625 0.24218750000000008 0.7578125 0.2953125000000001 0.7578125
2 0.1296875000000001 0.6671875 0.0671875000000001 0.6671875 0.0671875000000001 0.8921875 0.1296875000000001 0.8921875
2 0.3609375000000001 0.428125 0.3125000000000001 0.428125 0.3125000000000001 0.5828125 0.3609375000000001 0.5828125
2 0.85625 0.2515625000000001 0.8265625 0.2515625000000001 0.8265625 0.3453125000000001 0.85625 0.3453125000000001
2 0.7859375 0.47187500000000016 0.75 0.47187500000000016 0.75 0.6359375000000002 0.7859375 0.6359375000000002
3 0.921875 0.16093750000000012 0.9 0.1609375000000001 0.9 0.23593750000000008 0.921875 0.23593750000000008
2 0.690625 0.2875000000000001 0.659375 0.2875000000000001 0.659375 0.3859375000000001 0.690625 0.3859375000000001
2 0.54375 0.3296875000000001 0.5125 0.3296875000000001 0.5125 0.4578125 0.54375 0.4578125
2 0.6312500000000001 0.5921875 0.58125 0.5921875 0.58125 0.740625 0.6312500000000002 0.740625
2 0.565625 0.5 0.5296875 0.5 0.5296875 0.6296875 0.565625 0.6296875
2 0.5406250000000001 0.63125 0.4984375 0.63125 0.4984375000000001 0.8 0.5406250000000001 0.8
2 0.4406250000000001 0.6796875 0.3921875000000001 0.6796875 0.3921875000000001 0.875 0.44062500000000016 0.875
2 0.4203125 0.5359375 0.3921875000000001 0.5359375 0.3921875000000001 0.7078125 0.4203125 0.7078125
3 0.6843750000000001 0.6078125 0.6546875 0.6078125 0.6546875000000001 0.75625 0.6843750000000002 0.75625