2 0.5781250000000001 0.58125 0.5375 0.58125 0.5375000000000001 0.7546875 0.5781250000000002 0.7546875
2 0.5453125000000001 0.671875 0.4625 0.671875 0.4625000000000001 0.7296875 0.5453125000000002 0.7296875
2 0.2062500000000001 0.6078125 0.17187500000000008 0.6078125 0.17187500000000008 0.79375 0.2062500000000001 0.79375
2 0.2500000000000001 0.571875 0.21875000000000008 0.571875 0.21875000000000008 0.75625 0.2500000000000001 0.75625
2 0.3218750000000001 0.4953125 0.2906250000000001 0.4953125 0.2906250000000001 0.66875 0.3218750000000001 0.66875
2 0.403125 0.4609375 0.3703125000000001 0.4609375 0.3703125000000001 0.61875 0.403125 0.61875
2 0.4921875 0.4609375 0.4609375 0.4609375 0.4609375 0.628125 0.4921875 0.628125
2 0.5890625 0.5375 0.5625 0.5375 0.5625 0.7 0.5890625 0.7
2 0.4609375 0.3984375000000001 0.428125 0.3984375000000001 0.428125 0.5453125 0.4609375 0.5453125
2 0.3234375000000001 0.40625 0.3000000000000001 0.40625 0.3000000000000001 0.53125 0.3234375000000001 0.53125
2 0.30156250000000007 0.434375 0.2750000000000001 0.434375 0.2750000000000001 0.5921875 0.30156250000000007 0.5921875
2 0.053125000000000075 0.5046875 0.01718750000000006 0.5046875 0.01718750000000007 0.671875 0.05312500000000009 0.671875
3 0.07500000000000008 0.5234375 0.042187500000000065 0.5234375 0.04218750000000008 0.696875 0.0750000000000001 0.696875
1 0.4265625 0.53125 0.34843750000000007 0.53125 0.34843750000000007 0.596875 0.4265625 0.596875