0 0.84375 0.6390625000000002 0.83125 0.6390625000000002 0.83125 0.6671875000000002 0.84375 0.6671875000000002
3 0.9 0.8640625 0.8640625 0.8640625 0.8640625 0.9484375 0.9 0.9484375
1 1 0.3968750000000001 0.9609375 0.3968750000000001 0.9609375 0.4656250000000002 1 0.4656250000000002
2 0.5921875 0.4609375 0.5484375 0.4609375 0.5484375 0.5390625 0.5921875 0.5390625
2 0.7703125 0.5875000000000001 0.7375 0.5875000000000001 0.7375 0.6484375000000002 0.7703125 0.6484375000000002
2 0.8015625 0.6406250000000002 0.7734375 0.6406250000000002 0.7734375 0.7109375000000002 0.8015625 0.7109375000000002
2 0.634375 0.3843750000000001 0.6078125 0.3843750000000001 0.6078125 0.45625 0.634375 0.45625
2 0.4046875 0.3375000000000001 0.3703125 0.3375000000000001 0.37031250000000004 0.409375 0.4046875 0.409375
3 0.2953125000000001 0.459375 0.2718750000000001 0.459375 0.2718750000000001 0.515625 0.2953125000000001 0.515625
2 0.3109375000000001 0.521875 0.28593750000000007 0.521875 0.28593750000000007 0.5890625 0.3109375000000001 0.5890625
2 0.06875000000000006 0.5109375 0.032812500000000064 0.5109375 0.032812500000000064 0.5828125 0.06875000000000006 0.5828125
2 0.029687500000000068 0.5046875 0.00781250000000006 0.5046875 0.007812500000000066 0.5859375 0.029687500000000068 0.5859375
2 0.0703125000000001 0.790625 0.0328125000000001 0.790625 0.032812500000000105 0.8796875 0.07031250000000011 0.8796875
2 0.08125000000000006 0.440625 0.059375000000000046 0.440625 0.05937500000000005 0.515625 0.08125000000000007 0.515625
2 0.07343750000000006 0.3671875 0.04843750000000004 0.3671875 0.04843750000000005 0.4609375 0.07343750000000007 0.4609375
2 0.08125000000000003 0.2578125 0.05312500000000002 0.2578125 0.05312500000000003 0.3328125 0.08125000000000004 0.3328125
2 0.19375000000000003 0.3703125 0.17187500000000006 0.3703125 0.17187500000000006 0.4390625 0.19375000000000003 0.4390625
2 0.22968750000000004 0.309375 0.19687500000000005 0.309375 0.19687500000000005 0.3671875 0.2296875000000001 0.3671875
2 0.2546875 0.271875 0.2296875 0.271875 0.2296875 0.31875 0.2546875 0.31875
2 0.2812500000000001 0.5671875 0.2531250000000001 0.5671875 0.2531250000000001 0.634375 0.2812500000000001 0.634375