0 0.8328125 0.3187500000000001 0.8234375 0.3187500000000001 0.8234375 0.3343750000000001 0.8328125 0.3343750000000001
3 0.4828125 0.4296875 0.453125 0.4296875 0.453125 0.503125 0.4828125 0.503125
3 0.17968750000000003 0.175 0.1625 0.175 0.16250000000000003 0.2375 0.17968750000000006 0.2375
2 0.353125 0.2390625 0.33125 0.2390625 0.33125 0.2984375 0.353125 0.2984375
2 0.50625 0.3046875000000001 0.4828125 0.3046875000000001 0.4828125 0.3593750000000001 0.50625 0.3593750000000001
2 0.509375 0.2515625000000001 0.4875 0.2515625000000001 0.4875 0.3109375000000001 0.509375 0.3109375000000001
2 0.640625 0.3234375000000001 0.61875 0.3234375000000001 0.61875 0.3937500000000001 0.640625 0.3937500000000001
2 0.796875 0.3828125000000001 0.76875 0.3828125000000001 0.76875 0.45625000000000016 0.796875 0.45625000000000016
2 0.3046875000000001 0.740625 0.2750000000000001 0.740625 0.2750000000000001 0.83125 0.3046875000000001 0.83125
2 0.45625 0.5453125 0.4328125 0.5453125 0.4328125 0.6125 0.45625 0.6125
2 0.2140625000000001 0.596875 0.17968750000000008 0.596875 0.17968750000000008 0.675 0.2140625000000001 0.675
2 0.1781250000000001 0.6578125 0.1468750000000001 0.6578125 0.1468750000000001 0.7328125 0.1781250000000001 0.7328125
2 0.3109375000000001 0.4140625 0.2953125000000001 0.4140625 0.2953125000000001 0.48125 0.3109375000000001 0.48125
2 0.31562500000000004 0.3421875 0.29375 0.3421875 0.29375000000000007 0.4046875 0.3156250000000001 0.4046875
2 0.23281250000000003 0.3171875 0.2078125 0.3171875 0.20781250000000004 0.390625 0.2328125000000001 0.390625
2 0.8640625 0.6812500000000001 0.834375 0.6812500000000001 0.834375 0.7765625000000002 0.8640625 0.7765625000000002
2 0.7328125 0.4718750000000001 0.6921875 0.471875 0.6921875 0.55 0.7328125 0.5500000000000002
2 0.421875 0.34843750000000007 0.3984375 0.34843750000000007 0.39843750000000006 0.409375 0.421875 0.409375
2 0.8359375 0.6093750000000002 0.796875 0.6093750000000002 0.796875 0.6937500000000002 0.8359375 0.6937500000000002
2 0.2453125000000001 0.4859375 0.22031250000000008 0.4859375 0.22031250000000008 0.5578125 0.2453125000000001 0.5578125
2 0.25468750000000007 0.4765625 0.2375000000000001 0.4765625 0.2375000000000001 0.54375 0.25468750000000007 0.54375
3 0.984375 0.9390625 0.9578125 0.9390625 0.9578125 0.9984375 0.984375 0.9984375
2 0.11093750000000005 0.409375 0.07656250000000005 0.409375 0.07656250000000006 0.5 0.11093750000000005 0.5
2 0.4796875 0.4984375 0.4453125 0.4984375 0.4453125 0.5796875 0.4796875 0.5796875