0 0.6000000000000002 0.7265625 0.5828125000000002 0.7265625 0.5828125000000002 0.7578125 0.6000000000000002 0.7578125
3 0.7484375000000001 0.6375000000000001 0.6984375 0.6375 0.6984375 0.80625 0.7484375000000002 0.80625
1 0.20000000000000004 0.303125 0.16250000000000003 0.303125 0.16250000000000003 0.41875 0.2000000000000001 0.41875
2 0.2093750000000001 0.7203125 0.1515625000000001 0.7203125 0.1515625000000001 0.93125 0.2093750000000001 0.93125
2 0.3203125000000001 0.5859375 0.2890625000000001 0.5859375 0.2890625000000001 0.734375 0.3203125000000001 0.734375
2 0.3421875000000001 0.6171875 0.3140625000000001 0.6171875 0.3140625000000001 0.7421875 0.3421875000000001 0.7421875
2 0.41875 0.459375 0.3750000000000001 0.459375 0.3750000000000001 0.615625 0.41875 0.615625
2 0.6 0.3734375000000001 0.5625 0.3734375000000001 0.5625 0.4890625 0.6 0.4890625
2 0.79375 0.3218750000000001 0.75 0.3218750000000001 0.75 0.42968750000000017 0.79375 0.42968750000000017
2 0.9828125 0.2906250000000001 0.9484375 0.2906250000000001 0.9484375 0.4109375000000002 0.9828125 0.4109375000000002
2 0.8671875 0.5015625000000001 0.8296875 0.5015625000000001 0.8296875 0.6468750000000002 0.8671875 0.6468750000000002
2 0.7968750000000001 0.6890625000000001 0.746875 0.6890625000000001 0.7468750000000001 0.846875 0.7968750000000002 0.846875
2 0.6109375 0.54375 0.5703125 0.54375 0.5703125 0.66875 0.6109375 0.66875
2 0.5875000000000001 0.6140625 0.534375 0.6140625 0.534375 0.7546875 0.5875000000000001 0.7546875
2 0.5296875000000001 0.6125 0.4921875 0.6125 0.4921875000000001 0.7578125 0.5296875000000002 0.7578125
2 0.48906250000000007 0.58125 0.44375 0.58125 0.4437500000000001 0.7265625 0.4890625000000002 0.7265625
2 0.5265625 0.7078125 0.471875 0.7078125 0.4718750000000001 0.86875 0.5265625000000002 0.86875