0 0.3500000000000001 0.434375 0.3343750000000001 0.434375 0.3343750000000001 0.46875 0.3500000000000001 0.46875
3 0.2171875000000001 0.5515625 0.1843750000000001 0.5515625 0.1843750000000001 0.65 0.2171875000000001 0.65
3 1 0.8640625 0.96875 0.8640625 0.96875 0.9765625 1 0.9765625
2 0.08437500000000012 0.890625 0.03593750000000011 0.890625 0.035937500000000115 1 0.08437500000000013 1
2 0.08906250000000004 0.3203125 0.051562500000000046 0.3203125 0.051562500000000046 0.415625 0.08906250000000004 0.415625
2 0.1281250000000001 0.859375 0.09375000000000011 0.859375 0.09375000000000012 1 0.12812500000000013 1
2 0.2968750000000001 0.3875 0.2671875000000001 0.3875 0.2671875000000001 0.465625 0.2968750000000001 0.465625
2 0.3859375000000001 0.5421875 0.3531250000000001 0.5421875 0.3531250000000001 0.6375 0.3859375000000001 0.6375
2 0.4359375 0.40625 0.4046875 0.40625 0.4046875 0.48125 0.4359375 0.48125
2 0.5515625 0.4453125 0.5171875 0.4453125 0.5171875 0.5421875 0.5515625 0.5421875
1 0.725 0.3500000000000001 0.6890625 0.3500000000000001 0.6890625 0.43125 0.725 0.43125
2 0.634375 0.5984375 0.6078125 0.5984375 0.6078125 0.6953125 0.634375 0.6953125
2 0.3937500000000001 0.515625 0.36406250000000007 0.515625 0.36406250000000007 0.5859375 0.3937500000000001 0.5859375
2 0.7171875000000001 0.653125 0.6734375 0.653125 0.6734375000000001 0.759375 0.7171875000000002 0.759375