2 0.2828125000000001 0.709375 0.2500000000000001 0.709375 0.2500000000000001 0.84375 0.2828125000000001 0.84375
2 0.1062500000000001 0.578125 0.07187500000000006 0.578125 0.07187500000000008 0.703125 0.1062500000000001 0.703125
2 0.2906250000000001 0.5671875 0.2593750000000001 0.5671875 0.2593750000000001 0.6765625 0.2906250000000001 0.6765625
2 0.11562500000000005 0.375 0.08750000000000005 0.375 0.08750000000000005 0.465625 0.11562500000000005 0.465625
2 0.3781250000000001 0.40625 0.3515625000000001 0.40625 0.3515625000000001 0.49375 0.3781250000000001 0.49375
2 0.9703125 0.6953125000000002 0.9265625 0.6953125000000002 0.9265625 0.8171875 0.9703125 0.8171875
2 0.8890625 0.4656250000000002 0.865625 0.4656250000000002 0.865625 0.5765625000000002 0.8890625 0.5765625000000002
2 0.846875 0.45625000000000016 0.8171875 0.45625000000000016 0.8171875 0.5750000000000002 0.846875 0.5750000000000002
2 0.80625 0.3515625000000001 0.7875 0.3515625000000001 0.7875 0.43750000000000017 0.80625 0.43750000000000017
2 0.6828125 0.30156250000000007 0.6640625 0.30156250000000007 0.6640625 0.3687500000000001 0.6828125 0.3687500000000001
2 0.5859375 0.41875 0.5640625 0.41875 0.5640625 0.5078125 0.5859375 0.5078125
2 0.61875 0.33281250000000007 0.596875 0.33281250000000007 0.596875 0.4234375 0.61875 0.4234375
2 0.534375 0.3453125000000001 0.50625 0.3453125000000001 0.50625 0.4171875 0.534375 0.4171875
2 0.43125 0.3687500000000001 0.415625 0.3687500000000001 0.415625 0.44375 0.43125 0.44375
2 0.41875 0.37187500000000007 0.3937500000000001 0.37187500000000007 0.3937500000000001 0.44375 0.41875 0.44375
2 0.31562500000000004 0.340625 0.28125 0.340625 0.28125000000000006 0.4015625 0.3156250000000001 0.4015625
2 0.5609375 0.2875000000000001 0.540625 0.2875000000000001 0.540625 0.3609375000000001 0.5609375 0.3609375000000001
2 0.275 0.29375 0.253125 0.29375 0.253125 0.3484375 0.275 0.3484375
2 0.24375000000000005 0.3046875 0.23125 0.3046875 0.23125000000000004 0.365625 0.24375000000000008 0.365625
0 0.4125 0.425 0.3984375000000001 0.425 0.3984375000000001 0.4515625 0.4125 0.4515625
3 0.5703125 0.403125 0.540625 0.403125 0.540625 0.49375 0.5703125 0.49375
3 0.23125 0.271875 0.2109375 0.271875 0.2109375 0.325 0.23125 0.325