0 0.465625 0.4375 0.4515625 0.4375 0.4515625 0.46875 0.465625 0.46875
2 0.3906250000000001 0.4046875 0.3468750000000001 0.4046875 0.3468750000000001 0.55625 0.3906250000000001 0.55625
2 0.7796875 0.2718750000000001 0.7484375 0.2718750000000001 0.7484375 0.38750000000000007 0.7796875 0.38750000000000007
2 0.8390625 0.2515625000000001 0.8125 0.2515625000000001 0.8125 0.3625000000000001 0.8390625 0.3625000000000001
2 0.5890625 0.3312500000000001 0.55 0.3312500000000001 0.55 0.4671875 0.5890625 0.4671875
2 0.790625 0.4812500000000002 0.746875 0.4812500000000002 0.746875 0.6156250000000002 0.790625 0.6156250000000002
2 0.803125 0.6031250000000001 0.75625 0.6031250000000001 0.7562500000000001 0.7671875000000001 0.803125 0.7671875000000001
2 0.7296875 0.6671875 0.6796875 0.6671875 0.6796875000000001 0.88125 0.7296875000000002 0.88125
2 0.6421875000000001 0.7015625 0.5953125 0.7015625 0.5953125000000001 0.878125 0.6421875000000001 0.878125
2 0.5203125000000001 0.6296875 0.4734375 0.6296875 0.47343750000000007 0.8078125 0.5203125000000002 0.8078125
2 0.4921875000000001 0.69375 0.4453125 0.69375 0.4453125000000001 0.8890625 0.49218750000000017 0.8890625
2 0.31718750000000007 0.6015625 0.27031250000000007 0.6015625 0.27031250000000007 0.7859375 0.31718750000000007 0.7859375
2 0.18125000000000008 0.5703125 0.12500000000000008 0.5703125 0.12500000000000008 0.7375 0.18125000000000008 0.7375
2 0.4359375 0.4484375 0.3921875000000001 0.4484375 0.3921875000000001 0.5890625 0.4359375 0.5890625
2 0.4390625 0.4890625 0.4109375 0.4890625 0.4109375 0.628125 0.4390625 0.628125
3 0.8875 0.1609375000000001 0.859375 0.1609375000000001 0.859375 0.2484375000000001 0.8875 0.2484375000000001
3 0.7562500000000001 0.5671875000000001 0.709375 0.5671875 0.7093750000000001 0.7343750000000001 0.7562500000000002 0.7343750000000002