2 0.5609375000000002 0.828125 0.5218750000000002 0.828125 0.5218750000000002 0.9671875 0.5609375000000002 0.9671875
2 0.6453125 0.575 0.61875 0.575 0.61875 0.696875 0.6453125 0.696875
2 0.7078125 0.475 0.6828125 0.475 0.6828125 0.571875 0.7078125 0.571875
2 0.7734375 0.41406250000000017 0.7515625 0.41406250000000017 0.7515625 0.5156250000000002 0.7734375 0.5156250000000002
3 0.7453125 0.1937500000000001 0.71875 0.1937500000000001 0.71875 0.26250000000000007 0.7453125 0.26250000000000007
3 0.3921875000000001 0.6390625 0.3593750000000001 0.6390625 0.3593750000000001 0.7296875 0.3921875000000001 0.7296875
0 0.415625 0.5921875 0.403125 0.5921875 0.403125 0.6140625 0.415625 0.6140625
2 0.3500000000000001 0.609375 0.3218750000000001 0.609375 0.3218750000000001 0.7265625 0.3500000000000001 0.7265625
2 0.565625 0.5453125 0.5171875 0.5453125 0.5171875 0.5953125 0.565625 0.5953125
2 0.6015625 0.4515625 0.5671875 0.4515625 0.5671875 0.5375 0.6015625 0.5375
2 0.540625 0.459375 0.5140625 0.459375 0.5140625 0.553125 0.540625 0.553125
2 0.5359375 0.4328125 0.5015625 0.4328125 0.5015625 0.5234375 0.5359375 0.5234375
2 0.475 0.53125 0.45 0.53125 0.45 0.625 0.475 0.625
2 0.4328125 0.5171875 0.403125 0.5171875 0.403125 0.6109375 0.4328125 0.6109375
2 0.3656250000000001 0.471875 0.3421875000000001 0.471875 0.3421875000000001 0.5640625 0.3656250000000001 0.5640625
2 0.3218750000000001 0.5125 0.3046875000000001 0.5125 0.3046875000000001 0.603125 0.3218750000000001 0.603125
2 0.3140625000000001 0.46875 0.29375000000000007 0.46875 0.29375000000000007 0.5625 0.3140625000000001 0.5625
1 0.3343750000000001 0.434375 0.3046875000000001 0.434375 0.3046875000000001 0.5171875 0.3343750000000001 0.5171875