3 0.9203125 0.825 0.8921875 0.825 0.8921875 0.89375 0.9203125 0.89375
0 0.76875 0.6187500000000001 0.7578125 0.6187500000000001 0.7578125 0.6531250000000002 0.76875 0.6531250000000002
1 0.821875 0.3546875000000001 0.784375 0.3546875000000001 0.784375 0.4437500000000002 0.821875 0.4437500000000002
2 0.771875 0.5875000000000001 0.746875 0.5875000000000001 0.746875 0.6421875000000001 0.771875 0.6421875000000001
2 0.7578125 0.5718750000000001 0.7421875 0.5718750000000001 0.7421875 0.6171875000000002 0.7578125 0.6171875000000002
2 0.5203125 0.4671875 0.4828125 0.4671875 0.4828125 0.5359375 0.5203125 0.5359375
2 0.5171875 0.3687500000000001 0.4859375 0.3687500000000001 0.4859375 0.434375 0.5171875 0.434375
3 0.13750000000000007 0.4953125 0.10468750000000004 0.4953125 0.10468750000000007 0.584375 0.1375000000000001 0.584375
2 0.18125000000000005 0.353125 0.15312500000000004 0.353125 0.15312500000000004 0.4375 0.18125000000000005 0.4375
2 0.18906250000000008 0.5453125 0.1515625000000001 0.5453125 0.1515625000000001 0.6328125 0.18906250000000008 0.6328125
2 0.14218750000000008 0.5953125 0.11250000000000009 0.5953125 0.11250000000000009 0.6765625 0.14218750000000008 0.6765625