0 0.7796875 0.4968750000000002 0.7640625 0.4968750000000002 0.7640625 0.5234375000000002 0.7796875 0.5234375000000002
1 0.8640625 0.3609375000000001 0.8359375 0.3609375000000001 0.8359375 0.43750000000000017 0.8640625 0.43750000000000017
3 0.8703125 0.821875 0.840625 0.821875 0.840625 0.8890625 0.8703125 0.8890625
2 0.7671875 0.5906250000000002 0.7375 0.5906250000000002 0.7375 0.6687500000000002 0.7671875 0.6687500000000002
2 0.74375 0.5562500000000001 0.7125 0.55625 0.7125 0.6468750000000001 0.74375 0.6468750000000002
2 0.540625 0.3765625000000001 0.515625 0.3765625000000001 0.515625 0.4359375 0.540625 0.4359375
2 0.51875 0.4609375 0.490625 0.4609375 0.490625 0.5359375 0.51875 0.5359375
2 0.22656250000000008 0.525 0.19531250000000006 0.525 0.19531250000000006 0.61875 0.22656250000000008 0.61875
2 0.1906250000000001 0.584375 0.1531250000000001 0.584375 0.1531250000000001 0.64375 0.1906250000000001 0.64375
2 0.04218750000000005 0.390625 0.02031250000000005 0.390625 0.020312500000000053 0.46875 0.04218750000000006 0.46875
2 0.050000000000000044 0.321875 0.026562500000000044 0.321875 0.026562500000000044 0.378125 0.050000000000000044 0.378125
2 0.08750000000000005 0.2734375 0.06250000000000004 0.2734375 0.06250000000000004 0.3296875 0.08750000000000005 0.3296875
2 0.26250000000000007 0.3421875 0.234375 0.3421875 0.23437500000000006 0.409375 0.26250000000000007 0.409375
3 0.18750000000000006 0.475 0.16406250000000006 0.475 0.16406250000000006 0.525 0.18750000000000006 0.525