0 0.7875 0.4656250000000002 0.7609375 0.4656250000000002 0.7609375 0.5062500000000002 0.7875 0.5062500000000002
2 0.6875 0.4375 0.653125 0.4375 0.653125 0.5765625 0.6875 0.5765625
2 0.15000000000000005 0.371875 0.11250000000000004 0.371875 0.11250000000000004 0.515625 0.15000000000000005 0.515625
2 0.19062500000000007 0.5390625 0.14843750000000006 0.5390625 0.14843750000000006 0.7234375 0.1906250000000001 0.7234375
2 0.2156250000000001 0.734375 0.12031250000000009 0.734375 0.12031250000000011 0.953125 0.2156250000000001 0.953125
2 0.04687500000000009 0.5921875 0.009375000000000073 0.5921875 0.009375000000000085 0.7984375 0.0468750000000001 0.7984375
2 0.08437500000000006 0.4015625 0.029687500000000044 0.4015625 0.029687500000000054 0.5625 0.08437500000000006 0.5625
2 0.12343750000000005 0.2046875 0.09843750000000002 0.2046875 0.09843750000000004 0.3390625 0.12343750000000005 0.3390625
2 0.35 0.215625 0.3171875 0.215625 0.3171875 0.3453125 0.35 0.3453125
2 0.59375 0.2796875000000001 0.5515625 0.2796875000000001 0.5515625 0.3843750000000001 0.59375 0.3843750000000001
2 0.65 0.4703125 0.615625 0.4703125 0.615625 0.61875 0.65 0.61875
2 0.5000000000000002 0.7921875 0.4312500000000002 0.7921875 0.4312500000000002 1 0.5000000000000002 1
2 0.596875 0.3859375000000001 0.546875 0.3859375000000001 0.546875 0.5046875 0.596875 0.5046875
2 0.559375 0.3437500000000001 0.515625 0.3437500000000001 0.515625 0.46875 0.559375 0.46875
2 0.4765625 0.3812500000000001 0.4140625 0.3812500000000001 0.4140625 0.51875 0.4765625 0.51875
2 0.4375 0.4859375 0.4 0.4859375 0.4 0.646875 0.4375 0.646875
2 0.4265625 0.459375 0.3812500000000001 0.459375 0.3812500000000001 0.6046875 0.4265625 0.6046875