2 0.5218750000000001 0.65625 0.48125 0.65625 0.48125000000000007 0.825 0.5218750000000002 0.825
3 0.22656250000000008 0.475 0.19062500000000004 0.475 0.19062500000000007 0.6140625 0.22656250000000008 0.6140625
2 0.18906250000000008 0.553125 0.12656250000000008 0.553125 0.12656250000000008 0.690625 0.18906250000000008 0.690625
2 0.1437500000000001 0.7234375 0.07187500000000009 0.7234375 0.0718750000000001 0.909375 0.14375000000000013 0.909375
2 0.3750000000000001 0.58125 0.3187500000000001 0.58125 0.3187500000000001 0.71875 0.3750000000000001 0.71875
2 0.475 0.478125 0.4484375 0.478125 0.4484375 0.578125 0.475 0.578125
2 0.46875 0.4609375 0.4484375 0.4609375 0.4484375 0.5328125 0.46875 0.5328125
2 0.30937500000000007 0.4015625 0.2656250000000001 0.4015625 0.2656250000000001 0.5015625 0.30937500000000007 0.5015625
2 0.259375 0.35625 0.23125 0.35625 0.23125000000000004 0.45625 0.2593750000000001 0.45625
2 0.39531250000000007 0.45625 0.3593750000000001 0.45625 0.3593750000000001 0.578125 0.39531250000000007 0.578125
2 0.5875 0.5046875 0.5515625 0.5046875 0.5515625 0.61875 0.5875 0.61875
2 0.5953125 0.484375 0.565625 0.484375 0.565625 0.5859375 0.5953125 0.5859375
2 0.746875 0.4390625000000001 0.7046875 0.4390625 0.7046875 0.5546875000000001 0.746875 0.5546875000000002
2 0.703125 0.3609375000000001 0.66875 0.3609375000000001 0.66875 0.4625 0.703125 0.4625
2 0.34375 0.246875 0.315625 0.246875 0.315625 0.321875 0.34375 0.321875
2 0.4875 0.40625 0.4546875 0.40625 0.4546875 0.49375 0.4875 0.49375
2 0.465625 0.3781250000000001 0.428125 0.3781250000000001 0.428125 0.4671875 0.465625 0.4671875
2 0.6015625 0.3140625000000001 0.5671875 0.3140625000000001 0.5671875 0.39531250000000007 0.6015625 0.39531250000000007
2 0.634375 0.3500000000000001 0.615625 0.3500000000000001 0.615625 0.4515625 0.634375 0.4515625