2 0.2453125000000001 0.578125 0.2015625000000001 0.578125 0.2015625000000001 0.6890625 0.2453125000000001 0.6890625
2 0.4109375 0.5609375 0.3671875000000001 0.5609375 0.3671875000000001 0.6796875 0.4109375 0.6796875
1 0.39531250000000007 0.3296875000000001 0.3671875 0.3296875000000001 0.36718750000000006 0.415625 0.39531250000000007 0.415625
2 0.5265625 0.459375 0.49375 0.459375 0.49375 0.5390625 0.5265625 0.5390625
0 0.6421875 0.4578125 0.6359375 0.4578125 0.6359375 0.46875 0.6421875 0.46875
2 0.7640625 0.36406250000000007 0.7421875 0.36406250000000007 0.7421875 0.4390625000000002 0.7640625 0.4390625000000002
3 0.796875 0.5484375000000001 0.746875 0.5484375000000001 0.746875 0.6546875000000002 0.796875 0.6546875000000002
2 0.5859375 0.51875 0.5546875 0.51875 0.5546875 0.6296875 0.5859375 0.6296875
2 0.5203125 0.5671875 0.4875 0.5671875 0.4875 0.6734375 0.5203125 0.6734375
2 0.5625 0.5625 0.521875 0.5625 0.521875 0.6734375 0.5625 0.6734375
2 0.6640625 0.3984375000000001 0.6359375 0.3984375000000001 0.6359375 0.475 0.6640625 0.475
2 0.6421875 0.409375 0.625 0.409375 0.625 0.4765625 0.6421875 0.4765625
2 0.8234375 0.3968750000000001 0.7921875 0.3968750000000001 0.7921875 0.4625000000000002 0.8234375 0.4625000000000002
2 0.8109375 0.7234375000000002 0.7640625 0.7234375000000002 0.7640625000000001 0.878125 0.8109375 0.878125
2 0.9671875 0.3296875000000001 0.94375 0.3296875000000001 0.94375 0.40156250000000016 0.9671875 0.40156250000000016