0 0.7453125 0.4890625000000002 0.73125 0.4890625000000002 0.73125 0.5187500000000002 0.7453125 0.5187500000000002
1 0.6015625 0.4578125 0.56875 0.4578125 0.56875 0.5421875 0.6015625 0.5421875
2 0.58125 0.4734375 0.5625 0.4734375 0.5625 0.5546875 0.58125 0.5546875
3 0.14375000000000007 0.521875 0.11406250000000004 0.521875 0.11406250000000007 0.628125 0.1437500000000001 0.628125
2 0.03593750000000006 0.471875 0.0062500000000000585 0.471875 0.006250000000000064 0.5625 0.03593750000000007 0.5625
2 0.14531250000000007 0.4703125 0.12656250000000005 0.4703125 0.12656250000000008 0.5671875 0.1453125000000001 0.5671875
2 0.22031250000000008 0.36875 0.2000000000000001 0.36875 0.2000000000000001 0.4796875 0.22031250000000008 0.4796875
2 0.3312500000000001 0.365625 0.2984375000000001 0.365625 0.2984375000000001 0.446875 0.3312500000000001 0.446875
2 0.3468750000000001 0.44375 0.3140625000000001 0.44375 0.3140625000000001 0.5453125 0.3468750000000001 0.5453125
2 0.3734375000000001 0.4421875 0.3390625000000001 0.4421875 0.3390625000000001 0.5390625 0.3734375000000001 0.5390625
2 0.3828125000000001 0.40625 0.3609375000000001 0.40625 0.3609375000000001 0.50625 0.3828125000000001 0.50625
2 0.421875 0.4515625 0.3890625000000001 0.4515625 0.3890625000000001 0.5171875 0.421875 0.5171875
2 0.6968750000000001 0.6625 0.6515625 0.6625 0.6515625 0.775 0.6968750000000001 0.775
2 0.465625 0.3656250000000001 0.4328125 0.3656250000000001 0.4328125 0.44375 0.465625 0.44375
2 0.2531250000000001 0.8234375 0.2171875000000001 0.8234375 0.2171875000000001 0.940625 0.2531250000000001 0.940625
2 0.18593750000000012 0.8953125 0.15000000000000008 0.8953125 0.1500000000000001 0.9984375 0.18593750000000014 0.9984375
2 0.0656250000000001 0.7453125 0.03593750000000009 0.7453125 0.035937500000000094 0.853125 0.06562500000000011 0.853125