2 0.675 0.5796875 0.6421875 0.5796875 0.6421875 0.7109375 0.675 0.7109375
2 0.2468750000000001 0.8046875 0.2062500000000001 0.8046875 0.2062500000000001 0.98125 0.2468750000000001 0.98125
2 0.2578125000000001 0.5703125 0.2218750000000001 0.5703125 0.2218750000000001 0.696875 0.2578125000000001 0.696875
2 0.1546875000000001 0.565625 0.12031250000000009 0.565625 0.12031250000000009 0.7046875 0.1546875000000001 0.7046875
2 0.5703125 0.4984375 0.5453125 0.4984375 0.5453125 0.6140625 0.5703125 0.6140625
2 0.440625 0.51875 0.415625 0.51875 0.415625 0.6390625 0.440625 0.6390625
2 0.16406250000000006 0.4859375 0.13281250000000006 0.4859375 0.13281250000000006 0.596875 0.16406250000000008 0.596875
2 0.421875 0.3750000000000001 0.40625 0.3750000000000001 0.40625 0.4734375 0.421875 0.4734375
2 0.10781250000000005 0.421875 0.07968750000000005 0.421875 0.07968750000000005 0.528125 0.10781250000000005 0.528125
2 0.13437500000000005 0.3640625 0.10781250000000005 0.3640625 0.10781250000000005 0.4625 0.13437500000000005 0.4625
2 0.05625000000000006 0.36875 0.012500000000000044 0.36875 0.01250000000000005 0.4625 0.056250000000000064 0.4625
0 0.415625 0.3343750000000001 0.403125 0.3343750000000001 0.403125 0.3546875000000001 0.415625 0.3546875000000001
1 0.7734375 0.38750000000000007 0.74375 0.38750000000000007 0.74375 0.4734375000000002 0.7734375 0.4734375000000002
3 0.19062500000000004 0.4265625 0.16250000000000003 0.4265625 0.16250000000000003 0.5421875 0.19062500000000004 0.5421875
2 0.4375 0.3765625000000001 0.4171875 0.3765625000000001 0.4171875 0.471875 0.4375 0.471875
2 0.9859375 0.9421875 0.946875 0.9421875 0.946875 1 0.9859375 1