2 0.2718750000000001 0.5296875 0.2296875000000001 0.5296875 0.2296875000000001 0.65 0.2718750000000001 0.65
2 0.30937500000000007 0.54375 0.2765625000000001 0.54375 0.2765625000000001 0.671875 0.30937500000000007 0.671875
2 0.3421875000000001 0.625 0.3000000000000001 0.625 0.3000000000000001 0.746875 0.3421875000000001 0.746875
2 0.45 0.4328125 0.415625 0.4328125 0.415625 0.54375 0.45 0.54375
3 0.440625 0.3296875000000001 0.4 0.3296875000000001 0.4 0.40625 0.440625 0.40625
2 0.5515625 0.3625000000000001 0.5078125 0.3625000000000001 0.5078125 0.46875 0.5515625 0.46875
2 0.640625 0.409375 0.5984375 0.409375 0.5984375 0.528125 0.640625 0.528125
2 0.65625 0.4203125 0.625 0.4203125 0.625 0.5375 0.65625 0.5375
2 0.6890625 0.45 0.6578125 0.45 0.6578125 0.5578125 0.6890625 0.5578125
3 0.746875 0.51875 0.7015625 0.51875 0.7015625 0.6453125000000001 0.746875 0.6453125000000002
2 0.7 0.35625000000000007 0.66875 0.35625000000000007 0.66875 0.4421875 0.7 0.4421875
2 0.75625 0.3750000000000001 0.7203125 0.3750000000000001 0.7203125 0.4640625000000001 0.75625 0.46406250000000016
2 0.815625 0.5187500000000002 0.765625 0.5187500000000002 0.765625 0.6406250000000002 0.815625 0.6406250000000002
2 0.784375 0.45625000000000016 0.75 0.45625000000000016 0.75 0.5437500000000002 0.784375 0.5437500000000002
2 0.85625 0.40156250000000016 0.821875 0.40156250000000016 0.821875 0.4781250000000002 0.85625 0.4781250000000002
2 0.8671875 0.4828125000000002 0.8265625 0.4828125000000002 0.8265625 0.5875000000000001 0.8671875 0.5875000000000001