2 0.540625 0.440625 0.490625 0.440625 0.490625 0.609375 0.540625 0.609375
2 0.2015625000000001 0.6609375 0.13437500000000008 0.6609375 0.13437500000000008 0.86875 0.2015625000000001 0.86875
2 0.11562500000000005 0.38125 0.09218750000000005 0.38125 0.09218750000000006 0.5390625 0.11562500000000005 0.5390625
2 0.3312500000000001 0.4625 0.2890625000000001 0.4625 0.2890625000000001 0.6265625 0.3312500000000001 0.6265625
2 0.528125 0.3593750000000001 0.5 0.3593750000000001 0.5 0.4359375 0.528125 0.4359375
2 0.4921875 0.3265625000000001 0.4640625 0.3265625000000001 0.4640625 0.446875 0.4921875 0.446875
2 0.4296875 0.34062500000000007 0.384375 0.34062500000000007 0.384375 0.475 0.4296875 0.475
2 0.2500000000000001 0.39375 0.2218750000000001 0.39375 0.2218750000000001 0.5375 0.2500000000000001 0.5375
2 0.3234375000000001 0.409375 0.2843750000000001 0.409375 0.2843750000000001 0.5140625 0.3234375000000001 0.5140625
2 0.33125000000000004 0.3515625 0.284375 0.3515625 0.28437500000000004 0.4703125 0.3312500000000001 0.4703125
1 0.525 0.3921875000000001 0.478125 0.3921875000000001 0.478125 0.43125 0.525 0.43125