3 0.8875 0.5296875000000002 0.85 0.5296875000000002 0.85 0.6578125000000001 0.8875 0.6578125000000001
3 0.784375 0.2734375000000001 0.75625 0.2734375000000001 0.75625 0.3546875000000001 0.784375 0.3546875000000001
2 0.4687500000000001 0.6734375 0.428125 0.6734375 0.4281250000000001 0.8265625 0.46875000000000017 0.8265625
2 0.4015625 0.5421875 0.3515625000000001 0.5421875 0.3515625000000001 0.678125 0.4015625 0.678125
2 0.5140625000000001 0.6046875 0.4578125 0.6046875 0.45781250000000007 0.7265625 0.5140625000000002 0.7265625
2 0.45625 0.3890625000000001 0.43125 0.3890625000000001 0.43125 0.5 0.45625 0.5
2 0.94375 0.4546875000000002 0.8984375 0.4546875000000002 0.8984375 0.5796875000000001 0.94375 0.5796875000000001
2 0.8453125 0.3343750000000001 0.80625 0.3343750000000001 0.80625 0.43750000000000017 0.8453125 0.43750000000000017
2 0.759375 0.41093750000000007 0.7234375 0.4109375 0.7234375 0.5437500000000001 0.759375 0.5437500000000002
2 0.571875 0.3765625000000001 0.53125 0.3765625000000001 0.53125 0.471875 0.571875 0.471875
2 0.4828125 0.3828125000000001 0.453125 0.3828125000000001 0.453125 0.4828125 0.4828125 0.4828125