0 0.653125 0.68125 0.6390625 0.68125 0.6390625 0.709375 0.653125 0.709375
1 0.7484375 0.3500000000000001 0.7234375 0.3500000000000001 0.7234375 0.4250000000000001 0.7484375 0.42500000000000016
2 0.15937500000000004 0.3796875 0.11875000000000005 0.3796875 0.11875000000000005 0.4609375 0.15937500000000004 0.4609375
3 0.11718750000000007 0.5265625 0.08593750000000007 0.5265625 0.08593750000000007 0.5984375 0.11718750000000008 0.5984375
3 1 0.8328125 0.98125 0.8328125 0.98125 0.95 1 0.95
2 0.5484375 0.4578125 0.5140625 0.4578125 0.5140625 0.5484375 0.5484375 0.5484375
2 0.515625 0.3765625000000001 0.4859375 0.3765625000000001 0.4859375 0.4359375 0.515625 0.4359375
2 0.21093750000000008 0.5484375 0.17968750000000008 0.5484375 0.17968750000000008 0.6421875 0.21093750000000008 0.6421875
2 0.17187500000000008 0.5890625 0.1437500000000001 0.5890625 0.1437500000000001 0.66875 0.17187500000000008 0.66875
2 0.6984375 0.6171875 0.6671875 0.6171875 0.6671875 0.6921875 0.6984375 0.6921875
2 0.6984375 0.5609375 0.6640625 0.5609375 0.6640625 0.63125 0.6984375 0.63125