2 0.6703125 0.5078125 0.621875 0.5078125 0.621875 0.6171875 0.6703125 0.6171875
2 0.7953125000000002 0.7437500000000001 0.7609375000000002 0.7437500000000001 0.7609375000000002 0.9078125 0.7953125000000002 0.9078125
2 0.07187500000000012 0.8734375 0.021875000000000106 0.8734375 0.021875000000000113 1 0.07187500000000013 1
2 0.19531250000000008 0.55 0.16406250000000008 0.55 0.16406250000000008 0.7046875 0.19531250000000008 0.7046875
2 0.2906250000000001 0.378125 0.25468750000000007 0.378125 0.25468750000000007 0.50625 0.2906250000000001 0.50625
2 0.409375 0.465625 0.3781250000000001 0.465625 0.3781250000000001 0.5984375 0.409375 0.5984375
2 0.3265625000000001 0.4609375 0.2687500000000001 0.4609375 0.2687500000000001 0.578125 0.3265625000000001 0.578125
2 0.3578125000000001 0.41875 0.3296875000000001 0.41875 0.3296875000000001 0.546875 0.3578125000000001 0.546875
2 0.3921875000000001 0.440625 0.3609375000000001 0.440625 0.3609375000000001 0.540625 0.3921875000000001 0.540625
2 0.15468750000000003 0.4109375 0.12656250000000005 0.4109375 0.12656250000000005 0.54375 0.15468750000000003 0.54375
2 0.15468750000000003 0.340625 0.12812500000000004 0.340625 0.12812500000000004 0.44375 0.15468750000000003 0.44375
2 0.3734375000000001 0.409375 0.3453125000000001 0.409375 0.3453125000000001 0.4984375 0.3734375000000001 0.4984375
2 0.3937500000000001 0.4421875 0.35625000000000007 0.4421875 0.35625000000000007 0.55 0.3937500000000001 0.55
2 0.4046875 0.4234375 0.3812500000000001 0.4234375 0.3812500000000001 0.496875 0.4046875 0.496875
0 0.41875 0.559375 0.403125 0.559375 0.403125 0.584375 0.41875 0.584375
1 0.7375 0.40312500000000007 0.6984375 0.403125 0.6984375 0.4984375000000001 0.7375 0.4984375000000002
3 0.18437500000000007 0.45 0.13593750000000004 0.45 0.13593750000000007 0.5765625 0.1843750000000001 0.5765625