2 0.4031250000000002 0.775 0.3687500000000001 0.775 0.3687500000000001 0.875 0.4031250000000002 0.875
2 0.3296875000000001 0.603125 0.3046875000000001 0.603125 0.3046875000000001 0.6875 0.3296875000000001 0.6875
0 0.3421875000000001 0.55625 0.3312500000000001 0.55625 0.3312500000000001 0.5734375 0.3421875000000001 0.5734375
2 0.3656250000000001 0.5921875 0.3421875000000001 0.5921875 0.3421875000000001 0.665625 0.3656250000000001 0.665625
2 0.30156250000000007 0.3984375 0.27812500000000007 0.3984375 0.27812500000000007 0.478125 0.30156250000000007 0.478125
2 0.3453125000000001 0.4640625 0.3218750000000001 0.4640625 0.3218750000000001 0.5421875 0.3453125000000001 0.5421875
2 0.3687500000000001 0.41875 0.3437500000000001 0.41875 0.3437500000000001 0.48125 0.3687500000000001 0.48125
2 0.39843750000000006 0.3000000000000001 0.378125 0.3000000000000001 0.37812500000000004 0.3671875000000001 0.3984375000000001 0.3671875000000001
2 0.478125 0.3078125000000001 0.4578125 0.3078125000000001 0.4578125 0.37968750000000007 0.478125 0.37968750000000007
2 0.49375 0.3781250000000001 0.475 0.3781250000000001 0.475 0.4453125 0.49375 0.4453125
3 0.3890625 0.16406250000000006 0.3734375 0.16406250000000006 0.3734375 0.2218750000000001 0.3890625 0.2218750000000001
2 0.5578125 0.23593750000000008 0.540625 0.23593750000000008 0.540625 0.2953125000000001 0.5578125 0.2953125000000001
2 0.6671875 0.23437500000000008 0.6515625 0.23437500000000008 0.6515625 0.2921875000000001 0.6671875 0.2921875000000001
2 0.7171875 0.3125000000000001 0.7 0.3125000000000001 0.7 0.3625000000000001 0.7171875 0.3625000000000001
2 0.61875 0.5046875 0.5921875 0.5046875 0.5921875 0.5875 0.61875 0.5875
2 0.6453125 0.50625 0.621875 0.50625 0.621875 0.5890625 0.6453125 0.5890625
2 0.83125 0.6218750000000002 0.809375 0.6218750000000002 0.809375 0.7125000000000001 0.83125 0.7125000000000001
2 0.8703125 0.4968750000000002 0.846875 0.4968750000000002 0.846875 0.5781250000000002 0.8703125 0.5781250000000002
2 0.865625 0.3156250000000001 0.8453125 0.3156250000000001 0.8453125 0.38750000000000007 0.865625 0.38750000000000007
2 0.9078125 0.34843750000000007 0.8859375 0.34843750000000007 0.8859375 0.42500000000000016 0.9078125 0.42500000000000016
2 0.91875 0.6359375000000002 0.8953125 0.6359375000000002 0.8953125 0.7140625000000002 0.91875 0.7140625000000002
3 0.565625 0.403125 0.540625 0.403125 0.540625 0.475 0.565625 0.475
2 0.5609375 0.3109375000000001 0.5421875 0.3109375000000001 0.5421875 0.3687500000000001 0.5609375 0.3687500000000001