0 0.453125 0.4140625 0.44375 0.4140625 0.44375 0.4375 0.453125 0.4375
2 0.33281250000000007 0.521875 0.2984375000000001 0.521875 0.2984375000000001 0.6390625 0.33281250000000007 0.6390625
2 0.3078125000000001 0.6515625 0.2687500000000001 0.6515625 0.2687500000000001 0.78125 0.3078125000000001 0.78125
2 0.19531250000000006 0.5328125 0.16406250000000006 0.5328125 0.16406250000000006 0.653125 0.19531250000000008 0.653125
2 0.22656250000000006 0.353125 0.2046875 0.353125 0.20468750000000005 0.44375 0.22656250000000008 0.44375
2 0.34687500000000004 0.33125 0.3265625 0.33125 0.32656250000000003 0.3984375 0.3468750000000001 0.3984375
2 0.5015625 0.3625000000000001 0.478125 0.3625000000000001 0.478125 0.4421875 0.5015625 0.4421875
3 0.6140625 0.4015625 0.590625 0.4015625 0.590625 0.4859375 0.6140625 0.4859375
2 0.6671875 0.4109375 0.6421875 0.4109375 0.6421875 0.503125 0.6671875 0.503125
2 0.7265625 0.3265625000000001 0.70625 0.3265625000000001 0.70625 0.4171875000000001 0.7265625 0.41718750000000016
2 1 0.4703125000000002 0.971875 0.4703125000000002 0.971875 0.5828125000000002 1 0.5828125000000002
2 0.965625 0.4515625000000002 0.934375 0.4515625000000002 0.934375 0.5671875000000002 0.965625 0.5671875000000002
2 0.9265625 0.3593750000000001 0.8984375 0.3593750000000001 0.8984375 0.4437500000000002 0.9265625 0.4437500000000002
2 0.7984375 0.2812500000000001 0.7796875 0.2812500000000001 0.7796875 0.3703125000000001 0.7984375 0.3703125000000001
2 0.6453125 0.28593750000000007 0.625 0.28593750000000007 0.625 0.3515625000000001 0.6453125 0.3515625000000001
2 0.6078125 0.34062500000000007 0.58125 0.34062500000000007 0.58125 0.4203125 0.6078125 0.4203125
2 0.30312500000000003 0.2921875 0.2859375 0.2921875 0.28593750000000007 0.365625 0.3031250000000001 0.365625
2 0.33125 0.2703125 0.3 0.2703125 0.3 0.34375 0.33125 0.34375
2 0.471875 0.36406250000000007 0.440625 0.36406250000000007 0.440625 0.4390625 0.471875 0.4390625
2 0.45625 0.38750000000000007 0.425 0.38750000000000007 0.425 0.4671875 0.45625 0.4671875