1 0.7953125 0.3843750000000001 0.7453125 0.3843750000000001 0.7453125 0.4984375000000002 0.7953125 0.4984375000000002
2 0.5796875000000001 0.578125 0.5140625 0.578125 0.5140625000000001 0.7359375 0.5796875000000001 0.7359375
2 0.621875 0.3781250000000001 0.5703125 0.3781250000000001 0.5703125 0.4953125 0.621875 0.4953125
2 0.5015625 0.3531250000000001 0.4421875 0.3531250000000001 0.4421875 0.4828125 0.5015625 0.4828125
2 0.4 0.4421875 0.3671875000000001 0.4421875 0.3671875000000001 0.5625 0.4 0.5625
2 0.37187500000000007 0.4796875 0.3281250000000001 0.4796875 0.3281250000000001 0.6 0.37187500000000007 0.6
2 0.4015625 0.32500000000000007 0.359375 0.325 0.35937500000000006 0.446875 0.4015625 0.446875
2 0.22031250000000008 0.3984375 0.18750000000000006 0.3984375 0.18750000000000006 0.5078125 0.22031250000000008 0.5078125
2 0.17812500000000006 0.4453125 0.14843750000000006 0.4453125 0.14843750000000006 0.5546875 0.1781250000000001 0.5546875
2 0.13750000000000004 0.346875 0.10625000000000004 0.346875 0.10625000000000004 0.434375 0.13750000000000004 0.434375
2 0.10625000000000004 0.3234375 0.07968750000000005 0.3234375 0.07968750000000005 0.41875 0.10625000000000004 0.41875
2 0.09375000000000006 0.3953125 0.06406250000000005 0.3953125 0.06406250000000005 0.503125 0.09375000000000007 0.503125
2 0.053125000000000054 0.378125 0.017187500000000043 0.378125 0.01718750000000005 0.475 0.05312500000000007 0.475
3 0.04687500000000006 0.4703125 0.010937500000000058 0.4703125 0.010937500000000063 0.5765625 0.04687500000000007 0.5765625
0 0.6953125 0.4 0.6796875 0.4 0.6796875 0.4265625 0.6953125 0.4265625