1 0.56875 0.4046875 0.4390625 0.4046875 0.4390625 0.640625 0.56875 0.640625
0 0.7015625 0.3906250000000001 0.678125 0.3906250000000001 0.678125 0.428125 0.7015625 0.428125
3 0.990625 0.3468750000000001 0.9671875 0.3468750000000001 0.9671875 0.4437500000000002 0.990625 0.4437500000000002
2 1 0.3890625000000001 0.9609375 0.3890625000000001 0.9609375 0.5843750000000002 1 0.5843750000000002
2 0.7921875 0.3156250000000001 0.7515625 0.3156250000000001 0.7515625 0.45312500000000017 0.7921875 0.45312500000000017
2 0.7375 0.2953125000000001 0.70625 0.2953125000000001 0.70625 0.4062500000000001 0.7375 0.40625000000000017
2 0.69375 0.3062500000000001 0.659375 0.3062500000000001 0.659375 0.4078125 0.69375 0.4078125
2 0.625 0.2890625000000001 0.6046875 0.2890625000000001 0.6046875 0.3656250000000001 0.625 0.3656250000000001
2 0.54375 0.2921875000000001 0.50625 0.2921875000000001 0.50625 0.3984375000000001 0.54375 0.3984375000000001
2 0.4859375 0.2843750000000001 0.4578125 0.2843750000000001 0.4578125 0.3546875000000001 0.4859375 0.3546875000000001
2 0.5578125 0.2765625000000001 0.5453125 0.2765625000000001 0.5453125 0.3187500000000001 0.5578125 0.3187500000000001
2 0.5796875 0.2750000000000001 0.5671875 0.2750000000000001 0.5671875 0.3125000000000001 0.5796875 0.3125000000000001