2 0.5546875000000002 0.8421875 0.5156250000000002 0.8421875 0.5156250000000002 0.98125 0.5546875000000002 0.98125
2 0.6625 0.5828125 0.6359375 0.5828125 0.6359375 0.7046875 0.6625 0.7046875
2 0.6734375 0.4828125 0.65 0.4828125 0.65 0.578125 0.6734375 0.578125
2 0.765625 0.41718750000000016 0.7390625 0.41718750000000016 0.7390625 0.5171875000000001 0.765625 0.5171875000000001
3 0.728125 0.2015625000000001 0.7015625 0.2015625000000001 0.7015625 0.27031250000000007 0.728125 0.27031250000000007
3 0.3828125000000001 0.628125 0.3500000000000001 0.628125 0.3500000000000001 0.7328125 0.3828125000000001 0.7328125
2 0.3265625000000001 0.6296875 0.2984375000000001 0.6296875 0.2984375000000001 0.746875 0.3265625000000001 0.746875
2 0.540625 0.534375 0.5140625 0.534375 0.5140625 0.596875 0.540625 0.596875
2 0.609375 0.5171875 0.575 0.5171875 0.575 0.603125 0.609375 0.603125
2 0.49375 0.484375 0.4671875 0.484375 0.4671875 0.578125 0.49375 0.578125
2 0.5265625 0.440625 0.4984375 0.440625 0.4984375 0.5296875 0.5265625 0.5296875
2 0.5078125 0.509375 0.4828125 0.509375 0.4828125 0.603125 0.5078125 0.603125
2 0.4359375 0.4984375 0.40625 0.4984375 0.40625 0.5921875 0.4359375 0.5921875
2 0.3437500000000001 0.484375 0.3203125000000001 0.484375 0.3203125000000001 0.5765625 0.3437500000000001 0.5765625
2 0.29375000000000007 0.5125 0.2687500000000001 0.5125 0.2687500000000001 0.6 0.29375000000000007 0.6
2 0.2500000000000001 0.4703125 0.2296875000000001 0.4703125 0.2296875000000001 0.5640625 0.2500000000000001 0.5640625
1 0.3390625000000001 0.4484375 0.2984375000000001 0.4484375 0.2984375000000001 0.5265625 0.3390625000000001 0.5265625