0 0.621875 0.5359375 0.60625 0.5359375 0.60625 0.575 0.621875 0.575
3 0.060937500000000075 0.509375 0.02187500000000006 0.509375 0.02187500000000007 0.678125 0.06093750000000009 0.678125
2 0.18906250000000005 0.3984375 0.15781250000000005 0.3984375 0.15781250000000005 0.5375 0.18906250000000005 0.5375
2 0.2218750000000001 0.575 0.1781250000000001 0.575 0.1781250000000001 0.765625 0.2218750000000001 0.765625
2 0.11250000000000009 0.7171875 0.04531250000000009 0.7171875 0.0453125000000001 0.8953125 0.11250000000000009 0.8953125
2 0.49218750000000017 0.7765625 0.4203125000000002 0.7765625 0.4203125000000002 0.9953125 0.49218750000000017 0.9953125
2 0.7734375 0.4515625000000001 0.7109375 0.4515625 0.7109375 0.6078125000000001 0.7734375 0.6078125000000002
2 0.6484375 0.2984375000000001 0.609375 0.2984375000000001 0.609375 0.403125 0.6484375 0.403125
2 0.503125 0.2609375000000001 0.478125 0.2609375000000001 0.478125 0.3593750000000001 0.503125 0.3593750000000001
2 0.3125 0.228125 0.2828125 0.228125 0.2828125 0.3140625 0.3125 0.3140625
2 0.3031250000000001 0.39375 0.27031250000000007 0.39375 0.27031250000000007 0.5390625 0.3031250000000001 0.5390625
2 0.38750000000000007 0.50625 0.34843750000000007 0.50625 0.34843750000000007 0.6921875 0.38750000000000007 0.6921875
2 0.44375 0.44375 0.38750000000000007 0.44375 0.38750000000000007 0.5984375 0.44375 0.5984375
2 0.5515625 0.4890625 0.5109375 0.4890625 0.5109375 0.646875 0.5515625 0.646875
2 0.621875 0.3921875000000001 0.584375 0.3921875000000001 0.584375 0.51875 0.621875 0.51875
2 0.59375 0.4484375 0.553125 0.4484375 0.553125 0.575 0.59375 0.575
2 0.5546875 0.415625 0.5296875 0.415625 0.5296875 0.5125 0.5546875 0.5125
2 0.5453125 0.3593750000000001 0.5171875 0.3593750000000001 0.5171875 0.48125 0.5453125 0.48125