0 0.48437500000000017 0.828125 0.46875000000000017 0.828125 0.46875000000000017 0.8625 0.48437500000000017 0.8625
2 0.834375 0.6296875000000002 0.7796875 0.6296875000000002 0.7796875000000001 0.7781250000000002 0.834375 0.7781250000000002
3 0.5953125 0.27812500000000007 0.5734375 0.27812500000000007 0.5734375 0.3750000000000001 0.5953125 0.3750000000000001
2 0.4578125 0.44375 0.421875 0.44375 0.421875 0.5640625 0.4578125 0.5640625
2 0.5125 0.4453125 0.475 0.4453125 0.475 0.5671875 0.5125 0.5671875
2 0.6 0.4109375 0.5640625 0.4109375 0.5640625 0.521875 0.6 0.521875
2 0.08750000000000005 0.4109375 0.04218750000000006 0.4109375 0.04218750000000006 0.5203125 0.08750000000000006 0.5203125
2 0.4109375 0.27031250000000007 0.3859375 0.27031250000000007 0.3859375 0.3500000000000001 0.4109375 0.3500000000000001
2 0.28125 0.18750000000000006 0.25 0.18750000000000006 0.25 0.265625 0.28125 0.265625
2 0.4390625 0.13906250000000003 0.421875 0.13906250000000003 0.421875 0.18593750000000003 0.4390625 0.18593750000000003
2 0.53125 0.2328125000000001 0.5046875 0.2328125000000001 0.5046875 0.3046875000000001 0.53125 0.3046875000000001
2 0.496875 0.2078125000000001 0.475 0.2078125000000001 0.475 0.2890625000000001 0.496875 0.2890625000000001
2 0.740625 0.3937500000000001 0.70625 0.3937500000000001 0.70625 0.5093750000000001 0.740625 0.5093750000000001
2 0.671875 0.2843750000000001 0.6453125 0.2843750000000001 0.6453125 0.3656250000000001 0.671875 0.3656250000000001
2 0.634375 0.1765625000000001 0.6078125 0.1765625000000001 0.6078125 0.2531250000000001 0.634375 0.2531250000000001
2 0.93125 0.4703125000000002 0.8828125 0.4703125000000002 0.8828125 0.5843750000000002 0.93125 0.5843750000000002
2 0.978125 0.43281250000000016 0.9484375 0.43281250000000016 0.9484375 0.5468750000000002 0.978125 0.5468750000000002
2 0.878125 0.2687500000000001 0.84375 0.2687500000000001 0.84375 0.3625000000000001 0.878125 0.3625000000000001
2 0.7953125 0.22031250000000008 0.7796875 0.22031250000000008 0.7796875 0.2687500000000001 0.7953125 0.2687500000000001
2 0.7734375 0.1937500000000001 0.7515625 0.1937500000000001 0.7515625 0.27031250000000007 0.7734375 0.27031250000000007
2 0.678125 0.1671875000000001 0.6546875 0.1671875000000001 0.6546875 0.21875000000000008 0.678125 0.21875000000000008
2 0.4765625000000001 0.709375 0.434375 0.709375 0.43437500000000007 0.8890625 0.47656250000000017 0.8890625