0 0.8265625 0.5703125000000002 0.8140625 0.5703125000000002 0.8140625 0.5984375000000002 0.8265625 0.5984375000000002
3 0.14062500000000006 0.484375 0.11093750000000005 0.484375 0.11093750000000006 0.6046875 0.14062500000000008 0.6046875
2 0.17500000000000004 0.359375 0.15000000000000005 0.359375 0.15000000000000005 0.4546875 0.17500000000000004 0.4546875
1 0.4109375 0.3593750000000001 0.3859375 0.3593750000000001 0.38593750000000004 0.440625 0.4109375 0.440625
2 0.11718750000000004 0.434375 0.08593750000000004 0.434375 0.08593750000000006 0.534375 0.11718750000000004 0.534375
2 0.18125000000000008 0.646875 0.14062500000000008 0.646875 0.14062500000000008 0.8125 0.18125000000000008 0.8125
2 0.6312500000000001 0.6234375 0.5921875 0.6234375 0.5921875000000001 0.7640625 0.6312500000000002 0.7640625
2 0.58125 0.496875 0.5421875 0.496875 0.5421875 0.6140625 0.58125 0.6140625
2 0.809375 0.4734375000000002 0.7859375 0.4734375000000002 0.7859375 0.5890625000000002 0.809375 0.5890625000000002
2 0.84375 0.4968750000000002 0.81875 0.4968750000000002 0.81875 0.5843750000000002 0.84375 0.5843750000000002
2 0.6171875 0.4703125 0.5921875 0.4703125 0.5921875 0.5703125 0.6171875 0.5703125
2 0.4359375 0.5109375 0.3984375000000001 0.5109375 0.3984375000000001 0.6359375 0.4359375 0.6359375
2 0.3578125000000001 0.4234375 0.3265625000000001 0.4234375 0.3265625000000001 0.559375 0.3578125000000001 0.559375
2 0.3234375000000001 0.4 0.3031250000000001 0.4 0.3031250000000001 0.4890625 0.3234375000000001 0.4890625
2 0.3281250000000001 0.3703125 0.3078125000000001 0.3703125 0.3078125000000001 0.4484375 0.3281250000000001 0.4484375
2 0.4265625 0.425 0.403125 0.425 0.403125 0.5046875 0.4265625 0.5046875
2 0.4453125 0.39531250000000007 0.4234375 0.39531250000000007 0.4234375 0.49375 0.4453125 0.49375