2 0.5609375000000002 0.828125 0.5218750000000002 0.828125 0.5218750000000002 0.9671875 0.5609375000000002 0.9671875
2 0.6578125 0.5703125 0.63125 0.5703125 0.63125 0.6921875 0.6578125 0.6921875
2 0.703125 0.475 0.678125 0.475 0.678125 0.571875 0.703125 0.571875
2 0.78125 0.4156250000000002 0.759375 0.4156250000000002 0.759375 0.5171875000000001 0.78125 0.5171875000000001
3 0.753125 0.19687500000000008 0.7265625 0.19687500000000008 0.7265625 0.2656250000000001 0.753125 0.2656250000000001
3 0.3843750000000001 0.6390625 0.3515625000000001 0.6390625 0.3515625000000001 0.7296875 0.3843750000000001 0.7296875
0 0.3921875000000001 0.5671875 0.37968750000000007 0.5671875 0.37968750000000007 0.5890625 0.3921875000000001 0.5890625
2 0.3500000000000001 0.609375 0.3218750000000001 0.609375 0.3218750000000001 0.7265625 0.3500000000000001 0.7265625
2 0.578125 0.553125 0.5296875 0.553125 0.5296875 0.603125 0.578125 0.603125
2 0.5953125 0.46875 0.5609375 0.46875 0.5609375 0.5546875 0.5953125 0.5546875
2 0.5375 0.4703125 0.5109375 0.4703125 0.5109375 0.5640625 0.5375 0.5640625
2 0.5359375 0.4203125 0.5015625 0.4203125 0.5015625 0.5109375 0.5359375 0.5109375
2 0.5203125 0.5265625 0.4953125 0.5265625 0.4953125 0.6203125 0.5203125 0.6203125
2 0.45 0.5109375 0.4203125 0.5109375 0.4203125 0.6046875 0.45 0.6046875
2 0.3609375000000001 0.475 0.3375000000000001 0.475 0.3375000000000001 0.5671875 0.3609375000000001 0.5671875
2 0.3265625000000001 0.5140625 0.30937500000000007 0.5140625 0.30937500000000007 0.6046875 0.3265625000000001 0.6046875
2 0.30156250000000007 0.471875 0.2812500000000001 0.471875 0.2812500000000001 0.565625 0.30156250000000007 0.565625
1 0.32500000000000007 0.4515625 0.2953125000000001 0.4515625 0.2953125000000001 0.534375 0.32500000000000007 0.534375