1 0.634375 0.3656250000000001 0.615625 0.3656250000000001 0.615625 0.446875 0.634375 0.446875
3 1 0.9234375 0.9828125 0.9234375 0.9828125 0.99375 1 0.99375
2 0.13593750000000004 0.340625 0.10156250000000004 0.340625 0.10156250000000004 0.4234375 0.13593750000000004 0.4234375
2 0.6125 0.4921875 0.59375 0.4921875 0.59375 0.5609375 0.6125 0.5609375
2 0.7234375000000001 0.6515625 0.6921875 0.6515625 0.6921875000000001 0.746875 0.7234375000000002 0.746875
3 0.2156250000000001 0.5296875 0.18750000000000006 0.5296875 0.18750000000000006 0.609375 0.2156250000000001 0.609375
2 0.12031250000000004 0.4421875 0.09687500000000004 0.4421875 0.09687500000000006 0.528125 0.12031250000000004 0.528125
2 0.2656250000000001 0.8 0.23437500000000008 0.8 0.23437500000000008 0.91875 0.2656250000000001 0.91875
2 0.4921875 0.490625 0.4640625 0.490625 0.4640625 0.5828125 0.4921875 0.5828125
2 0.45625 0.44375 0.4375 0.44375 0.4375 0.5125 0.45625 0.5125
2 0.4546875 0.4046875 0.4375 0.4046875 0.4375 0.459375 0.4546875 0.459375
2 0.440625 0.3734375000000001 0.41875 0.3734375000000001 0.41875 0.4484375 0.440625 0.4484375
2 0.36406250000000007 0.321875 0.3421875 0.321875 0.34218750000000003 0.38281250000000006 0.36406250000000007 0.3828125000000001
2 0.3531250000000001 0.39375 0.31718750000000007 0.39375 0.31718750000000007 0.4640625 0.3531250000000001 0.4640625
2 0.1828125000000001 0.83125 0.15000000000000008 0.83125 0.1500000000000001 0.9453125 0.18281250000000013 0.9453125
2 0.021875000000000096 0.7078125 8.668203125214859e-17 0.7078125 9.309229184143553e-17 0.8125 0.0218750000000001 0.8125