1 0.4765625 0.3156250000000001 0.4421875 0.3156250000000001 0.4421875 0.38750000000000007 0.4765625 0.38750000000000007
0 0.2921875 0.25625 0.2796875 0.25625 0.2796875 0.284375 0.2921875 0.284375
2 0.3187500000000001 0.41875 0.2875000000000001 0.41875 0.2875000000000001 0.5375 0.3187500000000001 0.5375
2 0.54375 0.37187500000000007 0.490625 0.37187500000000007 0.490625 0.440625 0.54375 0.440625
2 0.4671875 0.3687500000000001 0.4359375 0.3687500000000001 0.4359375 0.4671875 0.4671875 0.4671875
2 0.6765625 0.4015625 0.640625 0.4015625 0.640625 0.5015625 0.6765625 0.5015625
2 0.596875 0.3218750000000001 0.575 0.3218750000000001 0.575 0.4265625 0.596875 0.4265625
2 0.9 0.2984375000000001 0.8796875 0.2984375000000001 0.8796875 0.3859375000000001 0.9 0.3859375000000001
2 0.721875 0.40625 0.6953125 0.40625 0.6953125 0.521875 0.721875 0.521875
2 0.8671875 0.6578125000000001 0.81875 0.6578125000000001 0.81875 0.8171875 0.8671875 0.8171875
2 0.6984375 0.3671875000000001 0.6765625 0.3671875000000001 0.6765625 0.4375 0.6984375 0.4375
2 0.6921875 0.3265625000000001 0.6640625 0.3265625000000001 0.6640625 0.3984375000000001 0.6921875 0.3984375000000001
2 0.5375 0.4734375 0.50625 0.4734375 0.50625 0.5984375 0.5375 0.5984375
3 0.51875 0.484375 0.484375 0.484375 0.484375 0.6234375 0.51875 0.6234375