2 0.3546875000000001 0.8546875 0.3156250000000001 0.8546875 0.3156250000000001 0.996875 0.3546875000000001 0.996875
2 0.31718750000000007 0.6515625 0.2890625000000001 0.6515625 0.2890625000000001 0.7625 0.31718750000000007 0.7625
2 0.2218750000000001 0.4734375 0.19843750000000004 0.4734375 0.19843750000000007 0.58125 0.2218750000000001 0.58125
2 0.2750000000000001 0.3921875 0.2468750000000001 0.3921875 0.2468750000000001 0.4546875 0.2750000000000001 0.4546875
2 0.45625 0.4890625 0.4328125 0.4890625 0.4328125 0.578125 0.45625 0.578125
3 0.521875 0.4421875 0.4953125 0.4421875 0.4953125 0.509375 0.521875 0.509375
3 0.06250000000000004 0.33125 0.04687500000000004 0.33125 0.04687500000000004 0.4015625 0.06250000000000004 0.4015625
0 0.41875 0.459375 0.4046875 0.459375 0.4046875 0.48125 0.41875 0.48125
2 0.6953125 0.51875 0.665625 0.51875 0.665625 0.6171875 0.6953125 0.6171875
2 0.8265625 0.6953125000000002 0.7953125 0.6953125000000002 0.7953125000000001 0.815625 0.8265625 0.815625
2 0.7421875 0.5078125000000001 0.7203125 0.5078125 0.7203125 0.6109375000000001 0.7421875 0.6109375000000001
2 0.6265625 0.3968750000000001 0.6109375 0.3968750000000001 0.6109375 0.4671875 0.6265625 0.4671875
2 0.48125 0.40625 0.4578125 0.40625 0.4578125 0.465625 0.48125 0.465625
2 0.44375 0.4078125 0.41875 0.4078125 0.41875 0.4734375 0.44375 0.4734375
2 0.4609375 0.3828125000000001 0.44375 0.3828125000000001 0.44375 0.45 0.4609375 0.45
2 0.5 0.3500000000000001 0.48125 0.3500000000000001 0.48125 0.4140625 0.5 0.4140625
2 0.2062500000000001 0.4078125 0.18281250000000004 0.4078125 0.18281250000000004 0.4640625 0.2062500000000001 0.4640625
2 0.21250000000000008 0.3640625 0.19062500000000004 0.3640625 0.19062500000000004 0.421875 0.21250000000000008 0.421875
2 0.4203125 0.3453125000000001 0.3984375 0.3453125000000001 0.39843750000000006 0.4046875 0.4203125 0.4046875
2 0.27812500000000007 0.3671875 0.2640625000000001 0.3671875 0.2640625000000001 0.409375 0.27812500000000007 0.409375