1 0.828125 0.30156250000000007 0.803125 0.30156250000000007 0.803125 0.37968750000000007 0.828125 0.37968750000000007
2 0.665625 0.503125 0.6421875 0.503125 0.6421875 0.5953125 0.665625 0.5953125
2 0.4390625 0.5828125 0.4140625 0.5828125 0.4140625 0.703125 0.4390625 0.703125
2 0.4671875 0.53125 0.4359375 0.53125 0.4359375 0.6296875 0.4671875 0.6296875
2 0.5640625 0.4609375 0.5453125 0.4609375 0.5453125 0.5609375 0.5640625 0.5609375
2 0.975 0.8265625 0.9375 0.8265625 0.9375 0.9890625 0.975 0.9890625
2 0.050000000000000065 0.4890625 0.02187500000000006 0.4890625 0.021875000000000068 0.5953125 0.050000000000000065 0.5953125
2 0.2906250000000001 0.4421875 0.26250000000000007 0.4421875 0.26250000000000007 0.55 0.2906250000000001 0.55
2 0.478125 0.3109375000000001 0.4515625 0.3109375000000001 0.4515625 0.3984375000000001 0.478125 0.3984375000000001
2 0.5703125 0.459375 0.5359375 0.459375 0.5359375 0.571875 0.5703125 0.571875
2 0.5703125 0.40625 0.5484375 0.40625 0.5484375 0.4828125 0.5703125 0.4828125
2 0.23437500000000006 0.3484375 0.2046875 0.3484375 0.20468750000000005 0.4421875 0.23437500000000008 0.4421875
2 0.17031250000000003 0.303125 0.14218750000000005 0.303125 0.14218750000000005 0.3765625 0.17031250000000003 0.3765625
2 0.228125 0.28125 0.19687500000000005 0.28125 0.19687500000000005 0.3625 0.228125 0.3625
2 0.17343750000000005 0.2390625 0.15312500000000004 0.2390625 0.15312500000000004 0.321875 0.17343750000000005 0.321875
2 0.415625 0.3187500000000001 0.39375 0.3187500000000001 0.39375000000000004 0.3843750000000001 0.415625 0.3843750000000001
2 0.403125 0.3125000000000001 0.3796875 0.3125000000000001 0.37968750000000007 0.3781250000000001 0.403125 0.3781250000000001
3 0.28750000000000003 0.340625 0.25625 0.340625 0.25625000000000003 0.41875 0.2875000000000001 0.41875
2 0.2687500000000001 0.4078125 0.2406250000000001 0.4078125 0.2406250000000001 0.5046875 0.2687500000000001 0.5046875