1 0.17031250000000003 0.30625 0.14375000000000004 0.30625 0.14375000000000004 0.4109375 0.17031250000000003 0.4109375
2 0.3531250000000001 0.4390625 0.31718750000000007 0.4390625 0.31718750000000007 0.565625 0.3531250000000001 0.565625
2 0.2312500000000001 0.55625 0.21093750000000008 0.55625 0.21093750000000008 0.6734375 0.2312500000000001 0.6734375
2 0.22031250000000008 0.540625 0.2000000000000001 0.540625 0.2000000000000001 0.66875 0.22031250000000008 0.66875
2 0.5609375 0.37187500000000007 0.53125 0.37187500000000007 0.53125 0.4734375 0.5609375 0.4734375
2 0.721875 0.3031250000000001 0.690625 0.3031250000000001 0.690625 0.409375 0.721875 0.409375
2 0.9109375 0.3000000000000001 0.8828125 0.3000000000000001 0.8828125 0.3906250000000001 0.9109375 0.3906250000000001
2 0.39531250000000007 0.646875 0.3437500000000001 0.646875 0.3437500000000001 0.7921875 0.39531250000000007 0.7921875
2 0.625 0.5125 0.5890625 0.5125 0.5890625 0.6390625 0.625 0.6390625
2 0.69375 0.4828125 0.6625 0.4828125 0.6625 0.590625 0.69375 0.590625
2 0.5953125 0.5796875 0.5625 0.5796875 0.5625 0.70625 0.5953125 0.70625
2 0.5859375000000001 0.675 0.546875 0.675 0.5468750000000001 0.83125 0.5859375000000002 0.83125
2 0.6078125000000001 0.6703125 0.5828125 0.6703125 0.5828125000000001 0.80625 0.6078125000000002 0.80625
2 0.6328125000000002 0.778125 0.5890625000000002 0.778125 0.5890625000000002 0.934375 0.6328125000000002 0.934375
2 0.6828125000000002 0.7484375 0.6296875000000002 0.7484375 0.6296875000000002 0.9265625 0.6828125000000002 0.9265625
3 0.7171875000000001 0.6 0.68125 0.6 0.6812500000000001 0.740625 0.7171875000000002 0.740625
3 0.8875 0.21250000000000008 0.8609375 0.21250000000000008 0.8609375 0.2750000000000001 0.8875 0.2750000000000001