2 0.1781250000000001 0.6140625 0.1453125000000001 0.6140625 0.1453125000000001 0.80625 0.1781250000000001 0.80625
2 0.21875000000000008 0.5765625 0.18750000000000008 0.5765625 0.18750000000000008 0.7484375 0.21875000000000008 0.7484375
2 0.3046875000000001 0.503125 0.2578125000000001 0.503125 0.2578125000000001 0.671875 0.3046875000000001 0.671875
2 0.3890625000000001 0.465625 0.3593750000000001 0.465625 0.3593750000000001 0.6265625 0.3890625000000001 0.6265625
1 0.41875 0.5171875 0.3734375000000001 0.5171875 0.3734375000000001 0.59375 0.41875 0.59375
3 0.06718750000000008 0.5359375 0.028125000000000067 0.5359375 0.028125000000000077 0.70625 0.0671875000000001 0.70625
2 0.034375000000000065 0.490625 0.006250000000000061 0.490625 0.006250000000000072 0.66875 0.03437500000000008 0.66875
2 0.06562500000000007 0.4859375 0.031250000000000056 0.4859375 0.03125000000000007 0.609375 0.06562500000000007 0.609375
2 0.5250000000000001 0.6640625 0.4453125 0.6640625 0.4453125000000001 0.728125 0.5250000000000001 0.728125
2 0.5859375000000001 0.609375 0.5421875 0.609375 0.5421875 0.775 0.5859375000000002 0.775
2 0.5828125 0.5453125 0.5359375 0.5453125 0.5359375 0.6546875 0.5828125 0.6546875
2 0.490625 0.478125 0.4578125 0.478125 0.4578125 0.634375 0.490625 0.634375
2 0.4421875 0.4125 0.40625 0.4125 0.40625 0.5390625 0.4421875 0.5390625
2 0.31718750000000007 0.4375 0.2828125000000001 0.4375 0.2828125000000001 0.5859375 0.31718750000000007 0.5859375
2 0.2828125000000001 0.403125 0.24218750000000008 0.403125 0.24218750000000008 0.5171875 0.2828125000000001 0.5171875