2 0.3187500000000001 0.6375 0.2843750000000001 0.6375 0.2843750000000001 0.7640625 0.3187500000000001 0.7640625
2 0.2390625000000001 0.5171875 0.21093750000000008 0.5171875 0.21093750000000008 0.6296875 0.2390625000000001 0.6296875
2 0.3468750000000001 0.509375 0.3156250000000001 0.509375 0.3156250000000001 0.6265625 0.3468750000000001 0.6265625
2 0.290625 0.3609375 0.2578125 0.3609375 0.25781250000000006 0.4484375 0.2906250000000001 0.4484375
2 0.36250000000000004 0.340625 0.3390625 0.340625 0.33906250000000004 0.4140625 0.3625000000000001 0.4140625
2 0.471875 0.3781250000000001 0.4484375 0.3781250000000001 0.4484375 0.471875 0.471875 0.471875
2 0.565625 0.3687500000000001 0.54375 0.3687500000000001 0.54375 0.4734375 0.565625 0.4734375
2 0.6625 0.3593750000000001 0.6375 0.3593750000000001 0.6375 0.434375 0.6625 0.434375
2 0.7265625 0.4218750000000001 0.690625 0.421875 0.690625 0.5171875000000001 0.7265625 0.5171875000000001
2 0.803125 0.3500000000000001 0.7796875 0.3500000000000001 0.7796875 0.4390625000000002 0.803125 0.4390625000000002
2 0.8890625 0.2953125000000001 0.86875 0.2953125000000001 0.86875 0.3750000000000001 0.8890625 0.3750000000000001
2 1 0.3703125000000001 0.9859375 0.3703125000000001 0.9859375 0.46875000000000017 1 0.46875000000000017
2 0.3453125 0.3078125 0.31875 0.3078125 0.31875000000000003 0.378125 0.3453125000000001 0.378125
2 0.365625 0.29531250000000003 0.34375 0.2953125 0.34375 0.36250000000000004 0.365625 0.3625000000000001
2 0.490625 0.3625000000000001 0.4640625 0.3625000000000001 0.4640625 0.4421875 0.490625 0.4421875
2 0.7109375 0.3000000000000001 0.6890625 0.3000000000000001 0.6890625 0.37187500000000007 0.7109375 0.37187500000000007
0 0.48125 0.421875 0.4734375 0.421875 0.4734375 0.4390625 0.48125 0.4390625
3 0.6453125 0.415625 0.6046875 0.415625 0.6046875 0.503125 0.6453125 0.503125
3 0.3828125 0.25000000000000006 0.3609375 0.25 0.3609375 0.31562500000000004 0.3828125 0.3156250000000001