1 0.6640625 0.4203125 0.6109375 0.4203125 0.6109375 0.5125 0.6640625 0.5125
0 0.5328125 0.4796875 0.5140625 0.4796875 0.5140625 0.5078125 0.5328125 0.5078125
3 0.10781250000000006 0.465625 0.07343750000000007 0.465625 0.07343750000000007 0.6078125 0.10781250000000009 0.6078125
2 0.1765625000000001 0.546875 0.1453125000000001 0.546875 0.1453125000000001 0.7078125 0.1765625000000001 0.7078125
2 0.16250000000000006 0.5421875 0.13281250000000006 0.5421875 0.13281250000000006 0.675 0.1625000000000001 0.675
2 0.7046875000000001 0.675 0.6671875 0.675 0.6671875 0.84375 0.7046875000000001 0.84375
2 0.4984375 0.4921875 0.4640625 0.4921875 0.4640625 0.6015625 0.4984375 0.6015625
2 0.446875 0.46875 0.4140625 0.46875 0.4140625 0.590625 0.446875 0.590625
2 0.415625 0.459375 0.3828125000000001 0.459375 0.3828125000000001 0.5875 0.415625 0.5875
2 0.3265625000000001 0.44375 0.2921875000000001 0.44375 0.2921875000000001 0.5828125 0.3265625000000001 0.5828125
2 0.2515625000000001 0.421875 0.2250000000000001 0.421875 0.2250000000000001 0.56875 0.2515625000000001 0.56875
2 0.13437500000000008 0.428125 0.10000000000000005 0.428125 0.10000000000000006 0.559375 0.13437500000000008 0.559375
2 0.15468750000000003 0.3390625 0.12343750000000005 0.3390625 0.12343750000000005 0.4640625 0.15468750000000003 0.4640625
2 0.3046875000000001 0.378125 0.2656250000000001 0.378125 0.2656250000000001 0.5078125 0.3046875000000001 0.5078125
2 0.3859375000000001 0.45 0.34062500000000007 0.45 0.34062500000000007 0.575 0.3859375000000001 0.575
2 0.3390625000000001 0.421875 0.3156250000000001 0.421875 0.3156250000000001 0.5265625 0.3390625000000001 0.5265625