2 0.3531250000000001 0.8046875 0.3187500000000001 0.8046875 0.3187500000000001 0.9046875 0.3531250000000001 0.9046875
2 0.3296875000000001 0.5921875 0.3046875000000001 0.5921875 0.3046875000000001 0.6765625 0.3296875000000001 0.6765625
0 0.34062500000000007 0.6328125 0.3296875000000001 0.6328125 0.3296875000000001 0.65 0.34062500000000007 0.65
2 0.37968750000000007 0.590625 0.35625000000000007 0.590625 0.35625000000000007 0.6640625 0.37968750000000007 0.6640625
2 0.3343750000000001 0.39375 0.3109375000000001 0.39375 0.3109375000000001 0.4734375 0.3343750000000001 0.4734375
2 0.3765625000000001 0.453125 0.3531250000000001 0.453125 0.3531250000000001 0.53125 0.3765625000000001 0.53125
2 0.38750000000000007 0.38281250000000006 0.3625000000000001 0.3828125 0.3625000000000001 0.4453125 0.38750000000000007 0.4453125
2 0.384375 0.2828125000000001 0.3640625 0.2828125000000001 0.3640625 0.3500000000000001 0.384375 0.3500000000000001
2 0.4734375 0.2984375000000001 0.453125 0.2984375000000001 0.453125 0.3703125000000001 0.4734375 0.3703125000000001
2 0.490625 0.3609375000000001 0.471875 0.3609375000000001 0.471875 0.428125 0.490625 0.428125
3 0.4015625 0.17031250000000003 0.3875 0.17031250000000003 0.3875 0.22031250000000008 0.4015625 0.22031250000000008
2 0.5421875 0.2921875000000001 0.5234375 0.2921875000000001 0.5234375 0.3515625000000001 0.5421875 0.3515625000000001
2 0.5609375 0.23593750000000008 0.54375 0.23593750000000008 0.54375 0.2953125000000001 0.5609375 0.2953125000000001
2 0.653125 0.22656250000000008 0.6375 0.22656250000000008 0.6375 0.2843750000000001 0.653125 0.2843750000000001
2 0.7171875 0.3125000000000001 0.7 0.3125000000000001 0.7 0.3625000000000001 0.7171875 0.3625000000000001
2 0.6328125 0.5015625 0.60625 0.5015625 0.60625 0.584375 0.6328125 0.584375
2 0.65625 0.496875 0.6328125 0.496875 0.6328125 0.5796875 0.65625 0.5796875
2 0.8171875 0.6312500000000002 0.7953125 0.6312500000000002 0.7953125 0.7218750000000002 0.8171875 0.7218750000000002
2 0.890625 0.5000000000000002 0.8671875 0.5000000000000002 0.8671875 0.5812500000000002 0.890625 0.5812500000000002
2 0.878125 0.3109375000000001 0.8578125 0.3109375000000001 0.8578125 0.3828125000000001 0.878125 0.3828125000000001
2 0.9203125 0.3390625000000001 0.8984375 0.3390625000000001 0.8984375 0.4156250000000002 0.9203125 0.4156250000000002
2 0.95 0.5984375000000002 0.928125 0.5984375000000002 0.928125 0.6734375000000001 0.95 0.6734375000000001
3 0.528125 0.3906250000000001 0.503125 0.3906250000000001 0.503125 0.4625 0.528125 0.4625