2 0.6015625000000002 0.78125 0.5578125000000002 0.78125 0.5578125000000002 0.896875 0.6015625000000002 0.896875
2 0.9296875 0.6125000000000002 0.8921875 0.6125000000000002 0.8921875 0.7343750000000002 0.9296875 0.7343750000000002
2 0.846875 0.6109375000000001 0.81875 0.6109375000000001 0.81875 0.7062500000000002 0.846875 0.7062500000000002
2 0.9234375 0.47656250000000017 0.8953125 0.47656250000000017 0.8953125 0.5640625000000001 0.9234375 0.5640625000000001
2 0.953125 0.2562500000000001 0.928125 0.2562500000000001 0.928125 0.3375000000000001 0.953125 0.3375000000000001
2 0.6984375 0.3203125000000001 0.671875 0.3203125000000001 0.671875 0.39531250000000007 0.6984375 0.39531250000000007
2 0.7453125 0.4312500000000001 0.7078125 0.43125 0.7078125 0.5437500000000001 0.7453125 0.5437500000000002
2 0.6515625 0.428125 0.6234375 0.428125 0.6234375 0.5296875 0.6515625 0.5296875
3 0.6484375 0.575 0.615625 0.575 0.615625 0.68125 0.6484375 0.68125
2 0.4328125 0.49375 0.3968750000000001 0.49375 0.3968750000000001 0.5921875 0.4328125 0.5921875
2 0.24375000000000008 0.66875 0.20312500000000008 0.66875 0.20312500000000008 0.7859375 0.24375000000000008 0.7859375
0 0.2296875000000001 0.7359375 0.2140625000000001 0.7359375 0.2140625000000001 0.76875 0.2296875000000001 0.76875
1 0.25312500000000004 0.3359375 0.2234375 0.3359375 0.22343750000000004 0.4171875 0.2531250000000001 0.4171875
2 0.2953125000000001 0.6640625 0.27031250000000007 0.6640625 0.27031250000000007 0.746875 0.2953125000000001 0.746875
2 0.27031250000000007 0.6375 0.2375000000000001 0.6375 0.2375000000000001 0.7234375 0.27031250000000007 0.7234375
2 0.546875 0.3968750000000001 0.5203125 0.3968750000000001 0.5203125 0.4671875 0.546875 0.4671875
2 0.5265625 0.35625000000000007 0.5 0.35625000000000007 0.5 0.434375 0.5265625 0.434375
3 0.7375 0.15781250000000008 0.7109375 0.15781250000000008 0.7109375 0.2093750000000001 0.7375 0.2093750000000001