2 0.7609375 0.4515625000000002 0.734375 0.4515625000000002 0.734375 0.5484375000000001 0.7609375 0.5484375000000001
2 0.8859375 0.37187500000000007 0.8578125 0.37187500000000007 0.8578125 0.4625000000000002 0.8859375 0.4625000000000002
2 0.625 0.4234375 0.5984375 0.4234375 0.5984375 0.5078125 0.625 0.5078125
2 0.709375 0.3734375000000001 0.6828125 0.3734375000000001 0.6828125 0.45625 0.709375 0.45625
2 0.3125000000000001 0.653125 0.2875000000000001 0.653125 0.2875000000000001 0.765625 0.3125000000000001 0.765625
2 0.2531250000000001 0.528125 0.2156250000000001 0.528125 0.2156250000000001 0.6296875 0.2531250000000001 0.6296875
2 0.3531250000000001 0.5375 0.3140625000000001 0.5375 0.3140625000000001 0.6359375 0.3531250000000001 0.6359375
2 0.3062500000000001 0.3828125 0.27812500000000007 0.3828125 0.27812500000000007 0.45625 0.3062500000000001 0.45625
2 0.34843750000000007 0.378125 0.3203125000000001 0.378125 0.3203125000000001 0.44375 0.34843750000000007 0.44375
2 0.353125 0.340625 0.3359375 0.340625 0.33593750000000006 0.4078125 0.3531250000000001 0.4078125
2 0.4953125 0.3890625000000001 0.471875 0.3890625000000001 0.471875 0.4671875 0.4953125 0.4671875
2 0.515625 0.38750000000000007 0.4953125 0.38750000000000007 0.4953125 0.4703125 0.515625 0.4703125
2 0.9828125 0.3218750000000001 0.9609375 0.3218750000000001 0.9609375 0.4000000000000002 0.9828125 0.4000000000000002
2 0.76875 0.32500000000000007 0.7421875 0.32500000000000007 0.7421875 0.40156250000000016 0.76875 0.40156250000000016
2 0.421875 0.3046875000000001 0.403125 0.3046875000000001 0.403125 0.3625000000000001 0.421875 0.3625000000000001
0 0.4046875 0.4328125 0.3968750000000001 0.4328125 0.3968750000000001 0.45 0.4046875 0.45
3 0.6515625 0.440625 0.61875 0.440625 0.61875 0.5359375 0.6515625 0.5359375
3 0.43125 0.2671875000000001 0.4078125 0.2671875000000001 0.4078125 0.32500000000000007 0.43125 0.32500000000000007