1 0.9171875 0.3671875000000001 0.8875 0.3671875000000001 0.8875 0.45625000000000016 0.9171875 0.45625000000000016
3 0.8734375 0.846875 0.8453125 0.846875 0.8453125 0.921875 0.8734375 0.921875
3 0.2328125000000001 0.4671875 0.2078125000000001 0.4671875 0.2078125000000001 0.534375 0.2328125000000001 0.534375
2 0.17187500000000006 0.2703125 0.13750000000000004 0.2703125 0.13750000000000004 0.334375 0.17187500000000006 0.334375
2 0.31875000000000003 0.34375 0.29375 0.34375 0.29375000000000007 0.4078125 0.3187500000000001 0.4078125
2 0.5375 0.4671875 0.515625 0.4671875 0.515625 0.53125 0.5375 0.53125
2 0.5765625 0.3750000000000001 0.553125 0.3750000000000001 0.553125 0.4625 0.5765625 0.4625
0 0.80625 0.5234375000000002 0.7890625 0.5234375000000002 0.7890625 0.5578125000000002 0.80625 0.5578125000000002
2 0.7734375 0.6000000000000002 0.7515625 0.6000000000000002 0.7515625 0.6890625000000001 0.7734375 0.6890625000000001
2 0.7421875 0.565625 0.71875 0.565625 0.71875 0.6359375 0.7421875 0.6359375000000002
2 0.22656250000000008 0.575 0.19531250000000008 0.575 0.19531250000000008 0.653125 0.22656250000000008 0.653125
2 0.11093750000000005 0.384375 0.09218750000000005 0.384375 0.09218750000000006 0.4546875 0.11093750000000005 0.4546875
2 0.12968750000000004 0.31875 0.10468750000000004 0.31875 0.10468750000000004 0.378125 0.12968750000000004 0.378125
2 0.2671875000000001 0.5234375 0.23437500000000008 0.5234375 0.23437500000000008 0.6078125 0.2671875000000001 0.6078125