2 0.5546875000000002 0.8421875 0.5156250000000002 0.8421875 0.5156250000000002 0.98125 0.5546875000000002 0.98125
2 0.7265625000000001 0.6218750000000001 0.7 0.621875 0.7000000000000001 0.7437500000000001 0.7265625000000002 0.7437500000000001
2 0.69375 0.5109375 0.66875 0.5109375 0.66875 0.5921875 0.69375 0.5921875
2 0.7890625 0.42500000000000016 0.7625 0.42500000000000016 0.7625 0.5250000000000001 0.7890625 0.5250000000000001
3 0.7171875 0.2015625000000001 0.690625 0.2015625000000001 0.690625 0.27031250000000007 0.7171875 0.27031250000000007
3 0.41093750000000007 0.621875 0.3781250000000001 0.621875 0.3781250000000001 0.7265625 0.4109375000000002 0.7265625
2 0.32500000000000007 0.621875 0.2968750000000001 0.621875 0.2968750000000001 0.7390625 0.32500000000000007 0.7390625
2 0.5171875 0.4875 0.484375 0.4875 0.484375 0.5703125 0.5171875 0.5703125
2 0.7046875 0.5609375 0.6703125 0.5609375 0.6703125 0.646875 0.7046875 0.646875
2 0.4296875 0.4671875 0.403125 0.4671875 0.403125 0.5609375 0.4296875 0.5609375
2 0.5296875 0.4359375 0.5015625 0.4359375 0.5015625 0.525 0.5296875 0.525
2 0.459375 0.5296875 0.434375 0.5296875 0.434375 0.6234375 0.459375 0.6234375
2 0.4296875 0.5390625 0.4 0.5390625 0.4 0.6328125 0.4296875 0.6328125
2 0.3109375000000001 0.496875 0.2828125000000001 0.496875 0.2828125000000001 0.59375 0.3109375000000001 0.59375
2 0.27031250000000007 0.5296875 0.2453125000000001 0.5296875 0.2453125000000001 0.6171875 0.27031250000000007 0.6171875
2 0.2312500000000001 0.4734375 0.21093750000000008 0.4734375 0.21093750000000008 0.5671875 0.2312500000000001 0.5671875
1 0.3625000000000001 0.4421875 0.3218750000000001 0.4421875 0.3218750000000001 0.5203125 0.3625000000000001 0.5203125
0 0.4859375 0.578125 0.4765625 0.578125 0.4765625 0.6015625 0.4859375 0.6015625