0 0.5250000000000001 0.9109375 0.49218750000000017 0.9109375 0.49218750000000017 0.946875 0.5250000000000001 0.946875
2 0.19531250000000006 0.371875 0.15312500000000004 0.371875 0.15312500000000004 0.5203125 0.19531250000000006 0.5203125
2 0.565625 0.4453125 0.528125 0.4453125 0.528125 0.5828125 0.565625 0.5828125
3 0.803125 0.2640625000000001 0.784375 0.2640625000000001 0.784375 0.3750000000000001 0.803125 0.3750000000000001
2 0.415625 0.12812500000000004 0.3875 0.12812500000000004 0.3875 0.2234375000000001 0.415625 0.2234375000000001
2 0.6328125000000002 0.8609375 0.5859375000000002 0.8609375 0.5859375000000002 1 0.6328125000000002 1
2 0.790625 0.3781250000000001 0.74375 0.3781250000000001 0.74375 0.5171875000000001 0.790625 0.5171875000000001
2 0.625 0.4375 0.5765625 0.4375 0.5765625 0.5546875 0.625 0.5546875
2 0.578125 0.2296875000000001 0.5484375 0.2296875000000001 0.5484375 0.3281250000000001 0.578125 0.3281250000000001
2 0.6765625 0.16406250000000008 0.646875 0.16406250000000008 0.646875 0.2843750000000001 0.6765625 0.2843750000000001
2 0.740625 0.1859375000000001 0.715625 0.1859375000000001 0.715625 0.2843750000000001 0.740625 0.2843750000000001
2 0.9015625 0.2453125000000001 0.86875 0.2453125000000001 0.86875 0.3671875000000001 0.9015625 0.3671875000000001
2 0.934375 0.10781250000000012 0.90625 0.10781250000000009 0.90625 0.19375000000000012 0.934375 0.19375000000000014
2 0.896875 0.11718750000000008 0.865625 0.11718750000000008 0.865625 0.2015625000000001 0.896875 0.2015625000000001
2 0.6375 0.06718750000000008 0.61875 0.06718750000000007 0.61875 0.1359375000000001 0.6375 0.1359375000000001