2 0.2328125000000001 0.603125 0.19531250000000008 0.603125 0.19531250000000008 0.7921875 0.2328125000000001 0.7921875
2 0.2828125000000001 0.5703125 0.2500000000000001 0.5703125 0.2500000000000001 0.7375 0.2828125000000001 0.7375
2 0.3515625000000001 0.4984375 0.3203125000000001 0.4984375 0.3203125000000001 0.6625 0.3515625000000001 0.6625
2 0.5406250000000001 0.675 0.4671875 0.675 0.4671875000000001 0.7328125 0.5406250000000001 0.7328125
2 0.5593750000000001 0.5703125 0.525 0.5703125 0.5250000000000001 0.7453125 0.5593750000000002 0.7453125
2 0.5859375 0.5421875 0.55625 0.5421875 0.55625 0.709375 0.5859375 0.709375
2 0.4890625 0.4515625 0.4546875 0.4515625 0.4546875 0.61875 0.4890625 0.61875
2 0.4640625 0.3937500000000001 0.4296875 0.3937500000000001 0.4296875 0.5546875 0.4640625 0.5546875
2 0.40625 0.4515625 0.3781250000000001 0.4515625 0.3781250000000001 0.6140625 0.40625 0.6140625
2 0.2921875000000001 0.4328125 0.2671875000000001 0.4328125 0.2671875000000001 0.5875 0.2921875000000001 0.5875
2 0.3546875000000001 0.421875 0.3281250000000001 0.421875 0.3281250000000001 0.5671875 0.3546875000000001 0.5671875
2 0.05000000000000008 0.48125 0.018750000000000062 0.48125 0.01875000000000007 0.65625 0.050000000000000086 0.65625
3 0.07656250000000007 0.5140625 0.04687500000000007 0.5140625 0.046875000000000076 0.6890625 0.07656250000000009 0.6890625
2 0.06875000000000007 0.4890625 0.04218750000000006 0.4890625 0.042187500000000065 0.6453125 0.06875000000000009 0.6453125
1 0.3937500000000001 0.5046875 0.3515625000000001 0.5046875 0.3515625000000001 0.5953125 0.3937500000000001 0.5953125