2 0.40156250000000016 0.7390625 0.3671875000000001 0.7390625 0.3671875000000001 0.8390625 0.40156250000000016 0.8390625
2 0.2515625000000001 0.6359375 0.22656250000000008 0.6359375 0.22656250000000008 0.7203125 0.2515625000000001 0.7203125
2 0.3031250000000001 0.590625 0.2796875000000001 0.590625 0.2796875000000001 0.6640625 0.3031250000000001 0.6640625
2 0.19062500000000004 0.4 0.16718750000000004 0.4 0.16718750000000004 0.4796875 0.19062500000000004 0.4796875
2 0.3218750000000001 0.45625 0.2906250000000001 0.45625 0.2906250000000001 0.534375 0.3218750000000001 0.534375
2 0.3031250000000001 0.48125 0.2765625000000001 0.48125 0.2765625000000001 0.5484375 0.3031250000000001 0.5484375
2 0.33281250000000007 0.3125 0.3125 0.3125 0.31250000000000006 0.3796875 0.33281250000000007 0.3796875
2 0.4140625 0.32500000000000007 0.39375 0.32500000000000007 0.39375000000000004 0.3968750000000001 0.4140625 0.3968750000000001
2 0.40625 0.4015625 0.3859375000000001 0.4015625 0.3859375000000001 0.4765625 0.40625 0.4765625
3 0.28125 0.17187500000000006 0.265625 0.17187500000000006 0.265625 0.2296875 0.28125 0.2296875
2 0.4625 0.23593750000000008 0.4453125 0.23593750000000008 0.4453125 0.2953125000000001 0.4625 0.2953125000000001
2 0.60625 0.2406250000000001 0.5890625 0.2406250000000001 0.5890625 0.3046875000000001 0.60625 0.3046875000000001
2 0.625 0.30937500000000007 0.60625 0.30937500000000007 0.60625 0.36406250000000007 0.625 0.36406250000000007
2 0.5578125 0.5015625 0.53125 0.5015625 0.53125 0.584375 0.5578125 0.584375
2 0.84375 0.6140625000000002 0.8125 0.6140625000000002 0.8125 0.7093750000000002 0.84375 0.7093750000000002
2 0.753125 0.3234375000000001 0.7328125 0.3234375000000001 0.7328125 0.39531250000000007 0.753125 0.39531250000000007
2 0.8625 0.3750000000000001 0.83125 0.3750000000000001 0.83125 0.4578125000000002 0.8625 0.4578125000000002
3 0.55625 0.415625 0.53125 0.415625 0.53125 0.4875 0.55625 0.4875
2 0.509375 0.3390625000000001 0.490625 0.3390625000000001 0.490625 0.3968750000000001 0.509375 0.3968750000000001
2 0.7921875 0.4734375000000002 0.7578125 0.4734375000000002 0.7578125 0.5609375000000002 0.7921875 0.5609375000000002
0 0.30937500000000007 0.5234375 0.2984375000000001 0.5234375 0.2984375000000001 0.5421875 0.30937500000000007 0.5421875
2 0.5390625 0.54375 0.515625 0.54375 0.515625 0.6109375 0.5390625 0.6109375
2 0.865625 0.6921875000000002 0.8234375 0.6921875000000002 0.8234375 0.7750000000000001 0.865625 0.7750000000000001