3 0.525 0.37968750000000007 0.5046875 0.37968750000000007 0.5046875 0.4546875 0.525 0.4546875
3 0.4140625 0.16718750000000004 0.3984375 0.16718750000000004 0.3984375 0.22812500000000008 0.4140625 0.22812500000000008
0 0.3453125000000001 0.64375 0.3343750000000001 0.64375 0.3343750000000001 0.665625 0.3453125000000001 0.665625
2 0.3343750000000001 0.8046875 0.3031250000000001 0.8046875 0.3031250000000001 0.9046875 0.3343750000000001 0.9046875
2 0.3281250000000001 0.59375 0.3062500000000001 0.59375 0.3062500000000001 0.6796875 0.3281250000000001 0.6796875
2 0.428125 0.5578125 0.403125 0.5578125 0.403125 0.6484375 0.428125 0.6484375
2 0.4 0.4515625 0.3750000000000001 0.4515625 0.3750000000000001 0.540625 0.4 0.540625
2 0.3593750000000001 0.3875 0.3375000000000001 0.3875 0.3375000000000001 0.4828125 0.3593750000000001 0.4828125
2 0.4015625 0.3734375000000001 0.37968750000000007 0.3734375000000001 0.37968750000000007 0.4421875 0.4015625 0.4421875
2 0.3890625 0.2765625000000001 0.3671875 0.2765625000000001 0.3671875 0.3515625000000001 0.3890625 0.3515625000000001
2 0.49375 0.3546875000000001 0.4734375 0.3546875000000001 0.4734375 0.425 0.49375 0.425
2 0.475 0.2921875000000001 0.4609375 0.2921875000000001 0.4609375 0.3750000000000001 0.475 0.3750000000000001
2 0.5453125 0.2812500000000001 0.528125 0.2812500000000001 0.528125 0.3515625000000001 0.5453125 0.3515625000000001
2 0.5734375 0.2390625000000001 0.5578125 0.2390625000000001 0.5578125 0.2984375000000001 0.5734375 0.2984375000000001
2 0.6578125 0.22031250000000008 0.640625 0.22031250000000008 0.640625 0.28593750000000007 0.6578125 0.28593750000000007
2 0.728125 0.2921875000000001 0.703125 0.2921875000000001 0.703125 0.35625000000000007 0.728125 0.35625000000000007
2 0.671875 0.49375 0.6390625 0.49375 0.6390625 0.578125 0.671875 0.578125
2 0.8234375 0.6375000000000002 0.8046875 0.6375000000000002 0.8046875 0.7234375000000002 0.8234375 0.7234375000000002
2 0.9796875 0.5796875000000001 0.953125 0.5796875000000001 0.953125 0.6640625000000002 0.9796875 0.6640625000000002
2 0.9109375 0.5078125000000002 0.8921875 0.5078125000000002 0.8921875 0.5859375000000002 0.9109375 0.5859375000000002
2 0.9421875 0.3312500000000001 0.9234375 0.3312500000000001 0.9234375 0.40625000000000017 0.9421875 0.40625000000000017
2 0.8890625 0.3109375000000001 0.86875 0.3109375000000001 0.86875 0.3781250000000001 0.8890625 0.3781250000000001