0 0.5109375000000002 0.7921875 0.4937500000000002 0.7921875 0.4937500000000002 0.828125 0.5109375000000002 0.828125
2 0.5406250000000001 0.64375 0.465625 0.64375 0.46562500000000007 0.7984375 0.5406250000000001 0.7984375
2 0.3781250000000001 0.521875 0.3296875000000001 0.521875 0.3296875000000001 0.665625 0.3781250000000001 0.665625
2 0.31718750000000007 0.6203125 0.2671875000000001 0.6203125 0.2671875000000001 0.7640625 0.31718750000000007 0.7640625
2 0.4078125000000001 0.684375 0.3578125000000001 0.684375 0.3578125000000001 0.9140625 0.4078125000000002 0.9140625
2 0.75 0.4703125000000001 0.7140625 0.4703125 0.7140625 0.6218750000000001 0.75 0.6218750000000002
2 0.815625 0.22656250000000008 0.790625 0.22656250000000008 0.790625 0.3468750000000001 0.815625 0.3468750000000001
2 0.6703125 0.2671875000000001 0.6328125 0.2671875000000001 0.6328125 0.3734375000000001 0.6703125 0.3734375000000001
2 0.5359375 0.3281250000000001 0.4953125 0.3281250000000001 0.4953125 0.45625 0.5359375 0.45625
2 0.5453125 0.4796875 0.5078125 0.4796875 0.5078125 0.6234375 0.5453125 0.6234375
2 0.32500000000000007 0.4140625 0.28593750000000007 0.4140625 0.28593750000000007 0.565625 0.32500000000000007 0.565625
2 0.1390625000000001 0.5515625 0.09843750000000007 0.5515625 0.09843750000000008 0.70625 0.1390625000000001 0.70625
2 0.11250000000000009 0.646875 0.05625000000000009 0.646875 0.0562500000000001 0.8515625 0.11250000000000009 0.8515625
2 0.6531250000000001 0.675 0.596875 0.675 0.596875 0.853125 0.6531250000000002 0.853125
2 0.64375 0.5796875 0.6 0.5796875 0.6000000000000001 0.728125 0.6437500000000002 0.728125
3 0.884375 0.1468750000000001 0.85625 0.1468750000000001 0.85625 0.2328125000000001 0.884375 0.2328125000000001
3 0.6843750000000001 0.5875 0.646875 0.5875 0.6468750000000001 0.753125 0.6843750000000002 0.753125