2 0.5921875000000001 0.640625 0.5546875 0.640625 0.5546875000000001 0.803125 0.5921875000000002 0.803125
2 0.15000000000000008 0.609375 0.10312500000000009 0.609375 0.10312500000000009 0.784375 0.15000000000000008 0.784375
2 0.1906250000000001 0.584375 0.14218750000000008 0.584375 0.14218750000000008 0.740625 0.1906250000000001 0.740625
2 0.09531250000000008 0.4703125 0.056250000000000064 0.4703125 0.05625000000000008 0.640625 0.09531250000000009 0.640625
3 0.039062500000000076 0.5265625 0.014062500000000066 0.5265625 0.014062500000000075 0.6953125 0.03906250000000009 0.6953125
2 0.2609375000000001 0.4890625 0.2328125000000001 0.4890625 0.2328125000000001 0.6640625 0.2609375000000001 0.6640625
2 0.2171875000000001 0.39375 0.17031250000000003 0.39375 0.17031250000000003 0.5046875 0.2171875000000001 0.5046875
2 0.3218750000000001 0.4375 0.2921875000000001 0.4375 0.2921875000000001 0.578125 0.3218750000000001 0.578125
2 0.3937500000000001 0.475 0.3546875000000001 0.475 0.3546875000000001 0.6234375 0.3937500000000001 0.6234375
2 0.4625 0.628125 0.4109375 0.628125 0.4109375 0.6921875 0.4625 0.6921875
2 0.5234375 0.5265625 0.4765625 0.5265625 0.4765625 0.6765625 0.5234375 0.6765625
2 0.4765625 0.4890625 0.43125 0.4890625 0.43125 0.6390625 0.4765625 0.6390625
2 0.37187500000000007 0.40625 0.3468750000000001 0.40625 0.3468750000000001 0.53125 0.37187500000000007 0.53125
2 0.03750000000000007 0.484375 0.00468750000000006 0.484375 0.004687500000000067 0.603125 0.037500000000000075 0.603125
1 0.45 0.5171875 0.39531250000000007 0.5171875 0.39531250000000007 0.5953125 0.45 0.5953125