0 0.37812500000000004 0.3296875 0.3625 0.3296875 0.36250000000000004 0.38593750000000004 0.3781250000000001 0.3859375000000001
3 0.08125000000000006 0.41875 0.01875000000000005 0.41875 0.018750000000000065 0.6171875 0.08125000000000007 0.6171875
1 0.6421875 0.3859375000000001 0.6015625 0.3859375000000001 0.6015625 0.4546875 0.6421875 0.4546875
2 0.653125 0.3890625000000001 0.609375 0.3890625000000001 0.609375 0.5328125 0.653125 0.5328125
2 0.30625 0.30625 0.2640625 0.30625 0.26406250000000003 0.4515625 0.3062500000000001 0.4515625
2 0.2984375000000001 0.43125 0.2328125000000001 0.43125 0.2328125000000001 0.609375 0.2984375000000001 0.609375
2 0.4484375000000001 0.5921875 0.40625 0.5921875 0.4062500000000001 0.8203125 0.44843750000000016 0.8203125
2 0.6234375000000001 0.7203125 0.5515625 0.7203125 0.5515625000000001 0.978125 0.6234375000000002 0.978125
2 0.47187500000000016 0.890625 0.42187500000000017 0.890625 0.42187500000000017 1 0.47187500000000016 1
2 0.7437500000000001 0.5640625000000001 0.6859375 0.5640625 0.6859375000000001 0.7750000000000001 0.7437500000000001 0.7750000000000001
2 0.69375 0.4390625 0.659375 0.4390625 0.659375 0.6046875 0.69375 0.6046875
2 0.671875 0.3578125000000001 0.65 0.3578125000000001 0.65 0.5015625 0.671875 0.5015625
2 0.6015625 0.4 0.55625 0.4 0.55625 0.571875 0.6015625 0.571875
2 0.5484375 0.478125 0.5046875 0.478125 0.5046875 0.6390625 0.5484375 0.6390625
2 0.4734375 0.4015625 0.428125 0.4015625 0.428125 0.6015625 0.4734375 0.6015625
2 0.59375 0.3375000000000001 0.5625 0.3375000000000001 0.5625 0.4390625 0.59375 0.4390625