2 0.11093750000000006 0.5015625 0.05156250000000007 0.5015625 0.05156250000000008 0.659375 0.11093750000000009 0.659375
2 0.7296875 0.6828125 0.675 0.6828125 0.675 0.85 0.7296875000000002 0.85
2 0.3546875000000001 0.8765625 0.2765625000000001 0.8765625 0.2765625000000001 1 0.3546875000000001 1
2 0.3515625000000001 0.4375 0.2921875000000001 0.4375 0.2921875000000001 0.5359375 0.3515625000000001 0.5359375
2 0.6453125 0.446875 0.5953125 0.446875 0.5953125 0.5875 0.6453125 0.5875
2 0.38906250000000003 0.27031250000000007 0.334375 0.2703125 0.33437500000000003 0.39687500000000003 0.3890625000000001 0.3968750000000001
2 0.6078125 0.3109375000000001 0.5640625 0.3109375000000001 0.5640625 0.4421875 0.6078125 0.4421875
2 0.6875 0.4234375 0.64375 0.4234375 0.64375 0.5359375 0.6875 0.5359375
2 0.9640625 0.5390625000000002 0.925 0.5390625000000002 0.925 0.6812500000000001 0.9640625 0.6812500000000001
2 0.9109375 0.21875000000000008 0.8609375 0.21875000000000008 0.8609375 0.3281250000000001 0.9109375 0.3281250000000001
2 0.6640625 0.3531250000000001 0.6234375 0.3531250000000001 0.6234375 0.4671875 0.6640625 0.4671875
2 0.940625 0.3625000000000001 0.915625 0.3625000000000001 0.915625 0.43281250000000016 0.940625 0.43281250000000016
3 0.9484375 0.4187500000000002 0.90625 0.4187500000000002 0.90625 0.5171875000000001 0.9484375 0.5171875000000001