2 0.3937500000000001 0.584375 0.3609375000000001 0.584375 0.3609375000000001 0.68125 0.3937500000000001 0.68125
2 0.7562500000000001 0.6062500000000001 0.7140625 0.60625 0.7140625 0.7437500000000001 0.7562500000000002 0.7437500000000001
2 0.7796875 0.4343750000000002 0.7328125 0.4343750000000002 0.7328125 0.5703125000000002 0.7796875 0.5703125000000002
2 0.984375 0.45625000000000016 0.95 0.45625000000000016 0.95 0.5937500000000002 0.984375 0.5937500000000002
2 0.7828125 0.3421875000000001 0.74375 0.3421875000000001 0.74375 0.4281250000000002 0.7828125 0.4281250000000002
2 0.8921875 0.3140625000000001 0.8765625 0.3140625000000001 0.8765625 0.4046875000000002 0.8921875 0.4046875000000002
2 0.9234375 0.2718750000000001 0.8828125 0.2718750000000001 0.8828125 0.3734375000000001 0.9234375 0.3734375000000001
2 0.9875 0.2656250000000001 0.965625 0.2656250000000001 0.965625 0.3578125000000001 0.9875 0.3578125000000001
2 0.18125000000000005 0.3625 0.14531250000000004 0.3625 0.14531250000000004 0.44375 0.18125000000000005 0.44375
2 0.5078125 0.3421875000000001 0.4640625 0.3421875000000001 0.4640625 0.4296875 0.5078125 0.4296875
2 0.09062500000000005 0.4328125 0.05468750000000004 0.4328125 0.054687500000000056 0.55 0.09062500000000007 0.55
2 0.048437500000000036 0.296875 0.004687500000000036 0.296875 0.004687500000000042 0.4 0.04843750000000004 0.4
2 0.5734375 0.3000000000000001 0.53125 0.3000000000000001 0.53125 0.3781250000000001 0.5734375 0.3781250000000001
3 0.4859375 0.4421875 0.446875 0.4421875 0.446875 0.5546875 0.4859375 0.5546875