2 0.7125000000000001 0.85625 0.5562500000000001 0.85625 0.5562500000000001 0.903125 0.7125000000000001 0.903125
2 0.6203125000000002 0.76875 0.4703125000000002 0.76875 0.4703125000000002 0.81875 0.6203125000000002 0.81875
2 0.6484375000000001 0.69375 0.4734375 0.69375 0.47343750000000007 0.746875 0.6484375000000002 0.746875
2 0.6328125 0.653125 0.4984375 0.653125 0.4984375 0.69375 0.6328125 0.69375
2 0.5203125 0.6203125 0.3687500000000001 0.6203125 0.3687500000000001 0.6640625 0.5203125 0.6640625
2 0.5 0.65625 0.4078125 0.65625 0.4078125 0.684375 0.5 0.684375
2 0.4421875 0.678125 0.3546875000000001 0.678125 0.3546875000000001 0.703125 0.4421875 0.703125
2 0.79375 0.3281250000000001 0.621875 0.3281250000000001 0.621875 0.3593750000000001 0.79375 0.3593750000000001
2 0.4078125 0.4859375 0.3062500000000001 0.4859375 0.3062500000000001 0.5109375 0.4078125 0.5109375
2 0.3593750000000001 0.4953125 0.2531250000000001 0.4953125 0.2531250000000001 0.5265625 0.3593750000000001 0.5265625
2 0.3062500000000001 0.4015625 0.18593750000000003 0.4015625 0.18593750000000003 0.425 0.3062500000000001 0.425
2 0.4265625 0.25468750000000007 0.2984375 0.2546875 0.2984375 0.290625 0.4265625 0.2906250000000001
2 0.3125 0.2140625 0.2375 0.2140625 0.2375 0.2609375 0.3125 0.2609375
2 0.5453125 0.12187500000000007 0.4171875 0.12187500000000004 0.4171875 0.16406250000000006 0.5453125 0.16406250000000008
2 0.403125 0.36250000000000004 0.28125 0.3625 0.28125000000000006 0.409375 0.403125 0.409375
2 0.4640625 0.496875 0.3578125000000001 0.496875 0.3578125000000001 0.528125 0.4640625 0.528125
2 0.5421875 0.2687500000000001 0.4078125 0.2687500000000001 0.4078125 0.3031250000000001 0.5421875 0.3031250000000001
2 0.234375 0.3140625 0.15000000000000005 0.3140625 0.15000000000000005 0.3421875 0.234375 0.3421875
1 0.45625000000000016 0.9546875 0.3390625000000001 0.9546875 0.3390625000000001 0.9875 0.45625000000000016 0.9875
0 0.3203125000000001 0.4046875 0.2890625000000001 0.4046875 0.2890625000000001 0.4203125 0.3203125000000001 0.4203125