2 0.04531250000000004 0.3078125 3.769615928625447e-17 0.3078125 4.027939862820592e-17 0.35 0.04531250000000005 0.35
2 0.540625 0.24375000000000008 0.4234375 0.24375000000000008 0.4234375 0.2906250000000001 0.540625 0.2906250000000001
2 0.3671875000000001 0.6765625 0.1593750000000001 0.6765625 0.1593750000000001 0.75 0.3671875000000001 0.75
2 0.5609375 0.55 0.4328125 0.55 0.4328125 0.59375 0.5609375 0.59375
2 0.596875 0.521875 0.509375 0.521875 0.509375 0.5546875 0.596875 0.5546875
2 0.725 0.3125000000000001 0.578125 0.3125000000000001 0.578125 0.3625000000000001 0.725 0.3625000000000001
2 0.6515625 0.503125 0.5859375 0.503125 0.5859375 0.521875 0.6515625 0.521875
2 0.7562500000000002 0.821875 0.6906250000000002 0.821875 0.6906250000000002 0.85 0.7562500000000002 0.85
2 0.6281250000000002 0.925 0.5375000000000002 0.925 0.5375000000000002 0.9546875 0.6281250000000002 0.9546875
2 0.4984375000000002 0.9390625 0.41406250000000017 0.9390625 0.41406250000000017 0.9703125 0.4984375000000002 0.9703125
3 0.6000000000000002 0.9046875 0.48750000000000016 0.9046875 0.48750000000000016 0.9359375 0.6000000000000002 0.9359375
3 0.8328125 0.7437500000000001 0.7406250000000002 0.7437500000000001 0.7406250000000002 0.7750000000000001 0.8328125 0.7750000000000001