2 0.3640625 0.20468750000000005 0.17031250000000003 0.2046875 0.17031250000000003 0.27656250000000004 0.3640625 0.2765625000000001
2 0.3125000000000001 0.4328125 0.17187500000000006 0.4328125 0.17187500000000006 0.48125 0.3125000000000001 0.48125
2 0.5890625 0.2718750000000001 0.4171875 0.2718750000000001 0.4171875 0.3218750000000001 0.5890625 0.3218750000000001
2 0.7203125 0.1984375000000001 0.5828125 0.1984375000000001 0.5828125 0.2250000000000001 0.7203125 0.2250000000000001
2 0.5828125 0.3921875000000001 0.4359375 0.3921875000000001 0.4359375 0.4296875 0.5828125 0.4296875
2 0.725 0.3546875000000001 0.640625 0.3546875000000001 0.640625 0.37187500000000007 0.725 0.37187500000000007
2 0.7765625 0.2906250000000001 0.7015625 0.2906250000000001 0.7015625 0.3046875000000001 0.7765625 0.3046875000000001
2 0.7671875 0.3703125000000001 0.696875 0.3703125000000001 0.696875 0.3890625000000001 0.7671875 0.3890625000000001
2 0.721875 0.528125 0.5859375 0.528125 0.5859375 0.565625 0.721875 0.565625
2 0.75 0.5828125000000001 0.615625 0.5828125 0.615625 0.6062500000000001 0.75 0.6062500000000002
2 0.7234375 0.69375 0.625 0.69375 0.625 0.71875 0.7234375 0.71875
2 0.6265625000000001 0.8953125 0.4984375000000002 0.8953125 0.4984375000000002 0.9171875 0.6265625000000001 0.9171875
2 0.6421875000000001 0.9515625 0.4812500000000002 0.9515625 0.4812500000000002 0.99375 0.6421875000000001 0.99375
2 0.7609375 0.4953125000000001 0.6546875 0.4953125 0.6546875 0.5171875000000001 0.7609375 0.5171875000000001
2 0.7578125 0.534375 0.6890625 0.534375 0.6890625 0.5437500000000001 0.7578125 0.5437500000000002
3 0.803125 0.3031250000000001 0.7296875 0.3031250000000001 0.7296875 0.3156250000000001 0.803125 0.3156250000000001
3 0.6109375 0.4875 0.4796875 0.4875 0.4796875 0.5359375 0.6109375 0.5359375