2 0.06093750000000007 0.4734375 0.010937500000000058 0.4734375 0.010937500000000069 0.6265625 0.06093750000000007 0.6265625
2 0.08281250000000005 0.425 0.04375000000000005 0.425 0.04375000000000006 0.5375 0.08281250000000007 0.5375
2 0.12656250000000005 0.3703125 0.08125000000000004 0.3703125 0.08125000000000006 0.5015625 0.12656250000000005 0.5015625
2 0.2828125 0.2375 0.2375 0.2375 0.23750000000000004 0.378125 0.2828125000000001 0.378125
2 0.3593750000000001 0.5109375 0.3062500000000001 0.5109375 0.3062500000000001 0.671875 0.3593750000000001 0.671875
2 0.3984375 0.14375000000000004 0.365625 0.14375000000000004 0.365625 0.2656250000000001 0.3984375 0.2656250000000001
2 0.4546875 0.12187500000000004 0.434375 0.12187500000000004 0.434375 0.2093750000000001 0.4546875 0.2093750000000001
2 0.4890625 0.19218750000000004 0.4515625 0.19218750000000004 0.4515625 0.3187500000000001 0.4890625 0.3187500000000001
2 0.521875 0.3593750000000001 0.490625 0.3593750000000001 0.490625 0.4625 0.521875 0.4625
2 0.58125 0.4671875 0.5359375 0.4671875 0.5359375 0.5734375 0.58125 0.5734375
2 0.6453125 0.5296875 0.60625 0.5296875 0.60625 0.659375 0.6453125 0.659375
2 0.6671875 0.3828125000000001 0.6328125 0.3828125000000001 0.6328125 0.4984375 0.6671875 0.4984375
2 0.6828125 0.3078125000000001 0.6453125 0.3078125000000001 0.6453125 0.425 0.6828125 0.425
2 0.8046875 0.14062500000000008 0.7703125 0.14062500000000008 0.7703125 0.24218750000000008 0.8046875 0.24218750000000008
2 0.8609375 0.3140625000000001 0.8140625 0.3140625000000001 0.8140625 0.4203125000000002 0.8609375 0.4203125000000002
2 0.9375 0.1406250000000001 0.8890625 0.14062500000000008 0.8890625 0.26250000000000007 0.9375 0.26250000000000007
2 0.43125 0.425 0.39531250000000007 0.425 0.39531250000000007 0.5078125 0.43125 0.5078125
2 0.4421875 0.32500000000000007 0.4203125 0.32500000000000007 0.4203125 0.4046875 0.4421875 0.4046875
0 0.45625 0.3765625000000001 0.434375 0.3765625000000001 0.434375 0.43125 0.45625 0.43125
3 0.440625 0.3828125000000001 0.4109375 0.3828125000000001 0.4109375 0.4796875 0.440625 0.4796875