2 0.409375 0.02187500000000004 0.278125 0.021875000000000033 0.278125 0.10000000000000005 0.409375 0.10000000000000005
2 0.5890625 0.16250000000000006 0.3984375 0.16250000000000003 0.3984375 0.2250000000000001 0.5890625 0.2250000000000001
2 0.665625 0.2234375000000001 0.534375 0.2234375000000001 0.534375 0.2750000000000001 0.665625 0.2750000000000001
2 0.69375 0.1828125000000001 0.578125 0.1828125000000001 0.578125 0.22656250000000008 0.69375 0.22656250000000008
2 0.6625 0.3781250000000001 0.54375 0.3781250000000001 0.54375 0.4 0.6625 0.4
2 0.7078125 0.3734375000000001 0.615625 0.3734375000000001 0.615625 0.4109375 0.7078125 0.4109375
2 0.575 0.475 0.5015625 0.475 0.5015625 0.5171875 0.575 0.5171875
2 0.6453125 0.4375 0.553125 0.4375 0.553125 0.4625 0.6453125 0.4625
2 0.6484375 0.4546875 0.5625 0.4546875 0.5625 0.4921875 0.6484375 0.4921875
1 0.6375 0.503125 0.5734375 0.503125 0.5734375 0.565625 0.6375 0.565625
0 0.6453125 0.4765625 0.5984375 0.4765625 0.5984375 0.5015625 0.6453125 0.5015625
3 0.5828125 0.30156250000000007 0.4359375 0.30156250000000007 0.4359375 0.3578125000000001 0.5828125 0.3578125000000001