2 0.3500000000000001 0.9546875 0.3078125000000001 0.9546875 0.3078125000000001 1 0.3500000000000001 1
2 0.2921875000000001 0.459375 0.24375000000000008 0.459375 0.24375000000000008 0.5765625 0.2921875000000001 0.5765625
2 0.7500000000000001 0.6328125000000001 0.6765625 0.6328125 0.6765625000000001 0.840625 0.7500000000000002 0.840625
2 0.59375 0.4390625 0.55 0.4390625 0.55 0.56875 0.59375 0.56875
2 0.5546875 0.4046875 0.521875 0.4046875 0.521875 0.4921875 0.5546875 0.4921875
2 0.36250000000000004 0.275 0.3109375 0.275 0.31093750000000003 0.421875 0.3625000000000001 0.421875
2 0.5234375 0.34843750000000007 0.503125 0.34843750000000007 0.503125 0.415625 0.5234375 0.415625
2 0.85 0.24375000000000008 0.821875 0.24375000000000008 0.821875 0.3109375000000001 0.85 0.3109375000000001
2 0.9546875 0.3734375000000001 0.925 0.3734375000000001 0.925 0.46406250000000016 0.9546875 0.46406250000000016
2 0.9703125 0.5015625000000001 0.9390625 0.5015625000000001 0.9390625 0.5875000000000001 0.9703125 0.5875000000000001
3 0.9359375 0.4000000000000002 0.9046875 0.4000000000000002 0.9046875 0.5125000000000002 0.9359375 0.5125000000000002
3 0.775 0.1687500000000001 0.74375 0.1687500000000001 0.74375 0.2609375000000001 0.775 0.2609375000000001