2 0.4265625 0.33281250000000007 0.2171875 0.3328125 0.21718750000000003 0.39843750000000006 0.4265625 0.3984375000000001
2 0.4921875 0.05937500000000005 0.3453125 0.059375000000000046 0.3453125 0.12500000000000006 0.4921875 0.12500000000000006
2 0.7046875 0.06406250000000008 0.5515625 0.06406250000000006 0.5515625 0.10937500000000008 0.7046875 0.10937500000000008
2 0.575 0.2234375000000001 0.4203125 0.2234375000000001 0.4203125 0.2828125000000001 0.575 0.2828125000000001
2 0.4609375 0.43125 0.3296875000000001 0.43125 0.3296875000000001 0.465625 0.4609375 0.465625
2 0.571875 0.496875 0.44375 0.496875 0.44375 0.5328125 0.571875 0.5328125
2 0.6421875 0.4875 0.5296875 0.4875 0.5296875 0.5203125 0.6421875 0.5203125
2 0.6515625 0.5390625 0.5359375 0.5390625 0.5359375 0.5765625 0.6515625 0.5765625
2 0.784375 0.5203125000000001 0.696875 0.5203125 0.696875 0.55 0.784375 0.5500000000000002
2 0.7359375 0.6218750000000001 0.6109375 0.621875 0.6109375 0.6671875 0.7359375 0.6671875000000002
2 0.6453125 0.684375 0.4953125 0.684375 0.4953125 0.7140625 0.6453125 0.7140625
0 0.575 0.5640625 0.5453125 0.5640625 0.5453125 0.5921875 0.575 0.5921875
3 0.634375 0.3312500000000001 0.5203125 0.3312500000000001 0.5203125 0.3593750000000001 0.634375 0.3593750000000001