2 0.2765625000000001 0.6359375 0.20312500000000008 0.6359375 0.20312500000000008 0.83125 0.2765625000000001 0.83125
2 0.48125000000000007 0.6890625 0.4328125 0.6890625 0.4328125000000001 0.8296875 0.4812500000000002 0.8296875
2 0.3218750000000001 0.4109375 0.2718750000000001 0.4109375 0.2718750000000001 0.584375 0.3218750000000001 0.584375
2 0.22500000000000003 0.2796875 0.19843750000000004 0.2796875 0.19843750000000004 0.41875 0.2250000000000001 0.41875
2 0.4296875 0.4171875 0.3921875000000001 0.4171875 0.3921875000000001 0.565625 0.4296875 0.565625
2 0.371875 0.275 0.3546875 0.275 0.3546875 0.35937500000000006 0.371875 0.3593750000000001
2 0.3046875 0.2234375 0.290625 0.2234375 0.290625 0.3 0.3046875 0.3
2 0.3890625 0.23437500000000008 0.3703125 0.23437500000000008 0.3703125 0.3046875000000001 0.3890625 0.3046875000000001
2 0.565625 0.2796875000000001 0.528125 0.2796875000000001 0.528125 0.415625 0.565625 0.415625
2 0.60625 0.2500000000000001 0.5828125 0.2500000000000001 0.5828125 0.3843750000000001 0.60625 0.3843750000000001
2 0.7203125 0.2765625000000001 0.69375 0.2765625000000001 0.69375 0.3750000000000001 0.7203125 0.3750000000000001
2 0.9171875 0.3734375000000001 0.8953125 0.3734375000000001 0.8953125 0.5015625000000001 0.9171875 0.5015625000000001
2 0.99375 0.3578125000000001 0.9515625 0.3578125000000001 0.9515625 0.5187500000000002 0.99375 0.5187500000000002
2 0.51875 0.2390625000000001 0.4953125 0.2390625000000001 0.4953125 0.3468750000000001 0.51875 0.3468750000000001
2 0.5421875 0.24375000000000008 0.534375 0.24375000000000008 0.534375 0.3125000000000001 0.5421875 0.3125000000000001
3 0.3171875 0.19687500000000005 0.303125 0.19687500000000005 0.303125 0.2703125 0.3171875 0.2703125
3 0.5359375 0.3890625000000001 0.4875 0.3890625000000001 0.4875 0.521875 0.5359375 0.521875