2 1 0.6500000000000001 0.9546875 0.6500000000000001 0.9546875 0.6921875000000002 1 0.6921875000000002
2 0.5765625000000001 0.709375 0.459375 0.709375 0.4593750000000001 0.75625 0.5765625000000002 0.75625
2 0.840625 0.2500000000000001 0.6328125 0.2500000000000001 0.6328125 0.3234375000000001 0.840625 0.3234375000000001
2 0.5671875 0.4078125 0.4390625 0.4078125 0.4390625 0.4515625 0.5671875 0.4515625
2 0.4921875 0.4453125 0.4046875 0.4453125 0.4046875 0.478125 0.4921875 0.478125
2 0.421875 0.6390625 0.2750000000000001 0.6390625 0.2750000000000001 0.6890625 0.421875 0.6890625
2 0.415625 0.478125 0.3500000000000001 0.478125 0.3500000000000001 0.496875 0.415625 0.496875
2 0.3109375 0.15156250000000004 0.2453125 0.15156250000000004 0.2453125 0.17968750000000006 0.3109375 0.17968750000000006
2 0.4640625 0.04687500000000005 0.3734375 0.04687500000000004 0.3734375 0.07500000000000005 0.4640625 0.07500000000000007
2 0.5859375 0.03125000000000007 0.5015625 0.03125000000000007 0.5015625 0.06250000000000007 0.5859375 0.06250000000000007
3 0.5125 0.06406250000000005 0.4 0.06406250000000005 0.4 0.09531250000000005 0.5125 0.09531250000000006
3 0.2609375 0.2265625 0.16875000000000004 0.2265625 0.16875000000000004 0.2578125 0.2609375 0.2578125