2 0.3812500000000001 0.55625 0.2718750000000001 0.55625 0.2718750000000001 0.634375 0.3812500000000001 0.634375
2 0.378125 0.14687500000000003 0.215625 0.14687500000000003 0.215625 0.18281250000000004 0.378125 0.18281250000000004
2 0.534375 0.3265625000000001 0.4125 0.3265625000000001 0.4125 0.3578125000000001 0.534375 0.3578125000000001
2 0.5828125 0.24375000000000008 0.4796875 0.24375000000000008 0.4796875 0.2750000000000001 0.5828125 0.2750000000000001
2 0.5859375 0.16875000000000007 0.4890625 0.16875000000000004 0.4890625 0.21250000000000008 0.5859375 0.21250000000000008
2 0.5859375 0.528125 0.490625 0.528125 0.490625 0.5625 0.5859375 0.5625
2 0.590625 0.5671875 0.490625 0.5671875 0.490625 0.6125 0.590625 0.6125
2 0.7046875000000001 0.7234375 0.5578125 0.7234375 0.5578125 0.7765625 0.7046875000000001 0.7765625
2 0.7906250000000001 0.7000000000000001 0.71875 0.7 0.7187500000000001 0.7343750000000001 0.7906250000000001 0.7343750000000002
1 0.7171875 0.4765625 0.6125 0.4765625 0.6125 0.5109375 0.7171875 0.5109375
0 0.4921875 0.20312500000000008 0.4703125 0.20312500000000008 0.4703125 0.2156250000000001 0.4921875 0.2156250000000001