3 0.19375000000000003 0.334375 0.14218750000000005 0.334375 0.14218750000000005 0.446875 0.19375000000000003 0.446875
2 0.21093750000000008 0.421875 0.12187500000000004 0.421875 0.12187500000000007 0.5703125 0.21093750000000008 0.5703125
2 0.3750000000000001 0.5359375 0.3000000000000001 0.5359375 0.3000000000000001 0.684375 0.3750000000000001 0.684375
2 0.4578125 0.4703125 0.3968750000000001 0.4703125 0.3968750000000001 0.63125 0.4578125 0.63125
2 0.3578125 0.18906250000000005 0.325 0.18906250000000005 0.325 0.3203125 0.3578125 0.3203125
2 0.5078125 0.2578125000000001 0.4640625 0.2578125000000001 0.4640625 0.3578125000000001 0.5078125 0.3578125000000001
2 0.5125 0.34843750000000007 0.45 0.34843750000000007 0.45 0.4875 0.5125 0.4875
2 0.5453125 0.3765625000000001 0.51875 0.3765625000000001 0.51875 0.509375 0.5453125 0.509375
2 0.578125 0.3593750000000001 0.540625 0.3593750000000001 0.540625 0.4578125 0.578125 0.4578125
0 0.5640625 0.4703125 0.55625 0.4703125 0.55625 0.521875 0.5640625 0.521875
1 0.9875 0.2828125000000001 0.9296875 0.2828125000000001 0.9296875 0.4046875000000002 0.9875 0.4046875000000002