2 0.2718750000000001 0.521875 0.17812500000000003 0.521875 0.17812500000000006 0.7 0.2718750000000001 0.7
2 0.2015625000000001 0.378125 0.15625000000000006 0.378125 0.15625000000000006 0.5125 0.2015625000000001 0.5125
2 0.23593750000000005 0.328125 0.18281250000000004 0.328125 0.18281250000000004 0.459375 0.23593750000000008 0.459375
2 0.15312500000000004 0.196875 0.12812500000000004 0.196875 0.12812500000000004 0.3125 0.15312500000000004 0.3125
2 0.2 0.2265625 0.15312500000000004 0.2265625 0.15312500000000004 0.30625 0.2 0.30625
2 0.321875 0.2296875 0.278125 0.2296875 0.278125 0.315625 0.321875 0.315625
2 0.375 0.27031250000000007 0.3328125 0.2703125 0.3328125 0.35468750000000004 0.375 0.3546875000000001
2 0.4296875 0.38750000000000007 0.3968750000000001 0.38750000000000007 0.3968750000000001 0.521875 0.4296875 0.521875
2 0.49375 0.3578125000000001 0.45625 0.3578125000000001 0.45625 0.4359375 0.49375 0.4359375
2 0.4953125 0.3187500000000001 0.4640625 0.3187500000000001 0.4640625 0.3781250000000001 0.4953125 0.3781250000000001
2 0.6046875 0.3046875000000001 0.54375 0.3046875000000001 0.54375 0.4078125 0.6046875 0.4078125
2 0.6890625 0.3125000000000001 0.6671875 0.3125000000000001 0.6671875 0.3921875000000001 0.6890625 0.3921875000000001
2 0.6671875 0.3500000000000001 0.628125 0.3500000000000001 0.628125 0.45 0.6671875 0.45
2 0.6671875 0.46875 0.621875 0.46875 0.621875 0.5875 0.6671875 0.5875
0 0.5109375 0.43125 0.4890625 0.43125 0.4890625 0.4609375 0.5109375 0.4609375
3 0.39375000000000004 0.35000000000000003 0.3546875 0.35 0.35468750000000004 0.4640625 0.3937500000000001 0.4640625