2 0.5046875 0.553125 0.3203125000000001 0.553125 0.3203125000000001 0.625 0.5046875 0.625
2 0.5484375 0.07812500000000006 0.403125 0.07812500000000004 0.403125 0.12500000000000006 0.5484375 0.12500000000000008
2 0.5875 0.13125000000000006 0.440625 0.13125000000000003 0.440625 0.17812500000000006 0.5875 0.1781250000000001
2 0.60625 0.2171875000000001 0.45 0.2171875000000001 0.45 0.2500000000000001 0.60625 0.2500000000000001
2 0.634375 0.2687500000000001 0.51875 0.2687500000000001 0.51875 0.2968750000000001 0.634375 0.2968750000000001
2 0.5875 0.2875000000000001 0.490625 0.2875000000000001 0.490625 0.3125000000000001 0.5875 0.3125000000000001
2 0.615625 0.3125000000000001 0.5078125 0.3125000000000001 0.5078125 0.3437500000000001 0.615625 0.3437500000000001
2 0.6609375 0.27812500000000007 0.5609375 0.27812500000000007 0.5609375 0.3140625000000001 0.6609375 0.3140625000000001
2 0.703125 0.4203125 0.5375 0.4203125 0.5375 0.4734375 0.703125 0.4734375
2 0.8375 0.4484375000000001 0.7 0.4484375 0.7 0.5046875000000001 0.8375 0.5046875000000002
2 0.778125 0.5109375 0.646875 0.5109375 0.646875 0.5515625000000001 0.778125 0.5515625000000002
2 0.7796875 0.5921875000000001 0.6375 0.5921875 0.6375 0.6406250000000001 0.7796875 0.6406250000000002
2 0.7125 0.6328125 0.596875 0.6328125 0.596875 0.6734375 0.7125 0.6734375
2 0.6062500000000001 0.71875 0.44375 0.71875 0.4437500000000001 0.746875 0.6062500000000002 0.746875
2 0.721875 0.69375 0.646875 0.69375 0.646875 0.721875 0.721875 0.721875
2 0.7875 0.6781250000000001 0.7125 0.678125 0.7125 0.70625 0.7875 0.7062500000000002
3 0.6937500000000002 0.8046875 0.5468750000000002 0.8046875 0.5468750000000002 0.84375 0.6937500000000002 0.84375
0 0.646875 0.690625 0.609375 0.690625 0.609375 0.703125 0.646875 0.703125
1 0.703125 0.08750000000000008 0.56875 0.08750000000000006 0.56875 0.1375000000000001 0.703125 0.1375000000000001
2 0.6234375000000002 0.925 0.47656250000000017 0.925 0.47656250000000017 0.9640625 0.6234375000000002 0.9640625