2 0.36406250000000007 0.7 0.30937500000000007 0.7 0.30937500000000007 0.8875 0.36406250000000007 0.8875
2 0.0875000000000001 0.7515625 0.034375000000000086 0.7515625 0.0343750000000001 0.9171875 0.0875000000000001 0.9171875
2 0.22031250000000008 0.584375 0.15781250000000008 0.584375 0.15781250000000008 0.771875 0.22031250000000008 0.771875
2 0.2015625000000001 0.4875 0.15781250000000005 0.4875 0.15781250000000008 0.596875 0.2015625000000001 0.596875
2 0.2218750000000001 0.3703125 0.19375000000000003 0.3703125 0.19375000000000003 0.4984375 0.2218750000000001 0.4984375
2 0.19218750000000004 0.30625 0.16093750000000004 0.30625 0.16093750000000004 0.40625 0.19218750000000004 0.40625
2 0.2296875 0.18281250000000004 0.2046875 0.18281250000000004 0.2046875 0.2859375 0.2296875 0.2859375
2 0.020312500000000063 0.4671875 5.72139676476654e-17 0.4671875 6.496368567351975e-17 0.59375 0.020312500000000074 0.59375
2 0.384375 0.35937500000000006 0.359375 0.359375 0.35937500000000006 0.465625 0.3843750000000001 0.465625
2 0.4578125 0.3906250000000001 0.4265625 0.3906250000000001 0.4265625 0.521875 0.4578125 0.521875
2 0.4875 0.3109375000000001 0.459375 0.3109375000000001 0.459375 0.459375 0.4875 0.459375
2 0.565625 0.28593750000000007 0.5375 0.28593750000000007 0.5375 0.4015625 0.565625 0.4015625
2 0.6859375 0.1375000000000001 0.6515625 0.1375000000000001 0.6515625 0.2375000000000001 0.6859375 0.2375000000000001
2 0.7625 0.22656250000000008 0.7125 0.22656250000000008 0.7125 0.30156250000000007 0.7625 0.30156250000000007
2 0.7515625 0.3109375000000001 0.7109375 0.3109375000000001 0.7109375 0.3968750000000001 0.7515625 0.3968750000000001
2 0.76875 0.4390625000000001 0.71875 0.4390625 0.71875 0.5406250000000001 0.76875 0.5406250000000001
0 0.771875 0.37968750000000007 0.7515625 0.37968750000000007 0.7515625 0.43281250000000016 0.771875 0.43281250000000016