2 0.7234375000000002 0.9 0.5921875000000002 0.9 0.5921875000000002 0.978125 0.7234375000000002 0.978125
2 0.6015625000000002 0.7765625 0.4109375000000002 0.7765625 0.4109375000000002 0.8390625 0.6015625000000002 0.8390625
2 0.46562500000000007 0.725 0.3343750000000001 0.725 0.3343750000000001 0.7765625 0.4656250000000002 0.7765625
2 0.42187500000000017 0.7734375 0.3062500000000001 0.7734375 0.3062500000000001 0.81875 0.42187500000000017 0.81875
2 0.4578125 0.6015625 0.3390625000000001 0.6015625 0.3390625000000001 0.6234375 0.4578125 0.6234375
2 0.3859375000000001 0.5890625 0.29375000000000007 0.5890625 0.29375000000000007 0.6265625 0.3859375000000001 0.6265625
2 0.4984375 0.4828125 0.425 0.4828125 0.425 0.525 0.4984375 0.525
2 0.4484375 0.5375 0.35625000000000007 0.5375 0.35625000000000007 0.5625 0.4484375 0.5625
2 0.4390625 0.509375 0.3531250000000001 0.509375 0.3531250000000001 0.546875 0.4390625 0.546875
1 0.4265625 0.4359375 0.3625000000000001 0.4359375 0.3625000000000001 0.4984375 0.4265625 0.4984375
0 0.4015625 0.4984375 0.3546875000000001 0.4984375 0.3546875000000001 0.5234375 0.4015625 0.5234375
3 0.565625 0.64375 0.41875 0.64375 0.41875 0.7 0.565625 0.7