2 0.10000000000000009 0.5921875 0.02187500000000007 0.5921875 0.021875000000000082 0.7234375 0.10000000000000009 0.7234375
2 0.2250000000000001 0.4109375 0.16093750000000004 0.4109375 0.16093750000000007 0.603125 0.2250000000000001 0.603125
2 0.275 0.334375 0.2234375 0.334375 0.22343750000000004 0.465625 0.2750000000000001 0.465625
2 0.22812500000000005 0.30625 0.18281250000000004 0.30625 0.18281250000000004 0.421875 0.22812500000000008 0.421875
2 0.4 0.3390625000000001 0.378125 0.3390625000000001 0.37812500000000004 0.4578125 0.4 0.4578125
2 0.4109375 0.29375000000000007 0.3734375 0.29375000000000007 0.37343750000000003 0.3859375000000001 0.4109375 0.3859375000000001
2 0.5171875 0.425 0.475 0.425 0.475 0.4984375 0.5171875 0.4984375
2 0.4625 0.35625000000000007 0.4375 0.35625000000000007 0.4375 0.4484375 0.4625 0.4484375
2 0.4921875 0.3531250000000001 0.4546875 0.3531250000000001 0.4546875 0.4390625 0.4921875 0.4390625
1 0.565625 0.3625000000000001 0.503125 0.3625000000000001 0.503125 0.4265625 0.565625 0.4265625
0 0.5015625 0.3546875000000001 0.4765625 0.3546875000000001 0.4765625 0.4015625 0.5015625 0.4015625
3 0.35625000000000007 0.4171875 0.30156250000000007 0.4171875 0.30156250000000007 0.565625 0.35625000000000007 0.565625