2 0.4062500000000001 0.6609375 0.3515625000000001 0.6609375 0.3515625000000001 0.821875 0.40625000000000017 0.821875
2 0.5421875 0.484375 0.5 0.484375 0.5 0.5890625 0.5421875 0.5890625
2 0.7 0.484375 0.6734375 0.484375 0.6734375 0.6109375 0.7 0.6109375
2 0.846875 0.4109375000000002 0.8 0.4109375000000002 0.8 0.5203125000000002 0.846875 0.5203125000000002
2 0.4109375 0.3453125000000001 0.3828125 0.3453125000000001 0.38281250000000006 0.44375 0.4109375 0.44375
2 0.1609375000000001 0.640625 0.1281250000000001 0.640625 0.1281250000000001 0.775 0.1609375000000001 0.775
2 0.15468750000000003 0.3 0.12812500000000004 0.3 0.12812500000000004 0.3703125 0.15468750000000003 0.3703125
2 0.09531250000000005 0.3453125 0.06718750000000004 0.3453125 0.06718750000000004 0.43125 0.09531250000000005 0.43125
2 0.509375 0.3390625000000001 0.4578125 0.3390625000000001 0.4578125 0.4578125 0.509375 0.4578125
2 0.5875 0.2687500000000001 0.5515625 0.2687500000000001 0.5515625 0.3671875000000001 0.5875 0.3671875000000001
2 0.875 0.3062500000000001 0.83125 0.3062500000000001 0.83125 0.40156250000000016 0.875 0.40156250000000016
2 0.4765625 0.2828125000000001 0.4609375 0.2828125000000001 0.4609375 0.34843750000000007 0.4765625 0.34843750000000007
3 0.07656250000000006 0.4875 0.029687500000000054 0.4875 0.02968750000000006 0.5796875 0.07656250000000006 0.5796875