2 0.7296875000000002 0.925 0.5531250000000002 0.925 0.5531250000000002 0.9703125 0.7296875000000002 0.9703125
2 0.3531250000000001 0.9171875 0.2375000000000001 0.9171875 0.2375000000000001 0.9359375 0.3531250000000001 0.9359375
2 0.3531250000000001 0.846875 0.24375000000000008 0.846875 0.24375000000000008 0.9015625 0.3531250000000001 0.9015625
2 0.4656250000000002 0.8015625 0.34843750000000007 0.8015625 0.34843750000000007 0.8359375 0.4656250000000002 0.8359375
2 0.5218750000000002 0.728125 0.4046875000000002 0.728125 0.4046875000000002 0.790625 0.5218750000000002 0.790625
2 0.3906250000000001 0.7234375 0.2796875000000001 0.7234375 0.2796875000000001 0.7640625 0.3906250000000001 0.7640625
2 0.4125000000000001 0.6921875 0.3062500000000001 0.6921875 0.3062500000000001 0.7296875 0.4125000000000002 0.7296875
2 0.5421875 0.503125 0.428125 0.503125 0.428125 0.559375 0.5421875 0.559375
2 0.5 0.4484375 0.3906250000000001 0.4484375 0.3906250000000001 0.4796875 0.5 0.4796875
2 0.45 0.44375 0.3281250000000001 0.44375 0.3281250000000001 0.4875 0.45 0.4875
0 0.5359375 0.4046875 0.4765625 0.4046875 0.4765625 0.425 0.5359375 0.425
3 0.5046875000000002 0.8484375 0.3453125000000001 0.8484375 0.3453125000000001 0.9140625 0.5046875000000002 0.9140625