2 0.2640625000000001 0.578125 0.20468750000000008 0.578125 0.20468750000000008 0.715625 0.2640625000000001 0.715625
2 0.07343750000000007 0.509375 0.028125000000000067 0.509375 0.028125000000000074 0.646875 0.07343750000000009 0.646875
2 0.465625 0.553125 0.41875 0.553125 0.41875 0.675 0.465625 0.675
2 0.428125 0.4328125 0.4078125 0.4328125 0.4078125 0.5109375 0.428125 0.5109375
2 0.4703125 0.3734375000000001 0.41875 0.3734375000000001 0.41875 0.525 0.4703125 0.525
2 0.56875 0.465625 0.5328125 0.465625 0.5328125 0.5515625 0.56875 0.5515625
2 0.6 0.4421875 0.5609375 0.4421875 0.5609375 0.5609375 0.6 0.5609375
2 0.7671875 0.4796875000000001 0.725 0.4796875 0.725 0.6140625000000001 0.7671875 0.6140625000000002
2 0.7015625 0.2687500000000001 0.6671875 0.2687500000000001 0.6671875 0.40625 0.7015625 0.40625
2 0.5625 0.19687500000000008 0.525 0.19687500000000005 0.525 0.3234375000000001 0.5625 0.3234375000000001
2 0.20625000000000004 0.30625 0.15000000000000005 0.30625 0.15000000000000005 0.4078125 0.2062500000000001 0.4078125
2 0.08125000000000003 0.23125 0.03593750000000003 0.23125 0.03593750000000004 0.3625 0.08125000000000004 0.3625
3 0.38750000000000007 0.39687500000000003 0.35625000000000007 0.396875 0.35625000000000007 0.4984375 0.38750000000000007 0.4984375
0 0.5390625 0.484375 0.5203125 0.484375 0.5203125 0.540625 0.5390625 0.540625