3 0.5421875 0.60625 0.4140625 0.60625 0.4140625 0.6296875 0.5421875 0.6296875
2 0.6265625000000001 0.778125 0.5015625000000001 0.778125 0.5015625000000001 0.84375 0.6265625000000001 0.84375
2 0.5015625000000001 0.9078125 0.3843750000000001 0.9078125 0.3843750000000001 0.98125 0.5015625000000001 0.98125
2 0.75 0.6046875 0.578125 0.6046875 0.578125 0.675 0.75 0.6750000000000002
2 0.603125 0.4390625 0.453125 0.4390625 0.453125 0.4796875 0.603125 0.4796875
2 0.4437500000000001 0.70625 0.3312500000000001 0.70625 0.3312500000000001 0.7484375 0.4437500000000002 0.7484375
2 0.4296875 0.6671875 0.2796875000000001 0.6671875 0.2796875000000001 0.6984375 0.4296875 0.6984375
2 0.40625 0.6203125 0.2875000000000001 0.6203125 0.2875000000000001 0.6578125 0.40625 0.6578125
2 0.4453125 0.553125 0.3000000000000001 0.553125 0.3000000000000001 0.578125 0.4453125 0.578125
2 0.409375 0.5265625 0.29375000000000007 0.5265625 0.29375000000000007 0.5578125 0.409375 0.5578125
2 0.459375 0.5 0.32500000000000007 0.5 0.32500000000000007 0.5328125 0.459375 0.5328125
1 0.440625 0.4359375 0.3218750000000001 0.4359375 0.3218750000000001 0.4703125 0.440625 0.4703125