2 0.22656250000000008 0.6953125 0.1859375000000001 0.6953125 0.1859375000000001 0.821875 0.22656250000000008 0.821875
2 0.20312500000000008 0.4734375 0.15312500000000004 0.4734375 0.15312500000000007 0.6390625 0.20312500000000008 0.6390625
2 0.3046875000000001 0.3765625 0.2500000000000001 0.3765625 0.2500000000000001 0.5265625 0.3046875000000001 0.5265625
2 0.3140625 0.215625 0.2546875 0.215625 0.2546875 0.325 0.3140625 0.325
2 0.4359375 0.29375000000000007 0.4015625 0.29375000000000007 0.4015625 0.3765625000000001 0.4359375 0.3765625000000001
2 0.46875 0.3203125000000001 0.428125 0.3203125000000001 0.428125 0.3984375000000001 0.46875 0.3984375000000001
2 0.4484375 0.453125 0.4 0.453125 0.4 0.5484375 0.4484375 0.5484375
2 0.3906250000000001 0.5359375 0.3296875000000001 0.5359375 0.3296875000000001 0.6390625 0.3906250000000001 0.6390625
2 0.4484375000000001 0.61875 0.40625 0.61875 0.4062500000000001 0.76875 0.44843750000000016 0.76875
2 0.628125 0.08125000000000007 0.578125 0.08125000000000007 0.578125 0.21875000000000008 0.628125 0.21875000000000008
2 0.8734375 0.18906250000000008 0.7828125 0.18906250000000008 0.7828125 0.3218750000000001 0.8734375 0.3218750000000001
2 0.9171875 0.2234375000000001 0.890625 0.2234375000000001 0.890625 0.3265625000000001 0.9171875 0.3265625000000001
2 0.95625 0.4937500000000002 0.8984375 0.4937500000000002 0.8984375 0.6515625000000002 0.95625 0.6515625000000002
2 0.825 0.45312500000000017 0.7671875 0.45312500000000017 0.7671875 0.5703125000000002 0.825 0.5703125000000002
2 0.6140625 0.3343750000000001 0.5828125 0.3343750000000001 0.5828125 0.4078125 0.6140625 0.4078125
3 0.596875 0.4234375 0.5609375 0.4234375 0.5609375 0.5296875 0.596875 0.5296875
0 0.6296875 0.484375 0.59375 0.484375 0.59375 0.5609375 0.6296875 0.5609375