2 0.625 0.496875 0.553125 0.496875 0.553125 0.68125 0.625 0.68125
2 0.12500000000000006 0.453125 0.07812500000000004 0.453125 0.07812500000000006 0.5984375 0.12500000000000008 0.5984375
2 0.17968750000000006 0.4125 0.13125000000000003 0.4125 0.13125000000000006 0.5609375 0.17968750000000008 0.5609375
2 0.2500000000000001 0.39375 0.2171875000000001 0.39375 0.2171875000000001 0.55 0.2500000000000001 0.55
2 0.2968750000000001 0.3671875 0.2687500000000001 0.3671875 0.2687500000000001 0.4828125 0.2968750000000001 0.4828125
2 0.3125000000000001 0.4125 0.2875000000000001 0.4125 0.2875000000000001 0.509375 0.3125000000000001 0.509375
2 0.3437500000000001 0.3859375 0.3125000000000001 0.3859375 0.3125000000000001 0.49375 0.3437500000000001 0.49375
2 0.3140625 0.3390625 0.278125 0.3390625 0.27812500000000007 0.4390625 0.3140625000000001 0.4390625
2 0.4734375 0.2968750000000001 0.4203125 0.2968750000000001 0.4203125 0.4625 0.4734375 0.4625
2 0.5046875 0.16250000000000003 0.4484375 0.16250000000000003 0.4484375 0.30156250000000007 0.5046875 0.30156250000000007
2 0.5515625 0.2234375000000001 0.5109375 0.2234375000000001 0.5109375 0.3546875000000001 0.5515625 0.3546875000000001
2 0.640625 0.2218750000000001 0.5921875 0.2218750000000001 0.5921875 0.36406250000000007 0.640625 0.36406250000000007
2 0.6734375 0.2875000000000001 0.6328125 0.2875000000000001 0.6328125 0.403125 0.6734375 0.403125
2 0.746875 0.3937500000000001 0.71875 0.3937500000000001 0.71875 0.5578125 0.746875 0.5578125000000002
2 0.721875 0.2796875000000001 0.69375 0.2796875000000001 0.69375 0.3546875000000001 0.721875 0.3546875000000001
2 0.70625 0.2140625000000001 0.678125 0.2140625000000001 0.678125 0.2890625000000001 0.70625 0.2890625000000001
3 0.84375 0.3062500000000001 0.8046875 0.3062500000000001 0.8046875 0.4546875000000002 0.84375 0.4546875000000002
0 0.703125 0.3531250000000001 0.690625 0.3531250000000001 0.690625 0.3921875000000001 0.703125 0.3921875000000001
1 0.13750000000000004 0.296875 0.08750000000000005 0.296875 0.08750000000000005 0.43125 0.13750000000000004 0.43125
2 0.9640625 0.3765625000000001 0.925 0.3765625000000001 0.925 0.5234375000000002 0.9640625 0.5234375000000002