1 0.9359375 0.3343750000000001 0.834375 0.3343750000000001 0.834375 0.5359375000000002 0.9359375 0.5359375000000002
1 0.9203125 0.46406250000000016 0.91875 0.46406250000000016 0.91875 0.4671875000000002 0.9203125 0.4671875000000002
2 0.521875 0.16562500000000005 0.4546875 0.16562500000000005 0.4546875 0.4375 0.521875 0.4375
2 0.5703125 0.10468750000000007 0.521875 0.10468750000000004 0.521875 0.3500000000000001 0.5703125 0.3500000000000001
2 0.3265625 0.15468750000000003 0.2734375 0.15468750000000003 0.2734375 0.359375 0.3265625 0.359375
2 0.68125 0.12031250000000009 0.634375 0.12031250000000009 0.634375 0.2796875000000001 0.68125 0.2796875000000001
2 0.7375 0.12656250000000008 0.7015625 0.12656250000000008 0.7015625 0.2515625000000001 0.7375 0.2515625000000001
2 0.8265625 0.17187500000000008 0.790625 0.17187500000000008 0.790625 0.2687500000000001 0.8265625 0.2687500000000001
2 0.8609375 0.19531250000000008 0.8375 0.19531250000000008 0.8375 0.2890625000000001 0.8609375 0.2890625000000001
2 0.9078125 0.22031250000000008 0.86875 0.22031250000000008 0.86875 0.3156250000000001 0.9078125 0.3156250000000001
2 0.2859375 0.13906250000000003 0.246875 0.13906250000000003 0.246875 0.2546875 0.2859375 0.2546875
2 0.4171875 0.07968750000000005 0.3890625 0.07968750000000005 0.3890625 0.16718750000000004 0.4171875 0.16718750000000004
2 0.31875 0.09062500000000004 0.290625 0.09062500000000004 0.290625 0.13906250000000003 0.31875 0.13906250000000003
2 0.609375 0.10312500000000009 0.5875 0.10312500000000009 0.5875 0.1703125000000001 0.609375 0.1703125000000001
3 0.703125 0.1062500000000001 0.6828125 0.1062500000000001 0.6828125 0.1671875000000001 0.703125 0.1671875000000001
2 0.378125 0.08281250000000004 0.3484375 0.08281250000000004 0.3484375 0.12968750000000004 0.378125 0.12968750000000004
2 0.4375 0.07968750000000005 0.41875 0.07968750000000005 0.41875 0.11718750000000004 0.4375 0.11718750000000004
2 0.284375 0.10937500000000004 0.2671875 0.10937500000000004 0.2671875 0.14062500000000006 0.284375 0.14062500000000006