2 0.12500000000000008 0.65625 0.06562500000000009 0.65625 0.0656250000000001 0.9 0.12500000000000008 0.9
2 0.032812500000000085 0.5828125 7.137394626280668e-17 0.5828125 8.830851528226617e-17 0.859375 0.0328125000000001 0.859375
2 0.38281250000000006 0.33906250000000004 0.3390625 0.3390625 0.33906250000000004 0.478125 0.3828125000000001 0.478125
2 0.4703125 0.428125 0.4234375 0.428125 0.4234375 0.584375 0.4703125 0.584375
2 0.5296875 0.453125 0.49375 0.453125 0.49375 0.584375 0.5296875 0.584375
2 0.55625 0.2687500000000001 0.521875 0.2687500000000001 0.521875 0.40625 0.55625 0.40625
2 0.6765625 0.3687500000000001 0.6328125 0.3687500000000001 0.6328125 0.54375 0.6765625 0.54375
2 0.78125 0.3828125000000001 0.7484375 0.3828125000000001 0.7484375 0.5250000000000001 0.78125 0.5250000000000001
2 0.740625 0.3421875000000001 0.709375 0.3421875000000001 0.709375 0.47343750000000007 0.740625 0.4734375000000002
2 0.8109375 0.22812500000000008 0.7703125 0.22812500000000008 0.7703125 0.3500000000000001 0.8109375 0.3500000000000001
2 0.28125 0.17968750000000006 0.2453125 0.17968750000000006 0.2453125 0.3203125 0.28125 0.3203125
2 0.16875 0.1734375 0.13125 0.1734375 0.13125000000000003 0.3015625 0.16875000000000004 0.3015625
3 0.33281250000000007 0.3328125 0.2875 0.3328125 0.28750000000000003 0.48125 0.33281250000000007 0.48125
0 0.4875 0.5078125 0.465625 0.5078125 0.465625 0.5578125 0.4875 0.5578125