2 0.4437500000000002 0.9125 0.2812500000000001 0.9125 0.2812500000000001 0.946875 0.4437500000000002 0.946875
2 0.3234375000000001 0.528125 0.2171875000000001 0.528125 0.2171875000000001 0.55 0.3234375000000001 0.55
2 0.2843750000000001 0.5390625 0.16718750000000004 0.5390625 0.16718750000000007 0.565625 0.2843750000000001 0.565625
2 0.484375 0.425 0.3421875000000001 0.425 0.3421875000000001 0.4640625 0.484375 0.4640625
2 0.3312500000000001 0.4640625 0.2171875000000001 0.4640625 0.2171875000000001 0.4875 0.3312500000000001 0.4875
2 0.484375 0.3765625 0.35625000000000007 0.3765625 0.35625000000000007 0.4015625 0.484375 0.4015625
2 0.4625 0.31718750000000007 0.2984375 0.3171875 0.2984375 0.35781250000000003 0.4625 0.3578125000000001
2 0.4421875 0.37500000000000006 0.2828125000000001 0.375 0.2828125000000001 0.4125 0.4421875 0.4125
2 0.3234375000000001 0.375 0.2015625000000001 0.375 0.2015625000000001 0.4 0.3234375000000001 0.4
2 0.2828125000000001 0.425 0.18750000000000006 0.425 0.18750000000000006 0.45 0.2828125000000001 0.45
2 0.2750000000000001 0.44375 0.18750000000000006 0.44375 0.18750000000000006 0.4625 0.2750000000000001 0.4625
0 0.30937500000000007 0.409375 0.26250000000000007 0.409375 0.26250000000000007 0.425 0.30937500000000007 0.425
1 0.378125 0.12500000000000006 0.234375 0.12500000000000006 0.234375 0.16562500000000005 0.378125 0.16562500000000005
3 0.2984375000000001 0.7171875 0.1703125000000001 0.7171875 0.1703125000000001 0.7578125 0.2984375000000001 0.7578125