1 0.815625 0.1515625000000001 0.71875 0.1515625000000001 0.71875 0.5140625000000001 0.815625 0.5140625000000002
2 0.3796875 0.09531250000000005 0.3515625 0.09531250000000005 0.3515625 0.19843750000000004 0.3796875 0.19843750000000004
2 0.3484375 0.10000000000000005 0.3328125 0.10000000000000005 0.3328125 0.2 0.3484375 0.2
2 0.5828125 0.08750000000000006 0.559375 0.08750000000000006 0.559375 0.18750000000000008 0.5828125 0.18750000000000008
2 0.6421875 0.08906250000000007 0.6203125 0.08906250000000007 0.6203125 0.18125000000000008 0.6421875 0.18125000000000008
2 0.6640625 0.10312500000000009 0.646875 0.10312500000000009 0.646875 0.18750000000000008 0.6640625 0.18750000000000008
2 0.5015625 0.08593750000000007 0.4703125 0.08593750000000007 0.4703125 0.17968750000000006 0.5015625 0.17968750000000006
2 0.5203125 0.08437500000000006 0.4921875 0.08437500000000006 0.4921875 0.14687500000000003 0.5203125 0.14687500000000003
2 0.4375 0.07187500000000005 0.41875 0.07187500000000005 0.41875 0.10937500000000004 0.4375 0.10937500000000004
2 0.2734375 0.11562500000000005 0.24375 0.11562500000000005 0.24375 0.15937500000000004 0.2734375 0.15937500000000004
2 0.3296875 0.07343750000000004 0.3046875 0.07343750000000004 0.3046875 0.16093750000000004 0.3296875 0.16093750000000004
2 0.4140625 0.08593750000000004 0.3953125 0.08593750000000004 0.3953125 0.12031250000000004 0.4140625 0.12031250000000004
2 0.5546875 0.06875000000000006 0.540625 0.06875000000000006 0.540625 0.12343750000000006 0.5546875 0.12343750000000009
3 0.5375 0.07656250000000006 0.521875 0.07656250000000006 0.521875 0.13281250000000006 0.5375 0.13281250000000006