1 0.8484375 0.7187500000000001 0.4859375 0.71875 0.4859375000000001 0.815625 0.8484375 0.815625
2 0.90625 0.3515625000000001 0.803125 0.3515625000000001 0.803125 0.37968750000000007 0.90625 0.37968750000000007
2 0.9 0.33281250000000007 0.8 0.33281250000000007 0.8 0.34843750000000007 0.9 0.34843750000000007
2 0.9140625 0.5593750000000002 0.8140625 0.5593750000000002 0.8140625 0.5828125000000002 0.9140625 0.5828125000000002
2 0.9125 0.6203125000000002 0.8203125 0.6203125000000002 0.8203125 0.6421875000000001 0.9125 0.6421875000000001
2 0.8984375 0.6468750000000002 0.8140625 0.6468750000000002 0.8140625 0.6640625000000002 0.8984375 0.6640625000000002
2 0.9140625 0.4703125000000002 0.8203125 0.4703125000000002 0.8203125 0.5015625000000001 0.9140625 0.5015625000000001
2 0.9171875 0.49218750000000017 0.8546875 0.49218750000000017 0.8546875 0.5203125000000002 0.9171875 0.5203125000000002
2 0.928125 0.4187500000000002 0.890625 0.4187500000000002 0.890625 0.43750000000000017 0.928125 0.43750000000000017
2 0.884375 0.24375000000000008 0.840625 0.24375000000000008 0.840625 0.2734375000000001 0.884375 0.2734375000000001
2 0.928125 0.3046875000000001 0.840625 0.3046875000000001 0.840625 0.3296875000000001 0.928125 0.3296875000000001
2 0.915625 0.39531250000000007 0.88125 0.39531250000000007 0.88125 0.41406250000000017 0.915625 0.41406250000000017
2 0.9328125 0.5406250000000001 0.878125 0.5406250000000001 0.878125 0.5546875000000002 0.9328125 0.5546875000000002
3 0.9234375 0.5218750000000002 0.8671875 0.5218750000000002 0.8671875 0.5375000000000002 0.9234375 0.5375000000000002