2 0.4875 0.5296875 0.4453125 0.5296875 0.4453125 0.7109375 0.4875 0.7109375
2 0.434375 0.5015625 0.37968750000000007 0.5015625 0.37968750000000007 0.6828125 0.434375 0.6828125
2 0.4609375 0.3937500000000001 0.4171875 0.3937500000000001 0.4171875 0.5484375 0.4609375 0.5484375
2 0.10468750000000002 0.146875 0.06718750000000002 0.146875 0.06718750000000004 0.2828125 0.10468750000000004 0.2828125
2 0.3765625 0.18125000000000005 0.35 0.18125000000000005 0.35 0.30781250000000004 0.3765625 0.3078125000000001
2 0.4875 0.2812500000000001 0.45625 0.2812500000000001 0.45625 0.38750000000000007 0.4875 0.38750000000000007
2 0.603125 0.3828125000000001 0.571875 0.3828125000000001 0.571875 0.5484375 0.603125 0.5484375
2 0.7453125 0.3531250000000001 0.7046875 0.3531250000000001 0.7046875 0.4937500000000001 0.7453125 0.4937500000000002
2 0.61875 0.2484375000000001 0.5828125 0.2484375000000001 0.5828125 0.3859375000000001 0.61875 0.3859375000000001
2 0.671875 0.2000000000000001 0.634375 0.2000000000000001 0.634375 0.34062500000000007 0.671875 0.34062500000000007
2 0.75625 0.23437500000000008 0.71875 0.23437500000000008 0.71875 0.3765625000000001 0.75625 0.3765625000000001
2 0.634375 0.3187500000000001 0.6015625 0.3187500000000001 0.6015625 0.4484375 0.634375 0.4484375
3 0.4203125 0.2656250000000001 0.38125 0.2656250000000001 0.38125000000000003 0.39531250000000007 0.4203125 0.39531250000000007