0 0.09375000000000007 0.596875 0.09062500000000007 0.596875 0.09062500000000007 0.603125 0.09375000000000007 0.603125
2 0.08437500000000006 0.5703125 0.07500000000000007 0.5703125 0.07500000000000007 0.6046875 0.08437500000000006 0.6046875
2 0.07656250000000006 0.5671875 0.07031250000000007 0.5671875 0.07031250000000007 0.6 0.07656250000000006 0.6
2 0.06718750000000007 0.5734375 0.06093750000000007 0.5734375 0.06093750000000007 0.6125 0.06718750000000007 0.6125
2 0.050000000000000065 0.565625 0.04375000000000007 0.565625 0.043750000000000074 0.603125 0.050000000000000065 0.603125
2 0.1453125000000001 0.5640625 0.1390625000000001 0.5640625 0.1390625000000001 0.59375 0.1453125000000001 0.59375
2 0.1593750000000001 0.571875 0.1515625000000001 0.571875 0.1515625000000001 0.6140625 0.1593750000000001 0.6140625
2 0.1781250000000001 0.5515625 0.17187500000000008 0.5515625 0.17187500000000008 0.578125 0.1781250000000001 0.578125
2 0.2000000000000001 0.5359375 0.19531250000000006 0.5359375 0.19531250000000006 0.559375 0.2000000000000001 0.559375
2 0.1937500000000001 0.5953125 0.1859375000000001 0.5953125 0.1859375000000001 0.6453125 0.1937500000000001 0.6453125
2 0.2078125000000001 0.5703125 0.1984375000000001 0.5703125 0.1984375000000001 0.6125 0.2078125000000001 0.6125
2 0.22031250000000008 0.5390625 0.2156250000000001 0.5390625 0.2156250000000001 0.5671875 0.22031250000000008 0.5671875
2 0.22812500000000008 0.546875 0.2234375000000001 0.546875 0.2234375000000001 0.575 0.22812500000000008 0.575
2 0.2390625000000001 0.5484375 0.23437500000000008 0.5484375 0.23437500000000008 0.575 0.2390625000000001 0.575
2 0.24375000000000008 0.540625 0.2406250000000001 0.540625 0.2406250000000001 0.559375 0.24375000000000008 0.559375
2 0.2515625000000001 0.540625 0.2468750000000001 0.540625 0.2468750000000001 0.56875 0.2515625000000001 0.56875
2 0.2656250000000001 0.559375 0.26250000000000007 0.559375 0.26250000000000007 0.6 0.2656250000000001 0.6
2 0.2734375000000001 0.5375 0.2671875000000001 0.5375 0.2671875000000001 0.559375 0.2734375000000001 0.559375
2 0.19531250000000008 0.690625 0.1828125000000001 0.690625 0.1828125000000001 0.778125 0.19531250000000008 0.778125
2 0.3375000000000001 0.55625 0.3312500000000001 0.55625 0.3312500000000001 0.590625 0.3375000000000001 0.590625
2 0.4296875 0.5859375 0.41875 0.5859375 0.41875 0.6328125 0.4296875 0.6328125
2 0.48125 0.6125 0.475 0.6125 0.475 0.6734375 0.48125 0.6734375
2 0.4578125 0.578125 0.4515625 0.578125 0.4515625 0.6234375 0.4578125 0.6234375
2 0.6890625 0.565625 0.6828125 0.565625 0.6828125 0.6 0.6890625 0.6