0 0.6328125000000002 0.8796875 0.6250000000000002 0.8796875 0.6250000000000002 0.8984375 0.6328125000000002 0.8984375
2 0.6640625000000002 0.8671875 0.6390625000000002 0.8671875 0.6390625000000002 1 0.6640625000000002 1
2 0.6171875000000002 0.7390625 0.6000000000000002 0.7390625 0.6000000000000002 0.8484375 0.6171875000000002 0.8484375
2 0.6625000000000001 0.709375 0.64375 0.709375 0.64375 0.8203125 0.6625000000000002 0.8203125
2 0.7890625000000001 0.6921875000000002 0.778125 0.6921875000000002 0.7781250000000001 0.7796875000000002 0.7890625000000002 0.7796875000000002
2 0.83125 0.6453125000000002 0.821875 0.6453125000000002 0.821875 0.7078125000000002 0.83125 0.7078125000000002
2 0.78125 0.6265625000000001 0.7703125 0.6265625000000001 0.7703125 0.6906250000000002 0.78125 0.6906250000000002
2 0.75625 0.6500000000000001 0.75 0.6500000000000001 0.75 0.7156250000000002 0.75625 0.7156250000000002
2 0.76875 0.6359375000000002 0.7546875 0.6359375000000002 0.7546875 0.6953125000000002 0.76875 0.6953125000000002
2 0.7734375 0.6000000000000002 0.7671875 0.6000000000000002 0.7671875 0.6484375000000002 0.7734375 0.6484375000000002
2 0.6640625 0.60625 0.65625 0.60625 0.65625 0.6609375 0.6640625 0.6609375
2 0.65625 0.5890625 0.65 0.5890625 0.65 0.6328125 0.65625 0.6328125
2 0.7140625 0.5765625 0.709375 0.5765625 0.709375 0.6171875 0.7140625 0.6171875
2 0.7046875 0.56875 0.6984375 0.56875 0.6984375 0.609375 0.7046875 0.609375
2 0.6921875 0.571875 0.6859375 0.571875 0.6859375 0.6046875 0.6921875 0.6046875
2 0.7828125 0.5625000000000002 0.7796875 0.5625000000000002 0.7796875 0.5906250000000002 0.7828125 0.5906250000000002
2 0.615625 0.5859375 0.6078125 0.5859375 0.6078125 0.6359375 0.615625 0.6359375
2 0.63125 0.571875 0.625 0.571875 0.625 0.60625 0.63125 0.60625
2 0.546875 0.621875 0.5328125 0.621875 0.5328125 0.68125 0.546875 0.68125
2 0.5796875 0.5734375 0.5703125 0.5734375 0.5703125 0.6140625 0.5796875 0.6140625
2 0.571875 0.5578125 0.5640625 0.5578125 0.5640625 0.5890625 0.571875 0.5890625
2 0.4859375 0.61875 0.4703125 0.61875 0.4703125 0.678125 0.4859375 0.678125
2 0.4234375000000001 0.6765625 0.409375 0.6765625 0.4093750000000001 0.7625 0.4234375000000002 0.7625
2 0.2500000000000001 0.5515625 0.2453125000000001 0.5515625 0.2453125000000001 0.590625 0.2500000000000001 0.590625