0 0.6796875 0.409375 0.678125 0.409375 0.678125 0.415625 0.6796875 0.415625
2 0.6796875 0.3859375000000001 0.6703125 0.3859375000000001 0.6703125 0.415625 0.6796875 0.415625
2 0.690625 0.39531250000000007 0.684375 0.39531250000000007 0.684375 0.428125 0.690625 0.428125
2 0.7 0.3890625000000001 0.69375 0.3890625000000001 0.69375 0.40625 0.7 0.40625
2 0.70625 0.38750000000000007 0.703125 0.38750000000000007 0.703125 0.4125 0.70625 0.4125
2 0.7078125 0.3859375000000001 0.7046875 0.3859375000000001 0.7046875 0.409375 0.7078125 0.409375
2 0.7140625 0.3921875000000001 0.7109375 0.3921875000000001 0.7109375 0.41875 0.7140625 0.41875
2 0.715625 0.3921875000000001 0.7140625 0.3921875000000001 0.7140625 0.4203125 0.715625 0.4203125
2 0.71875 0.39531250000000007 0.715625 0.39531250000000007 0.715625 0.421875 0.71875 0.421875
2 0.7203125 0.3968750000000001 0.7171875 0.3968750000000001 0.7171875 0.421875 0.7203125 0.421875
2 0.7234375 0.3984375000000001 0.7203125 0.3984375000000001 0.7203125 0.425 0.7234375 0.425
2 0.728125 0.4046875000000001 0.721875 0.4046875 0.721875 0.4328125000000001 0.728125 0.43281250000000016
2 0.7328125 0.40625000000000017 0.7296875 0.40625000000000017 0.7296875 0.43281250000000016 0.7328125 0.43281250000000016
2 0.771875 0.42500000000000016 0.7671875 0.42500000000000016 0.7671875 0.4546875000000002 0.771875 0.4546875000000002
2 0.7796875 0.43281250000000016 0.7734375 0.43281250000000016 0.7734375 0.4593750000000002 0.7796875 0.4593750000000002
2 0.759375 0.41718750000000016 0.7546875 0.41718750000000016 0.7546875 0.4468750000000002 0.759375 0.4468750000000002
2 0.7640625 0.42187500000000017 0.7578125 0.42187500000000017 0.7578125 0.4500000000000002 0.7640625 0.4500000000000002
2 0.7796875 0.41406250000000017 0.7765625 0.41406250000000017 0.7765625 0.43750000000000017 0.7796875 0.43750000000000017
2 0.6515625 0.3781250000000001 0.646875 0.3781250000000001 0.646875 0.4046875 0.6515625 0.4046875
2 0.6359375 0.3734375000000001 0.63125 0.3734375000000001 0.63125 0.403125 0.6359375 0.403125
2 0.6140625 0.37968750000000007 0.6078125 0.37968750000000007 0.6078125 0.4125 0.6140625 0.4125
2 0.46875 0.3687500000000001 0.4625 0.3687500000000001 0.4625 0.403125 0.46875 0.403125
2 0.32500000000000007 0.3921875 0.3187500000000001 0.3921875 0.3187500000000001 0.425 0.32500000000000007 0.425