2 0.22656250000000008 0.5765625 0.2218750000000001 0.5765625 0.2218750000000001 0.6078125 0.22656250000000008 0.6078125
2 0.440625 0.671875 0.4296875 0.671875 0.4296875 0.721875 0.440625 0.721875
2 0.446875 0.6546875 0.4375 0.6546875 0.4375 0.703125 0.446875 0.703125
2 0.415625 0.61875 0.409375 0.61875 0.409375 0.653125 0.415625 0.653125
2 0.515625 0.6515625 0.5046875 0.6515625 0.5046875 0.6984375 0.515625 0.6984375
2 0.5078125 0.646875 0.4984375 0.646875 0.4984375 0.69375 0.5078125 0.69375
2 0.54375 0.6296875 0.534375 0.6296875 0.534375 0.6609375 0.54375 0.6609375
2 0.5796875 0.640625 0.575 0.640625 0.575 0.6734375 0.5796875 0.6734375
2 0.6062500000000001 0.6796875 0.5953125 0.6796875 0.5953125000000001 0.728125 0.6062500000000002 0.728125
2 0.56875 0.6140625 0.5625 0.6140625 0.5625 0.6390625 0.56875 0.6390625
0 0.6250000000000002 0.8875 0.6187500000000001 0.8875 0.6187500000000001 0.903125 0.6250000000000002 0.903125
2 0.6406250000000002 0.8234375 0.6125000000000002 0.8234375 0.6125000000000002 0.9203125 0.6406250000000002 0.9203125
2 0.6750000000000002 0.8 0.6500000000000001 0.8 0.6500000000000001 0.8890625 0.6750000000000002 0.8890625
2 0.6718750000000001 0.7015625 0.6609375 0.7015625 0.6609375000000001 0.7671875 0.6718750000000002 0.7671875
2 0.7093750000000001 0.6890625 0.7 0.6890625 0.7000000000000001 0.74375 0.7093750000000002 0.74375
2 0.621875 0.646875 0.6171875 0.646875 0.6171875 0.6921875 0.621875 0.6921875
2 0.6359375 0.6453125 0.628125 0.6453125 0.628125 0.684375 0.6359375 0.684375
2 0.6328125 0.625 0.628125 0.625 0.628125 0.65625 0.6328125 0.65625
2 0.65625 0.64375 0.653125 0.64375 0.653125 0.68125 0.65625 0.68125
2 0.6796875 0.640625 0.6734375 0.640625 0.6734375 0.6796875 0.6796875 0.6796875
2 0.7 0.6515625 0.69375 0.6515625 0.69375 0.6953125 0.7 0.6953125
2 0.725 0.6578125 0.7171875 0.6578125 0.7171875 0.703125 0.725 0.703125
2 0.7468750000000001 0.6906250000000002 0.7390625 0.6906250000000002 0.7390625000000001 0.7375000000000002 0.7468750000000002 0.7375000000000002
2 0.75625 0.6250000000000002 0.7515625 0.6250000000000002 0.7515625 0.6531250000000002 0.75625 0.6531250000000002