2 0.2750000000000001 0.634375 0.2656250000000001 0.634375 0.2656250000000001 0.6921875 0.2750000000000001 0.6921875
2 0.22031250000000008 0.5625 0.2156250000000001 0.5625 0.2156250000000001 0.590625 0.22031250000000008 0.590625
2 0.540625 0.659375 0.53125 0.659375 0.53125 0.7046875 0.540625 0.7046875
2 0.6640625 0.6109375 0.659375 0.6109375 0.659375 0.6421875 0.6640625 0.6421875
2 0.553125 0.61875 0.5453125 0.61875 0.5453125 0.646875 0.553125 0.646875
0 0.546875 0.6421875 0.54375 0.6421875 0.54375 0.6453125 0.546875 0.6453125
2 0.5328125 0.6140625 0.5265625 0.6140625 0.5265625 0.64375 0.5328125 0.64375
2 0.5359375 0.603125 0.5296875 0.603125 0.5296875 0.634375 0.5359375 0.634375
2 0.48125 0.6140625 0.475 0.6140625 0.475 0.6484375 0.48125 0.6484375
2 0.4875 0.5984375 0.48125 0.5984375 0.48125 0.6234375 0.4875 0.6234375
2 0.475 0.6109375 0.4703125 0.6109375 0.4703125 0.6390625 0.475 0.6390625
2 0.475 0.5984375 0.471875 0.5984375 0.471875 0.6109375 0.475 0.6109375
2 0.4625 0.6046875 0.4578125 0.6046875 0.4578125 0.6328125 0.4625 0.6328125
2 0.446875 0.6171875 0.4421875 0.6171875 0.4421875 0.6515625 0.446875 0.6515625
2 0.4421875 0.615625 0.4359375 0.615625 0.4359375 0.65 0.4421875 0.65
2 0.39531250000000007 0.6328125 0.38750000000000007 0.6328125 0.38750000000000007 0.6765625 0.39531250000000007 0.6765625
2 0.4203125 0.5953125 0.4171875 0.5953125 0.4171875 0.6203125 0.4203125 0.6203125
2 0.4015625 0.603125 0.3968750000000001 0.603125 0.3968750000000001 0.63125 0.4015625 0.63125
2 0.3984375000000001 0.6 0.39531250000000007 0.6 0.39531250000000007 0.61875 0.3984375000000001 0.61875
2 0.4046875 0.59375 0.4015625 0.59375 0.4015625 0.6171875 0.4046875 0.6171875
2 0.3937500000000001 0.5953125 0.3890625000000001 0.5953125 0.3890625000000001 0.625 0.3937500000000001 0.625
2 0.3593750000000001 0.5875 0.3546875000000001 0.5875 0.3546875000000001 0.6140625 0.3593750000000001 0.6140625
2 0.3234375000000001 0.60625 0.3187500000000001 0.60625 0.3187500000000001 0.64375 0.3234375000000001 0.64375
2 0.3375000000000001 0.59375 0.33281250000000007 0.59375 0.33281250000000007 0.621875 0.3375000000000001 0.621875