0 0.2656250000000001 0.55 0.2640625000000001 0.55 0.2640625000000001 0.55625 0.2656250000000001 0.55625
2 0.22031250000000008 0.5328125 0.2171875000000001 0.5328125 0.2171875000000001 0.5515625 0.22031250000000008 0.5515625
2 0.2296875000000001 0.553125 0.2250000000000001 0.553125 0.2250000000000001 0.5875 0.2296875000000001 0.5875
2 0.24218750000000008 0.55625 0.2375000000000001 0.55625 0.2375000000000001 0.5890625 0.24218750000000008 0.5890625
2 0.2531250000000001 0.5375 0.2484375000000001 0.5375 0.2484375000000001 0.55625 0.2531250000000001 0.55625
2 0.2750000000000001 0.546875 0.2687500000000001 0.546875 0.2687500000000001 0.578125 0.2750000000000001 0.578125
2 0.2734375000000001 0.5375 0.27031250000000007 0.5375 0.27031250000000007 0.55625 0.2734375000000001 0.55625
2 0.2656250000000001 0.5375 0.2609375000000001 0.5375 0.2609375000000001 0.55625 0.2656250000000001 0.55625
2 0.2562500000000001 0.5296875 0.2531250000000001 0.5296875 0.2531250000000001 0.546875 0.2562500000000001 0.546875
2 0.26250000000000007 0.5296875 0.2593750000000001 0.5296875 0.2593750000000001 0.546875 0.26250000000000007 0.546875
2 0.2078125000000001 0.5390625 0.20468750000000008 0.5390625 0.20468750000000008 0.5640625 0.2078125000000001 0.5640625
2 0.20468750000000008 0.5453125 0.2015625000000001 0.5453125 0.2015625000000001 0.5765625 0.20468750000000008 0.5765625
2 0.3078125000000001 0.5484375 0.3000000000000001 0.5484375 0.3000000000000001 0.5796875 0.3078125000000001 0.5796875
2 0.3187500000000001 0.534375 0.3156250000000001 0.534375 0.3156250000000001 0.5609375 0.3187500000000001 0.5609375
2 0.3046875000000001 0.5375 0.30156250000000007 0.5375 0.30156250000000007 0.55 0.3046875000000001 0.55
2 0.3062500000000001 0.5390625 0.3031250000000001 0.5390625 0.3031250000000001 0.5703125 0.3062500000000001 0.5703125
2 0.3687500000000001 0.5390625 0.3656250000000001 0.5390625 0.3656250000000001 0.565625 0.3687500000000001 0.565625
2 0.4390625 0.559375 0.4296875 0.559375 0.4296875 0.59375 0.4390625 0.59375
2 0.465625 0.603125 0.45625 0.603125 0.45625 0.659375 0.465625 0.659375
2 0.4953125 0.596875 0.4875 0.596875 0.4875 0.6453125 0.4953125 0.6453125
2 0.5359375 0.571875 0.525 0.571875 0.525 0.6125 0.5359375 0.6125
2 0.534375 0.5515625 0.525 0.5515625 0.525 0.5828125 0.534375 0.5828125
2 0.69375 0.5671875 0.6875 0.5671875 0.6875 0.5984375 0.69375 0.5984375