0 0.2296875000000001 0.546875 0.22812500000000008 0.546875 0.22812500000000008 0.55 0.2296875000000001 0.55
2 0.2312500000000001 0.5359375 0.22656250000000008 0.5359375 0.22656250000000008 0.5671875 0.2312500000000001 0.5671875
2 0.2156250000000001 0.55625 0.2093750000000001 0.55625 0.2093750000000001 0.59375 0.2156250000000001 0.59375
2 0.2593750000000001 0.5625 0.2531250000000001 0.5625 0.2531250000000001 0.6 0.2593750000000001 0.6
2 0.2921875000000001 0.546875 0.2875000000000001 0.546875 0.2875000000000001 0.5765625 0.2921875000000001 0.5765625
2 0.3375000000000001 0.553125 0.33281250000000007 0.553125 0.33281250000000007 0.584375 0.3375000000000001 0.584375
2 0.32500000000000007 0.5328125 0.3218750000000001 0.5328125 0.3218750000000001 0.5609375 0.32500000000000007 0.5609375
2 0.3687500000000001 0.5671875 0.36406250000000007 0.5671875 0.36406250000000007 0.6078125 0.3687500000000001 0.6078125
2 0.3281250000000001 0.590625 0.3187500000000001 0.590625 0.3187500000000001 0.64375 0.3281250000000001 0.64375
2 0.415625 0.5671875 0.4078125 0.5671875 0.4078125 0.6078125 0.415625 0.6078125
2 0.3937500000000001 0.55 0.3890625000000001 0.55 0.3890625000000001 0.5828125 0.3937500000000001 0.5828125
2 0.48125 0.578125 0.4734375 0.578125 0.4734375 0.6203125 0.48125 0.6203125
2 0.440625 0.55 0.434375 0.55 0.434375 0.5796875 0.440625 0.5796875
2 0.453125 0.5453125 0.45 0.5453125 0.45 0.571875 0.453125 0.571875
2 0.4765625 0.54375 0.4703125 0.54375 0.4703125 0.5671875 0.4765625 0.5671875
2 0.4671875 0.5390625 0.4625 0.5390625 0.4625 0.5609375 0.4671875 0.5609375
2 0.5125 0.5609375 0.50625 0.5609375 0.50625 0.59375 0.5125 0.59375
2 0.5078125 0.5578125 0.503125 0.5578125 0.503125 0.5921875 0.5078125 0.5921875
2 0.5265625 0.5671875 0.5203125 0.5671875 0.5203125 0.6 0.5265625 0.6
2 0.578125 0.6390625 0.56875 0.6390625 0.56875 0.703125 0.578125 0.703125
2 0.6109375 0.60625 0.6046875 0.60625 0.6046875 0.6515625 0.6109375 0.6515625
2 0.6046875 0.584375 0.6 0.584375 0.6 0.6265625 0.6046875 0.6265625
2 0.5765625 0.5640625 0.571875 0.5640625 0.571875 0.596875 0.5765625 0.596875
2 0.7265625 0.5734375 0.721875 0.5734375 0.721875 0.6031250000000001 0.7265625 0.6031250000000001