0 0.746875 0.4187500000000002 0.7453125 0.4187500000000002 0.7453125 0.42500000000000016 0.746875 0.42500000000000016
2 0.7609375 0.4078125000000002 0.7546875 0.4078125000000002 0.7546875 0.43281250000000016 0.7609375 0.43281250000000016
2 0.73125 0.4046875000000002 0.7265625 0.4046875000000002 0.7265625 0.43750000000000017 0.73125 0.43750000000000017
2 0.715625 0.425 0.709375 0.425 0.709375 0.4671875 0.715625 0.4671875
2 0.6921875 0.3968750000000001 0.6875 0.3968750000000001 0.6875 0.4296875 0.6921875 0.4296875
2 0.646875 0.3671875000000001 0.6421875 0.3671875000000001 0.6421875 0.3921875000000001 0.646875 0.3921875000000001
2 0.6125 0.3703125000000001 0.6078125 0.3703125000000001 0.6078125 0.3921875000000001 0.6125 0.3921875000000001
2 0.571875 0.4015625 0.5625 0.4015625 0.5625 0.4546875 0.571875 0.4546875
2 0.5625 0.3812500000000001 0.5546875 0.3812500000000001 0.5546875 0.4265625 0.5625 0.4265625
2 0.546875 0.3546875000000001 0.5421875 0.3546875000000001 0.5421875 0.3843750000000001 0.546875 0.3843750000000001
2 0.5671875 0.3578125000000001 0.5609375 0.3578125000000001 0.5609375 0.3890625000000001 0.5671875 0.3890625000000001
2 0.4984375 0.37187500000000007 0.4921875 0.37187500000000007 0.4921875 0.415625 0.4984375 0.415625
2 0.503125 0.3750000000000001 0.496875 0.3750000000000001 0.496875 0.415625 0.503125 0.415625
2 0.475 0.3609375000000001 0.46875 0.3609375000000001 0.46875 0.3937500000000001 0.475 0.3937500000000001
2 0.4890625 0.3546875000000001 0.484375 0.3546875000000001 0.484375 0.3812500000000001 0.4890625 0.3812500000000001
2 0.475 0.3515625000000001 0.46875 0.3515625000000001 0.46875 0.3781250000000001 0.475 0.3781250000000001
2 0.5109375 0.34843750000000007 0.50625 0.34843750000000007 0.50625 0.3703125000000001 0.5109375 0.3703125000000001
2 0.36406250000000007 0.5046875 0.3515625000000001 0.5046875 0.3515625000000001 0.615625 0.36406250000000007 0.615625
2 0.39531250000000007 0.3921875000000001 0.3890625000000001 0.3921875000000001 0.3890625000000001 0.4375 0.39531250000000007 0.4375
2 0.409375 0.3734375000000001 0.403125 0.3734375000000001 0.403125 0.40625 0.409375 0.40625
2 0.4015625 0.3750000000000001 0.3937500000000001 0.3750000000000001 0.3937500000000001 0.4078125 0.4015625 0.4078125
2 0.2453125000000001 0.4125 0.24218750000000008 0.4125 0.24218750000000008 0.4421875 0.2453125000000001 0.4421875
2 0.40625 0.3625000000000001 0.403125 0.3625000000000001 0.403125 0.37968750000000007 0.40625 0.37968750000000007