2 0.15000000000000005 0.3546875 0.13125000000000003 0.3546875 0.13125000000000003 0.4203125 0.15000000000000005 0.4203125
2 0.61875 0.45625 0.596875 0.45625 0.596875 0.53125 0.61875 0.53125
2 0.5125 0.3125000000000001 0.496875 0.3125000000000001 0.496875 0.3609375000000001 0.5125 0.3609375000000001
2 0.596875 0.6390625 0.56875 0.6390625 0.5687500000000001 0.728125 0.5968750000000002 0.728125
2 0.27812500000000007 0.4984375 0.2484375000000001 0.4984375 0.2484375000000001 0.5765625 0.27812500000000007 0.5765625
2 0.6484375 0.4625 0.6265625 0.4625 0.6265625 0.5453125 0.6484375 0.5453125
3 0.22656250000000008 0.3953125 0.2093750000000001 0.3953125 0.2093750000000001 0.459375 0.22656250000000008 0.459375
0 0.559375 0.36406250000000007 0.553125 0.36406250000000007 0.553125 0.3781250000000001 0.559375 0.3781250000000001
2 0.30937500000000007 0.4 0.2890625000000001 0.4 0.2890625000000001 0.4671875 0.30937500000000007 0.4671875
1 0.8359375 0.3937500000000001 0.8046875 0.3937500000000001 0.8046875 0.4546875000000002 0.8359375 0.4546875000000002
2 0.453125 0.484375 0.434375 0.484375 0.434375 0.5609375 0.453125 0.5609375
2 0.0500000000000001 0.7734375 0.017187500000000095 0.7734375 0.0171875000000001 0.8703125 0.050000000000000114 0.8703125
2 0.5265625 0.3187500000000001 0.5046875 0.3187500000000001 0.5046875 0.36406250000000007 0.5265625 0.36406250000000007
2 0.5265625 0.3593750000000001 0.496875 0.3593750000000001 0.496875 0.421875 0.5265625 0.421875
2 0.2734375000000001 0.8203125 0.2468750000000001 0.8203125 0.2468750000000001 0.9234375 0.2734375000000001 0.9234375
2 0.2406250000000001 0.3859375 0.22031250000000008 0.3859375 0.22031250000000008 0.45 0.2406250000000001 0.45