2 0.20312500000000008 0.6 0.16406250000000008 0.6 0.16406250000000008 0.7171875 0.20312500000000008 0.7171875
2 0.6359375 0.4421875 0.6109375 0.4421875 0.6109375 0.5578125 0.6359375 0.5578125
2 0.12500000000000006 0.25 0.09843750000000002 0.25 0.09843750000000004 0.3515625 0.12500000000000006 0.3515625
2 0.16406250000000006 0.3796875 0.13437500000000005 0.3796875 0.13437500000000005 0.4828125 0.16406250000000006 0.4828125
2 0.7890625 0.3687500000000001 0.753125 0.3687500000000001 0.753125 0.45625000000000016 0.7890625 0.45625000000000016
2 0.3625000000000001 0.4546875 0.3343750000000001 0.4546875 0.3343750000000001 0.5734375 0.3625000000000001 0.5734375
2 0.478125 0.3218750000000001 0.4515625 0.3218750000000001 0.4515625 0.4203125 0.478125 0.4203125
3 0.06093750000000003 0.21875 0.035937500000000025 0.21875 0.035937500000000025 0.2890625 0.06093750000000005 0.2890625
0 0.721875 0.4359375 0.709375 0.4359375 0.709375 0.4578125 0.721875 0.4578125
2 0.04687500000000004 0.2953125 0.010937500000000036 0.2953125 0.010937500000000043 0.396875 0.04687500000000004 0.396875
2 0.540625 0.446875 0.515625 0.446875 0.515625 0.559375 0.540625 0.559375
2 0.3000000000000001 0.4421875 0.2609375000000001 0.4421875 0.2609375000000001 0.5625 0.3000000000000001 0.5625
2 0.24062500000000003 0.3578125 0.2171875 0.3578125 0.21718750000000003 0.4640625 0.2406250000000001 0.4640625
2 0.5953125 0.2484375000000001 0.5765625 0.2484375000000001 0.5765625 0.3343750000000001 0.5953125 0.3343750000000001
2 0.7890625 0.5015625000000001 0.7515625 0.5015625000000001 0.7515625 0.6375000000000002 0.7890625 0.6375000000000002
2 0.4843750000000001 0.7046875 0.4234375 0.7046875 0.4234375000000001 0.84375 0.48437500000000017 0.84375
3 0.1437500000000001 0.5796875 0.10468750000000009 0.5796875 0.10468750000000009 0.7140625 0.1437500000000001 0.7140625