2 0.33125 0.234375 0.3046875 0.234375 0.3046875 0.3359375 0.33125 0.3359375
3 0.60625 0.06718750000000007 0.5890625 0.06718750000000007 0.5890625 0.14218750000000008 0.60625 0.14218750000000008
2 0.728125 0.5109375 0.696875 0.5109375 0.696875 0.6406250000000001 0.728125 0.6406250000000002
2 0.65 0.3312500000000001 0.6203125 0.3312500000000001 0.6203125 0.440625 0.65 0.440625
2 0.740625 0.1515625000000001 0.7203125 0.1515625000000001 0.7203125 0.2390625000000001 0.740625 0.2390625000000001
0 0.3000000000000001 0.6640625 0.2875000000000001 0.6640625 0.2875000000000001 0.6859375 0.3000000000000001 0.6859375
2 0.628125 0.2640625000000001 0.6046875 0.2640625000000001 0.6046875 0.3703125000000001 0.628125 0.3703125000000001
3 0.978125 0.2843750000000001 0.9515625 0.2843750000000001 0.9515625 0.39531250000000007 0.978125 0.39531250000000007
2 0.4546875 0.3750000000000001 0.4234375 0.3750000000000001 0.4234375 0.484375 0.4546875 0.484375
2 0.2968750000000001 0.5390625 0.2687500000000001 0.5390625 0.2687500000000001 0.659375 0.2968750000000001 0.659375
2 0.8125 0.3359375000000001 0.778125 0.3359375000000001 0.778125 0.44531250000000017 0.8125 0.44531250000000017
2 0.65625 0.465625 0.6296875 0.465625 0.6296875 0.5828125 0.65625 0.5828125
2 0.6671875 0.58125 0.64375 0.58125 0.64375 0.7109375 0.6671875 0.7109375
2 0.07031250000000006 0.3515625 0.042187500000000044 0.3515625 0.04218750000000005 0.4703125 0.07031250000000007 0.4703125