2 0.2140625000000001 0.509375 0.17968750000000006 0.509375 0.17968750000000006 0.6375 0.2140625000000001 0.6375
2 0.2640625000000001 0.43125 0.2296875000000001 0.43125 0.2296875000000001 0.5484375 0.2640625000000001 0.5484375
2 0.1656250000000001 0.775 0.11562500000000009 0.775 0.11562500000000012 0.9515625 0.16562500000000013 0.9515625
2 0.7171875 0.3781250000000001 0.6875 0.3781250000000001 0.6875 0.4859375 0.7171875 0.4859375
2 0.3578125000000001 0.4671875 0.3265625000000001 0.4671875 0.3265625000000001 0.584375 0.3578125000000001 0.584375
2 0.45625 0.3390625000000001 0.421875 0.3390625000000001 0.421875 0.4484375 0.45625 0.4484375
2 0.903125 0.6234375000000002 0.8703125 0.6234375000000002 0.8703125 0.7765625000000002 0.903125 0.7765625000000002
2 0.2140625000000001 0.428125 0.18437500000000004 0.428125 0.18437500000000007 0.5484375 0.2140625000000001 0.5484375
0 0.69375 0.4734375 0.6796875 0.4734375 0.6796875 0.4984375 0.69375 0.4984375
2 0.603125 0.4671875 0.5734375 0.4671875 0.5734375 0.5984375 0.603125 0.5984375
2 0.41875 0.2750000000000001 0.396875 0.2750000000000001 0.39687500000000003 0.3734375000000001 0.41875 0.3734375000000001