2 0.3125000000000001 0.50625 0.2640625000000001 0.50625 0.2640625000000001 0.6390625 0.3125000000000001 0.6390625
2 0.6859375 0.14062500000000008 0.665625 0.14062500000000008 0.665625 0.2375000000000001 0.6859375 0.2375000000000001
3 0.8328125 0.3750000000000001 0.80625 0.3750000000000001 0.80625 0.4968750000000002 0.8328125 0.4968750000000002
2 0.7656250000000001 0.7015625000000001 0.7109375 0.7015625 0.7109375000000001 0.8578125 0.7656250000000002 0.8578125
2 0.659375 0.528125 0.6234375 0.528125 0.6234375 0.6578125 0.659375 0.6578125
2 0.8375 0.6312500000000002 0.803125 0.6312500000000002 0.803125 0.80625 0.8375 0.80625
3 0.6625 0.037500000000000075 0.6421875 0.037500000000000075 0.6421875 0.11875000000000009 0.6625 0.11875000000000009
2 0.39062500000000006 0.2640625000000001 0.3671875 0.2640625000000001 0.36718750000000006 0.3687500000000001 0.3906250000000001 0.3687500000000001
2 0.28906250000000006 0.3125 0.259375 0.3125 0.259375 0.425 0.2890625000000001 0.425
2 0.871875 0.24218750000000008 0.846875 0.24218750000000008 0.846875 0.3515625000000001 0.871875 0.3515625000000001
2 0.7359375 0.14062500000000008 0.715625 0.14062500000000008 0.715625 0.2406250000000001 0.7359375 0.2406250000000001
2 0.4296875 0.2406250000000001 0.403125 0.2406250000000001 0.403125 0.3500000000000001 0.4296875 0.3500000000000001
2 0.875 0.38750000000000007 0.8390625 0.38750000000000007 0.8390625 0.5093750000000001 0.875 0.5093750000000001
0 0.3359375000000001 0.584375 0.3218750000000001 0.584375 0.3218750000000001 0.6125 0.3359375000000001 0.6125
2 0.6203125 0.415625 0.5890625 0.415625 0.5890625 0.54375 0.6203125 0.54375