2 0.596875 0.4828125 0.565625 0.4828125 0.565625 0.5828125 0.596875 0.5828125
3 0.3296875000000001 0.4140625 0.2906250000000001 0.4140625 0.2906250000000001 0.5109375 0.3296875000000001 0.5109375
2 0.55 0.3390625000000001 0.528125 0.3390625000000001 0.528125 0.3921875000000001 0.55 0.3921875000000001
2 0.29218750000000004 0.29375 0.2640625 0.29375 0.26406250000000003 0.371875 0.2921875000000001 0.371875
2 0.334375 0.2703125 0.3109375 0.2703125 0.3109375 0.3546875 0.334375 0.3546875
2 0.5484375 0.3593750000000001 0.5203125 0.3593750000000001 0.5203125 0.459375 0.5484375 0.459375
2 0.415625 0.478125 0.3656250000000001 0.478125 0.3656250000000001 0.5890625 0.415625 0.5890625
0 0.5109375 0.40625 0.5015625 0.40625 0.5015625 0.4234375 0.5109375 0.4234375
2 0.36250000000000004 0.2953125 0.33125 0.2953125 0.33125000000000004 0.3671875 0.3625000000000001 0.3671875
2 0.09375000000000012 0.896875 0.03906250000000011 0.896875 0.03906250000000012 1 0.09375000000000014 1
2 0.41875 0.2250000000000001 0.3859375 0.2250000000000001 0.3859375 0.29375000000000007 0.41875 0.29375000000000007
2 0.2515625000000001 0.4484375 0.21093750000000008 0.4484375 0.21093750000000008 0.5578125 0.2515625000000001 0.5578125
2 0.14531250000000004 0.2953125 0.10625000000000004 0.2953125 0.10625000000000004 0.3859375 0.14531250000000004 0.3859375
2 0.60625 0.3078125000000001 0.5796875 0.3078125000000001 0.5796875 0.3734375000000001 0.60625 0.3734375000000001
2 0.4625000000000001 0.684375 0.415625 0.684375 0.4156250000000001 0.809375 0.4625000000000002 0.809375