2 0.4515625 0.2484375000000001 0.4296875 0.2484375000000001 0.4296875 0.3234375000000001 0.4515625 0.3234375000000001
2 0.89375 0.2093750000000001 0.875 0.2093750000000001 0.875 0.2843750000000001 0.89375 0.2843750000000001
2 0.3859375000000001 0.43125 0.3531250000000001 0.43125 0.3531250000000001 0.521875 0.3859375000000001 0.521875
2 0.809375 0.15625000000000008 0.7859375 0.15625000000000008 0.7859375 0.2250000000000001 0.809375 0.2250000000000001
2 0.209375 0.18593750000000003 0.19062500000000004 0.18593750000000003 0.19062500000000004 0.2609375 0.209375 0.2609375
2 0.38750000000000007 0.625 0.3343750000000001 0.625 0.3343750000000001 0.7296875 0.38750000000000007 0.7296875
2 0.6171875 0.3000000000000001 0.590625 0.3000000000000001 0.590625 0.41875 0.6171875 0.41875
2 0.46875000000000017 0.7421875 0.4359375000000002 0.7421875 0.4359375000000002 0.8625 0.46875000000000017 0.8625
2 0.68125 0.1609375000000001 0.6609375 0.1609375000000001 0.6609375 0.22656250000000008 0.68125 0.22656250000000008
2 0.4953125 0.07187500000000006 0.4796875 0.07187500000000006 0.4796875 0.12187500000000004 0.4953125 0.12187500000000004
2 0.5218750000000001 0.725 0.4625 0.725 0.4625000000000001 0.8390625 0.5218750000000002 0.8390625
2 0.9234375 0.2890625000000001 0.903125 0.2890625000000001 0.903125 0.3687500000000001 0.9234375 0.3687500000000001
0 0.44062500000000016 0.828125 0.42968750000000017 0.828125 0.42968750000000017 0.85 0.44062500000000016 0.85
2 0.1453125 0.1265625 0.128125 0.1265625 0.12812500000000002 0.1921875 0.14531250000000004 0.1921875
2 0.965625 0.30937500000000007 0.940625 0.30937500000000007 0.940625 0.4000000000000002 0.965625 0.4000000000000002
2 0.959375 0.45625000000000016 0.9296875 0.45625000000000016 0.9296875 0.5671875000000002 0.959375 0.5671875000000002
2 0.2484375000000001 0.475 0.2093750000000001 0.475 0.2093750000000001 0.5640625 0.2484375000000001 0.5640625
2 0.8140625 0.8265625 0.7796875000000002 0.8265625 0.7796875000000002 0.975 0.8140625 0.975
2 0.10937500000000008 0.584375 0.06875000000000006 0.584375 0.06875000000000007 0.6984375 0.10937500000000008 0.6984375
3 0.54375 0.3078125000000001 0.5203125 0.3078125000000001 0.5203125 0.3890625000000001 0.54375 0.3890625000000001
2 0.5828125 0.4375 0.553125 0.4375 0.553125 0.5375 0.5828125 0.5375