0 0.45625 0.3546875000000001 0.44375 0.3546875000000001 0.44375 0.3750000000000001 0.45625 0.3750000000000001
2 0.8234375 0.38750000000000007 0.79375 0.38750000000000007 0.79375 0.5031250000000002 0.8234375 0.5031250000000002
2 0.5421875 0.465625 0.5078125 0.465625 0.5078125 0.6125 0.5421875 0.6125
2 0.3656250000000001 0.5859375 0.32500000000000007 0.5859375 0.32500000000000007 0.7453125 0.3656250000000001 0.7453125
2 0.415625 0.36406250000000007 0.3843750000000001 0.36406250000000007 0.3843750000000001 0.471875 0.415625 0.471875
2 0.46875 0.3515625000000001 0.4421875 0.3515625000000001 0.4421875 0.4625 0.46875 0.4625
2 0.2750000000000001 0.5625 0.2390625000000001 0.5625 0.2390625000000001 0.7 0.2750000000000001 0.7
2 0.534375 0.3468750000000001 0.5046875 0.3468750000000001 0.5046875 0.4484375 0.534375 0.4484375
2 0.4890625 0.3437500000000001 0.4625 0.3437500000000001 0.4625 0.4515625 0.4890625 0.4515625
2 0.6125 0.64375 0.5734375 0.64375 0.5734375 0.803125 0.6125000000000002 0.803125
2 0.7703125 0.4343750000000002 0.7390625 0.4343750000000002 0.7390625 0.5578125000000002 0.7703125 0.5578125000000002
2 0.6734375 0.5515625 0.634375 0.5515625 0.634375 0.703125 0.6734375 0.703125
2 0.6046875 0.3468750000000001 0.5703125 0.3468750000000001 0.5703125 0.4578125 0.6046875 0.4578125
2 0.9375 0.6281250000000002 0.8859375 0.6281250000000002 0.8859375 0.8015625 0.9375 0.8015625
2 0.5859375000000001 0.603125 0.5515625 0.603125 0.5515625000000001 0.7546875 0.5859375000000002 0.7546875
2 0.38281250000000006 0.353125 0.3578125 0.353125 0.35781250000000003 0.4328125 0.3828125000000001 0.4328125
2 0.4 0.5203125 0.36406250000000007 0.5203125 0.36406250000000007 0.6578125 0.4 0.6578125