2 0.7484375 0.4515625000000002 0.7296875 0.4515625000000002 0.7296875 0.5359375000000002 0.7484375 0.5359375000000002
2 0.3312500000000001 0.5015625 0.3078125000000001 0.5015625 0.3078125000000001 0.5765625 0.3312500000000001 0.5765625
2 0.09843750000000007 0.53125 0.07343750000000007 0.53125 0.07343750000000007 0.6296875 0.09843750000000007 0.6296875
2 0.6671875 0.503125 0.646875 0.503125 0.646875 0.5890625 0.6671875 0.5890625
2 0.5718750000000001 0.7015625 0.5484375 0.7015625 0.5484375000000001 0.80625 0.5718750000000001 0.80625
2 0.5234375 0.12968750000000004 0.5046875 0.12968750000000004 0.5046875 0.18125000000000005 0.5234375 0.18125000000000005
2 0.2828125 0.2359375 0.265625 0.2359375 0.265625 0.2953125 0.2828125 0.2953125
2 0.884375 0.5937500000000002 0.85625 0.5937500000000002 0.85625 0.6765625000000002 0.884375 0.6765625000000002
2 0.6125 0.2234375000000001 0.5921875 0.2234375000000001 0.5921875 0.2796875000000001 0.6125 0.2796875000000001
2 0.54375 0.2953125000000001 0.53125 0.2953125000000001 0.53125 0.3671875000000001 0.54375 0.3671875000000001
2 0.86875 0.6609375000000002 0.84375 0.6609375000000002 0.84375 0.7656250000000002 0.86875 0.7656250000000002
2 0.703125 0.2656250000000001 0.6828125 0.2656250000000001 0.6828125 0.3234375000000001 0.703125 0.3234375000000001
2 0.17656250000000004 0.328125 0.15625000000000006 0.328125 0.15625000000000006 0.39375 0.17656250000000004 0.39375
3 0.1078125 0.1125 0.08906250000000002 0.1125 0.08906250000000002 0.15625 0.1078125 0.15625
2 0.803125 0.40937500000000016 0.7859375 0.40937500000000016 0.7859375 0.4906250000000002 0.803125 0.4906250000000002
2 0.05312500000000003 0.253125 0.03750000000000003 0.253125 0.03750000000000003 0.3140625 0.05312500000000005 0.3140625
0 0.3531250000000001 0.540625 0.3453125000000001 0.540625 0.3453125000000001 0.5546875 0.3531250000000001 0.5546875
3 0.5578125 0.3062500000000001 0.5421875 0.3062500000000001 0.5421875 0.3812500000000001 0.5578125 0.3812500000000001
2 0.2140625 0.284375 0.19218750000000004 0.284375 0.19218750000000004 0.35 0.2140625 0.35
2 0.590625 0.37968750000000007 0.575 0.37968750000000007 0.575 0.45 0.590625 0.45
2 0.625 0.2000000000000001 0.6125 0.2000000000000001 0.6125 0.2562500000000001 0.625 0.2562500000000001
2 0.6015625000000002 0.8046875 0.5656250000000002 0.8046875 0.5656250000000002 0.909375 0.6015625000000002 0.909375
2 0.2046875 0.15937500000000004 0.1859375 0.15937500000000004 0.18593750000000003 0.209375 0.2046875 0.209375