2 0.23437500000000006 0.346875 0.215625 0.346875 0.21562500000000004 0.41875 0.23437500000000008 0.41875
2 0.021875000000000096 0.734375 8.993499931238375e-17 0.734375 9.634525990167068e-17 0.8390625 0.021875000000000106 0.8390625
2 0.5078125 0.45625 0.484375 0.45625 0.484375 0.5375 0.5078125 0.5375
2 0.30156250000000007 0.3703125 0.2812500000000001 0.3703125 0.2812500000000001 0.44375 0.30156250000000007 0.44375
2 0.3765625 0.30156250000000007 0.3578125 0.3015625 0.3578125 0.35781250000000003 0.3765625 0.3578125000000001
0 0.4671875 0.3187500000000001 0.4609375 0.3187500000000001 0.4609375 0.3296875000000001 0.4671875 0.3296875000000001
2 0.803125 0.6843750000000002 0.775 0.6843750000000002 0.7750000000000001 0.7859375000000002 0.803125 0.7859375000000002
2 0.5421875 0.3843750000000001 0.521875 0.3843750000000001 0.521875 0.4515625 0.5421875 0.4515625
2 0.01250000000000005 0.3640625 4.4584797531458325e-17 0.3640625 4.898587196589413e-17 0.4359375 0.012500000000000056 0.4359375
2 0.446875 0.2750000000000001 0.425 0.2750000000000001 0.425 0.32500000000000007 0.446875 0.32500000000000007
2 0.6484375 0.3937500000000001 0.6265625 0.3937500000000001 0.6265625 0.475 0.6484375 0.475
3 0.5265625 0.4109375 0.50625 0.4109375 0.50625 0.4828125 0.5265625 0.4828125
2 0.6734375 0.34062500000000007 0.646875 0.34062500000000007 0.646875 0.4125 0.6734375 0.4125
2 0.4125 0.2953125000000001 0.3859375 0.2953125000000001 0.3859375 0.3515625000000001 0.4125 0.3515625000000001
2 0.1437500000000001 0.596875 0.1140625000000001 0.596875 0.1140625000000001 0.69375 0.1437500000000001 0.69375
2 0.3515625000000001 0.7546875 0.3218750000000001 0.7546875 0.3218750000000001 0.865625 0.3515625000000001 0.865625
2 0.2906250000000001 0.5796875 0.2656250000000001 0.5796875 0.2656250000000001 0.6640625 0.2906250000000001 0.6640625
2 0.415625 0.3593750000000001 0.39375 0.3593750000000001 0.39375000000000004 0.434375 0.415625 0.434375
2 0.6984375 0.428125 0.6703125 0.428125 0.6703125 0.5078125 0.6984375 0.5078125
2 0.4703125 0.2796875000000001 0.4484375 0.2796875000000001 0.4484375 0.3296875000000001 0.4703125 0.3296875000000001