2 0.2218750000000001 0.446875 0.18593750000000003 0.446875 0.18593750000000003 0.5265625 0.2218750000000001 0.5265625
3 0.14843750000000006 0.2375 0.12187500000000004 0.2375 0.12187500000000004 0.2953125 0.14843750000000006 0.2953125
2 0.875 0.2609375000000001 0.853125 0.2609375000000001 0.853125 0.3421875000000001 0.875 0.3421875000000001
3 0.5828125 0.4046875 0.5515625 0.4046875 0.5515625 0.4890625 0.5828125 0.4890625
2 0.4703125 0.503125 0.43125 0.503125 0.43125 0.5984375 0.4703125 0.5984375
2 0.6171875000000002 0.7609375 0.5687500000000002 0.7609375 0.5687500000000002 0.88125 0.6171875000000002 0.88125
0 0.4453125 0.4578125 0.4390625 0.4578125 0.4390625 0.4734375 0.4453125 0.4734375
2 0.8265625 0.3343750000000001 0.8078125 0.3343750000000001 0.8078125 0.4234375000000002 0.8265625 0.4234375000000002
2 0.8609375 0.42187500000000017 0.8390625 0.42187500000000017 0.8390625 0.5187500000000002 0.8609375 0.5187500000000002
2 0.9625 0.3234375000000001 0.9421875 0.3234375000000001 0.9421875 0.4125000000000002 0.9625 0.4125000000000002
2 0.3500000000000001 0.74375 0.3156250000000001 0.74375 0.3156250000000001 0.865625 0.3500000000000001 0.865625
2 0.17343750000000008 0.5875 0.1359375000000001 0.5875 0.1359375000000001 0.703125 0.17343750000000008 0.703125
2 0.28125000000000006 0.3328125 0.2625 0.3328125 0.26250000000000007 0.4046875 0.2812500000000001 0.4046875
2 0.8390625 0.24218750000000008 0.81875 0.24218750000000008 0.81875 0.3187500000000001 0.8390625 0.3187500000000001
2 0.4578125 0.4 0.446875 0.4 0.446875 0.44375 0.4578125 0.44375
2 0.475 0.3984375000000001 0.440625 0.3984375000000001 0.440625 0.4890625 0.475 0.4890625
2 0.628125 0.3234375000000001 0.5984375 0.3234375000000001 0.5984375 0.4 0.628125 0.4
2 0.3031250000000001 0.365625 0.2750000000000001 0.365625 0.2750000000000001 0.4484375 0.3031250000000001 0.4484375
2 0.95 0.4234375000000002 0.9234375 0.4234375000000002 0.9234375 0.5187500000000002 0.95 0.5187500000000002