2 0.18593750000000003 0.4171875 0.15937500000000004 0.4171875 0.15937500000000004 0.5421875 0.18593750000000003 0.5421875
2 0.23125 0.007812500000000026 0.209375 0.007812500000000024 0.209375 0.08437500000000002 0.23125 0.08437500000000002
2 0.3265625 0.2171875 0.3015625 0.2171875 0.3015625 0.3171875 0.3265625 0.3171875
2 0.09843750000000002 0.165625 0.07187500000000002 0.165625 0.07187500000000002 0.2671875 0.09843750000000002 0.2671875
0 0.6296875 0.575 0.6171875 0.575 0.6171875 0.59375 0.6296875 0.59375
2 0.678125 0.465625 0.646875 0.465625 0.646875 0.609375 0.678125 0.609375
3 0.014062500000000052 0.38125 4.6689659217492845e-17 0.38125 5.338694640032993e-17 0.490625 0.014062500000000061 0.490625
2 0.1531250000000001 0.5984375 0.11875000000000009 0.5984375 0.11875000000000009 0.7359375 0.1531250000000001 0.7359375
2 0.3796875 0.21718750000000003 0.35 0.2171875 0.35 0.32656250000000003 0.3796875 0.3265625000000001
2 0.721875 0.2140625000000001 0.69375 0.2140625000000001 0.69375 0.3234375000000001 0.721875 0.3234375000000001
2 0.18437500000000007 0.50625 0.14218750000000005 0.50625 0.14218750000000008 0.6328125 0.1843750000000001 0.6328125
2 0.1453125000000001 0.5796875 0.12656250000000008 0.5796875 0.12656250000000008 0.6390625 0.1453125000000001 0.6390625
2 0.03125000000000004 0.228125 0.003125000000000028 0.228125 0.003125000000000034 0.3265625 0.03125000000000004 0.3265625