2 0.6125 0.27812500000000007 0.5875 0.27812500000000007 0.5875 0.3625000000000001 0.6125 0.3625000000000001
2 0.39375000000000004 0.30312500000000003 0.3625 0.303125 0.36250000000000004 0.3921875 0.3937500000000001 0.3921875000000001
2 0.4640625 0.3140625000000001 0.440625 0.3140625000000001 0.440625 0.3921875000000001 0.4640625 0.3921875000000001
2 0.4859375000000001 0.665625 0.4515625 0.665625 0.4515625000000001 0.8046875 0.4859375000000002 0.8046875
2 0.6359375 0.40625 0.609375 0.40625 0.609375 0.5140625 0.6359375 0.5140625
2 0.5937500000000002 0.7640625 0.5437500000000002 0.7640625 0.5437500000000002 0.9 0.5937500000000002 0.9
2 0.75 0.534375 0.7125 0.534375 0.7125 0.6562500000000001 0.75 0.6562500000000002
2 0.7640625 0.2390625000000001 0.7421875 0.2390625000000001 0.7421875 0.3390625000000001 0.7640625 0.3390625000000001
2 0.915625 0.3843750000000001 0.8875 0.3843750000000001 0.8875 0.48750000000000016 0.915625 0.48750000000000016
2 0.16250000000000006 0.4921875 0.13750000000000004 0.4921875 0.13750000000000007 0.603125 0.1625000000000001 0.603125
2 0.53125 0.34062500000000007 0.5015625 0.34062500000000007 0.5015625 0.4265625 0.53125 0.4265625
2 0.11562500000000012 0.7734375 0.07187500000000009 0.7734375 0.0718750000000001 0.9296875 0.11562500000000013 0.9296875
2 0.4828125 0.22656250000000008 0.4578125 0.22656250000000008 0.4578125 0.30156250000000007 0.4828125 0.30156250000000007
2 0.3109375000000001 0.3828125 0.2828125000000001 0.3828125 0.2828125000000001 0.484375 0.3109375000000001 0.484375
2 0.7640625 0.18906250000000008 0.74375 0.18906250000000008 0.74375 0.2765625000000001 0.7640625 0.2765625000000001
3 0.6125 0.11093750000000009 0.5921875 0.11093750000000009 0.5921875 0.18125000000000008 0.6125 0.18125000000000008
2 0.7296875 0.3437500000000001 0.69375 0.3437500000000001 0.69375 0.4375000000000001 0.7296875 0.43750000000000017
0 0.7140625 0.421875 0.703125 0.421875 0.703125 0.4359375 0.7140625 0.4359375
3 0.6125 0.4609375 0.58125 0.4609375 0.58125 0.56875 0.6125 0.56875