3 0.2015625000000001 0.90625 0.1703125000000001 0.90625 0.17031250000000012 0.996875 0.2015625000000001 0.996875
2 0.12968750000000004 0.3125 0.10468750000000004 0.3125 0.10468750000000004 0.3921875 0.12968750000000004 0.3921875
2 0.296875 0.2671875 0.2796875 0.2671875 0.2796875 0.3359375 0.296875 0.3359375
2 0.8390625 0.3296875000000001 0.821875 0.3296875000000001 0.821875 0.4109375000000002 0.8390625 0.4109375000000002
2 0.05781250000000008 0.525 0.017187500000000067 0.525 0.01718750000000007 0.6359375 0.057812500000000086 0.6359375
2 0.578125 0.5890625 0.5359375 0.5890625 0.5359375 0.7015625 0.578125 0.7015625
2 0.7765625 0.6250000000000002 0.740625 0.6250000000000002 0.7406250000000001 0.7343750000000002 0.7765625000000002 0.7343750000000002
3 0.1 0.109375 0.08125000000000002 0.109375 0.08125000000000002 0.1625 0.1 0.1625
2 0.5515625 0.5515625 0.5234375 0.5515625 0.5234375 0.65 0.5515625 0.65
2 0.9734375 0.4390625000000002 0.94375 0.4390625000000002 0.94375 0.5343750000000002 0.9734375 0.5343750000000002
2 0.5078125 0.2953125000000001 0.4859375 0.2953125000000001 0.4859375 0.3781250000000001 0.5078125 0.3781250000000001
3 0.5390625 0.3109375000000001 0.5171875 0.3109375000000001 0.5171875 0.3843750000000001 0.5390625 0.3843750000000001
2 0.7546875 0.2390625000000001 0.7265625 0.2390625000000001 0.7265625 0.3453125000000001 0.7546875 0.3453125000000001
2 0.3109375000000001 0.7609375 0.2765625000000001 0.7609375 0.2765625000000001 0.846875 0.3109375000000001 0.846875
2 0.05156250000000003 0.24375 0.023437500000000028 0.24375 0.023437500000000035 0.315625 0.051562500000000046 0.315625
2 0.3609375000000001 0.7375 0.32500000000000007 0.7375 0.32500000000000007 0.8328125 0.3609375000000001 0.8328125
2 0.5421875 0.19375000000000003 0.5234375 0.19375000000000003 0.5234375 0.2593750000000001 0.5421875 0.2593750000000001
0 0.2968750000000001 0.8359375 0.2843750000000001 0.8359375 0.2843750000000001 0.8578125 0.2968750000000001 0.8578125
2 0.65 0.19687500000000008 0.634375 0.19687500000000008 0.634375 0.26250000000000007 0.65 0.26250000000000007
2 0.825 0.3046875000000001 0.8046875 0.3046875000000001 0.8046875 0.3890625000000001 0.825 0.3890625000000001
2 0.409375 0.14843750000000006 0.3921875 0.14843750000000006 0.3921875 0.2000000000000001 0.409375 0.2000000000000001