2 0.590625 0.2796875000000001 0.56875 0.2796875000000001 0.56875 0.3453125000000001 0.590625 0.3453125000000001
2 0.37812500000000004 0.3140625 0.3578125 0.3140625 0.35781250000000003 0.39375000000000004 0.3781250000000001 0.3937500000000001
2 0.48125 0.3609375000000001 0.4546875 0.3609375000000001 0.4546875 0.4328125 0.48125 0.4328125
0 0.421875 0.3937500000000001 0.4125 0.3937500000000001 0.4125 0.40625 0.421875 0.40625
2 0.8765625 0.4078125000000002 0.8453125 0.4078125000000002 0.8453125 0.48437500000000017 0.8765625 0.48437500000000017
3 0.75625 0.4312500000000002 0.7265625 0.4312500000000002 0.7265625 0.5203125000000002 0.75625 0.5203125000000002
3 0.51875 0.16718750000000004 0.5046875 0.16718750000000004 0.5046875 0.2234375000000001 0.51875 0.2234375000000001
1 0.06093750000000005 0.3296875 0.043750000000000046 0.3296875 0.04375000000000005 0.415625 0.06093750000000005 0.415625
2 0.2093750000000001 0.6921875 0.18125000000000008 0.6921875 0.18125000000000008 0.796875 0.2093750000000001 0.796875
2 0.58125 0.2250000000000001 0.5609375 0.2250000000000001 0.5609375 0.2921875000000001 0.58125 0.2921875000000001
2 0.3640625 0.27656250000000004 0.3421875 0.2765625 0.3421875 0.34687500000000004 0.3640625 0.3468750000000001
2 0.33281250000000007 0.571875 0.2984375000000001 0.571875 0.2984375000000001 0.66875 0.33281250000000007 0.66875
2 0.03593750000000006 0.4515625 0.014062500000000056 0.4515625 0.014062500000000061 0.553125 0.03593750000000007 0.553125
2 0.9015625 0.30156250000000007 0.871875 0.30156250000000007 0.871875 0.3734375000000001 0.9015625 0.3734375000000001
2 1 0.5546875000000002 0.978125 0.5546875000000002 0.978125 0.6578125000000001 1 0.6578125000000001
2 0.3859375000000001 0.4140625 0.3656250000000001 0.4140625 0.3656250000000001 0.4953125 0.3859375000000001 0.4953125