2 0.96875 0.13906250000000014 0.9390625 0.13906250000000014 0.9390625 0.21875000000000008 0.96875 0.21875000000000008
2 0.04531250000000006 0.415625 0.004687500000000051 0.415625 0.004687500000000057 0.5140625 0.04531250000000007 0.5140625
2 0.534375 0.2062500000000001 0.509375 0.2062500000000001 0.509375 0.2953125000000001 0.534375 0.2953125000000001
0 0.3187500000000001 0.5 0.3046875000000001 0.5 0.3046875000000001 0.5203125 0.3187500000000001 0.5203125
2 0.878125 0.7375000000000002 0.834375 0.7375000000000002 0.834375 0.8703125 0.878125 0.8703125
2 0.32656250000000003 0.2890625 0.3 0.2890625 0.30000000000000004 0.3734375 0.3265625000000001 0.3734375
2 0.925 0.2750000000000001 0.890625 0.2750000000000001 0.890625 0.36406250000000007 0.925 0.36406250000000007
2 0.4578125 0.05156250000000005 0.4359375 0.051562500000000046 0.4359375 0.14375000000000004 0.4578125 0.14375000000000004
2 0.5984375 0.3968750000000001 0.5546875 0.3968750000000001 0.5546875 0.5046875 0.5984375 0.5046875
2 0.8234375 0.1921875000000001 0.8015625 0.1921875000000001 0.8015625 0.2812500000000001 0.8234375 0.2812500000000001
2 0.34843750000000007 0.3609375 0.3 0.3609375 0.30000000000000004 0.4453125 0.34843750000000007 0.4453125
2 0.6265625 0.5140625 0.596875 0.5140625 0.596875 0.6171875 0.6265625 0.6171875
2 0.903125 0.3281250000000001 0.859375 0.3281250000000001 0.859375 0.4359375000000002 0.903125 0.4359375000000002
2 0.1921875000000001 0.7203125 0.1671875000000001 0.7203125 0.1671875000000001 0.7640625 0.1921875000000001 0.7640625
2 0.771875 0.3031250000000001 0.740625 0.3031250000000001 0.740625 0.40937500000000016 0.771875 0.40937500000000016
2 0.5375 0.3906250000000001 0.5078125 0.3906250000000001 0.5078125 0.5015625 0.5375 0.5015625