2 0.20312500000000008 0.6265625 0.15781250000000008 0.6265625 0.15781250000000008 0.7859375 0.20312500000000008 0.7859375
2 0.9390625 0.5750000000000002 0.896875 0.5750000000000002 0.896875 0.7390625000000002 0.9390625 0.7390625000000002
2 0.3359375000000001 0.63125 0.2953125000000001 0.63125 0.2953125000000001 0.80625 0.3359375000000001 0.80625
2 0.13281250000000008 0.5875 0.09843750000000007 0.5875 0.09843750000000008 0.771875 0.13281250000000008 0.771875
2 0.89375 0.5828125000000002 0.85 0.5828125000000002 0.85 0.7437500000000001 0.89375 0.7437500000000001
3 0.053125000000000075 0.571875 0.0015625000000000701 0.571875 0.0015625000000000795 0.7234375 0.05312500000000009 0.7234375
0 0.515625 0.6265625 0.4984375 0.6265625 0.4984375 0.659375 0.515625 0.659375
2 0.5390625000000002 0.9296875 0.4984375000000002 0.9296875 0.4984375000000002 1 0.5390625000000002 1
2 0.10937500000000008 0.5921875 0.07187500000000006 0.5921875 0.07187500000000008 0.7625 0.10937500000000008 0.7625
2 0.4484375 0.5796875 0.4140625 0.5796875 0.4140625 0.7171875 0.4484375 0.7171875
2 0.6390625000000001 0.684375 0.5921875 0.684375 0.5921875000000001 0.8578125 0.6390625000000002 0.8578125
2 0.8296875 0.5968750000000002 0.7890625 0.5968750000000002 0.7890625000000001 0.7656250000000002 0.8296875 0.7656250000000002
2 0.7953125000000001 0.6250000000000002 0.759375 0.6250000000000002 0.7593750000000001 0.8078125 0.7953125000000002 0.8078125
2 0.5234375 0.37187500000000007 0.478125 0.37187500000000007 0.478125 0.5078125 0.5234375 0.5078125