2 0.7765625000000002 0.878125 0.7187500000000002 0.878125 0.7187500000000002 1 0.7765625000000002 1
2 0.9984375 0.3312500000000001 0.975 0.3312500000000001 0.975 0.41406250000000017 0.9984375 0.41406250000000017
2 0.55 0.5046875 0.525 0.5046875 0.525 0.5953125 0.55 0.5953125
2 0.6984375 0.3390625000000001 0.675 0.3390625000000001 0.675 0.4125 0.6984375 0.4125
0 0.4375 0.4515625 0.428125 0.4515625 0.428125 0.46875 0.4375 0.46875
2 0.3703125000000001 0.4828125 0.3453125000000001 0.4828125 0.3453125000000001 0.565625 0.3703125000000001 0.565625
2 0.40625 0.409375 0.3703125000000001 0.409375 0.3703125000000001 0.4875 0.40625 0.4875
3 0.6046875 0.19687500000000008 0.5890625 0.19687500000000008 0.5890625 0.25468750000000007 0.6046875 0.25468750000000007
2 0.8421875 0.4312500000000002 0.8109375 0.4312500000000002 0.8109375 0.5078125000000002 0.8421875 0.5078125000000002
2 0.81875 0.3984375000000001 0.796875 0.3984375000000001 0.796875 0.47187500000000016 0.81875 0.47187500000000016
2 0.6421875 0.540625 0.6125 0.540625 0.6125 0.6359375 0.6421875 0.6359375
2 0.765625 0.2890625000000001 0.74375 0.2890625000000001 0.74375 0.3500000000000001 0.765625 0.3500000000000001
3 0.8953125 0.4437500000000002 0.8625 0.4437500000000002 0.8625 0.5312500000000002 0.8953125 0.5312500000000002
2 0.4781250000000002 0.740625 0.43750000000000017 0.740625 0.43750000000000017 0.8375 0.4781250000000002 0.8375
2 0.3687500000000001 0.4046875 0.3468750000000001 0.4046875 0.3468750000000001 0.4890625 0.3687500000000001 0.4890625
2 0.22656250000000008 0.5078125 0.19218750000000004 0.5078125 0.19218750000000007 0.5984375 0.22656250000000008 0.5984375