2 0.21250000000000008 0.4140625 0.17812500000000003 0.4140625 0.17812500000000003 0.5375 0.21250000000000008 0.5375
2 0.26250000000000007 0.6640625 0.2234375000000001 0.6640625 0.2234375000000001 0.81875 0.26250000000000007 0.81875
2 0.75625 0.2140625000000001 0.7265625 0.2140625000000001 0.7265625 0.32500000000000007 0.75625 0.32500000000000007
2 0.09062500000000007 0.459375 0.05468750000000007 0.459375 0.05468750000000007 0.5921875 0.09062500000000007 0.5921875
2 0.08750000000000004 0.225 0.06250000000000003 0.225 0.06250000000000003 0.3234375 0.08750000000000005 0.3234375
2 0.2640625 3.099887210341737e-17 0.2421875 2.9659414666849956e-17 0.2421875 0.07031250000000003 0.2640625 0.07031250000000003
2 0.675 0.4703125 0.63125 0.4703125 0.63125 0.6046875 0.675 0.6046875
2 0.08125000000000007 0.609375 0.03593750000000008 0.609375 0.03593750000000008 0.7421875 0.08125000000000009 0.7421875
2 0.4078125 0.2406250000000001 0.378125 0.2406250000000001 0.378125 0.3437500000000001 0.4078125 0.3437500000000001
2 0.007812500000000045 0.315625 3.865291459808834e-17 0.315625 4.410641987554139e-17 0.4046875 0.00781250000000005 0.4046875
2 0.325 0.228125 0.2984375 0.228125 0.2984375 0.33125 0.325 0.33125
2 0.10937500000000003 0.16875 0.08281250000000002 0.16875 0.08281250000000002 0.2703125 0.10937500000000004 0.2703125
2 0.037500000000000054 0.38125 0.006250000000000047 0.38125 0.006250000000000054 0.5046875 0.03750000000000007 0.5046875
0 0.603125 0.6203125 0.590625 0.6203125 0.590625 0.6421875 0.603125 0.6421875