2 0.540625 0.4875 0.515625 0.4875 0.515625 0.5984375 0.540625 0.5984375
2 0.7890625 0.3031250000000001 0.7671875 0.3031250000000001 0.7671875 0.3921875000000001 0.7890625 0.3921875000000001
2 0.2968750000000001 0.76875 0.2578125000000001 0.76875 0.2578125000000001 0.896875 0.2968750000000001 0.896875
2 0.728125 0.4750000000000001 0.696875 0.475 0.696875 0.5734375 0.728125 0.5734375000000002
2 0.8671875 0.3656250000000001 0.846875 0.3656250000000001 0.846875 0.4546875000000002 0.8671875 0.4546875000000002
2 0.6734375 0.3500000000000001 0.653125 0.3500000000000001 0.653125 0.4390625 0.6734375 0.4390625
2 0.5203125000000001 0.70625 0.4578125 0.70625 0.45781250000000007 0.8296875 0.5203125000000002 0.8296875
2 0.5234375 0.575 0.4921875 0.575 0.4921875 0.6890625 0.5234375 0.6890625
2 0.7265625 0.3375000000000001 0.7046875 0.3375000000000001 0.7046875 0.42656250000000007 0.7265625 0.4265625000000002
2 0.5203125 0.428125 0.4953125 0.428125 0.4953125 0.5203125 0.5203125 0.5203125
2 0.984375 0.18593750000000014 0.9625 0.18593750000000014 0.9625 0.2578125000000001 0.984375 0.2578125000000001
2 0.4625 0.453125 0.4375 0.453125 0.4375 0.5546875 0.4625 0.5546875
2 0.9125 0.3656250000000001 0.8828125 0.3656250000000001 0.8828125 0.4625000000000002 0.9125 0.4625000000000002
2 0.4546875 0.3187500000000001 0.428125 0.3187500000000001 0.428125 0.4015625 0.4546875 0.4015625
2 0.31718750000000007 0.6921875 0.2734375000000001 0.6921875 0.2734375000000001 0.79375 0.31718750000000007 0.79375
2 0.746875 0.3656250000000001 0.7265625 0.3656250000000001 0.7265625 0.44843750000000016 0.746875 0.44843750000000016
2 0.6515625 0.459375 0.621875 0.459375 0.621875 0.565625 0.6515625 0.565625
0 0.42187500000000017 0.8453125 0.4046875000000002 0.8453125 0.4046875000000002 0.8671875 0.42187500000000017 0.8671875