2 0.3421875 0.25 0.321875 0.25 0.321875 0.325 0.3421875 0.325
2 0.8140625 0.3359375000000001 0.79375 0.3359375000000001 0.79375 0.4203125000000002 0.8140625 0.4203125000000002
2 0.3609375000000001 0.428125 0.3390625000000001 0.428125 0.3390625000000001 0.5203125 0.3609375000000001 0.5203125
2 0.6890625 0.18750000000000008 0.671875 0.18750000000000008 0.671875 0.2593750000000001 0.6890625 0.2593750000000001
2 0.34375000000000006 0.3375 0.3234375 0.3375 0.32343750000000004 0.4296875 0.3437500000000001 0.4296875
0 0.14687500000000003 0.49375 0.13906250000000003 0.49375 0.13906250000000003 0.5109375 0.14687500000000003 0.5109375
2 0.8265625 0.2796875000000001 0.80625 0.2796875000000001 0.80625 0.3593750000000001 0.8265625 0.3593750000000001
2 0.5375 0.2906250000000001 0.515625 0.2906250000000001 0.515625 0.3734375000000001 0.5375 0.3734375000000001
2 0.8609375 0.7921875000000002 0.821875 0.7921875000000002 0.821875 0.921875 0.8609375 0.921875
2 0.6546875 0.4609375 0.6296875 0.4609375 0.6296875 0.553125 0.6546875 0.553125
2 0.22812500000000008 0.640625 0.1765625000000001 0.640625 0.1765625000000001 0.7421875 0.22812500000000008 0.7421875
2 0.02656250000000008 0.5859375 7.175664838754022e-17 0.5859375 7.931501535102779e-17 0.709375 0.02656250000000009 0.709375
2 0.15468750000000003 0.43125 0.13281250000000006 0.43125 0.13281250000000006 0.515625 0.15468750000000003 0.515625
2 0.048437500000000036 0.2578125 0.023437500000000035 0.2578125 0.023437500000000035 0.3375 0.04843750000000004 0.3375
2 0.621875 0.2656250000000001 0.6015625 0.2656250000000001 0.6015625 0.3421875000000001 0.621875 0.3421875000000001
2 0.625 0.1281250000000001 0.6078125 0.1281250000000001 0.6078125 0.1906250000000001 0.625 0.1906250000000001
2 0.4953125 0.3375000000000001 0.465625 0.3375000000000001 0.465625 0.425 0.4953125 0.425
2 0.703125 0.5484375 0.6640625 0.5484375 0.6640625 0.659375 0.703125 0.659375
2 0.8859375 0.35625000000000007 0.859375 0.35625000000000007 0.859375 0.44531250000000017 0.8859375 0.44531250000000017
2 0.5953125 0.2218750000000001 0.575 0.2218750000000001 0.575 0.2921875000000001 0.5953125 0.2921875000000001