2 0.4875 0.45 0.45625 0.45 0.45625 0.559375 0.4875 0.559375
3 0.05781250000000008 0.5171875 0.007812500000000064 0.5171875 0.007812500000000071 0.6421875 0.057812500000000086 0.6421875
2 0.4593750000000001 0.6234375 0.41875 0.6234375 0.41875000000000007 0.7484375 0.4593750000000002 0.7484375
2 0.6390625 0.5015625 0.5921875 0.5015625 0.5921875 0.6171875 0.6390625 0.6171875
2 0.21875000000000006 0.3234375 0.18906250000000005 0.3234375 0.18906250000000005 0.4171875 0.21875000000000008 0.4171875
2 0.29687500000000006 0.3484375 0.271875 0.3484375 0.27187500000000003 0.45 0.2968750000000001 0.45
1 0.553125 0.3000000000000001 0.5265625 0.3000000000000001 0.5265625 0.40625 0.553125 0.40625
2 0.21093750000000008 0.4203125 0.17812500000000003 0.4203125 0.17812500000000003 0.5265625 0.21093750000000008 0.5265625
2 0.453125 0.45625 0.4265625 0.45625 0.4265625 0.5625 0.453125 0.5625
2 0.471875 0.5421875 0.434375 0.5421875 0.434375 0.6296875 0.471875 0.6296875
2 0.3781250000000001 0.6953125 0.3343750000000001 0.6953125 0.3343750000000001 0.825 0.3781250000000001 0.825
2 0.18906250000000005 0.31875 0.15781250000000005 0.31875 0.15781250000000005 0.4234375 0.18906250000000005 0.4234375
2 0.6984375 0.5296875 0.66875 0.5296875 0.66875 0.640625 0.6984375 0.640625