2 0.4703125 0.2796875000000001 0.4515625 0.2796875000000001 0.4515625 0.3593750000000001 0.4703125 0.3593750000000001
2 0.06250000000000004 0.340625 0.043750000000000046 0.340625 0.04375000000000005 0.425 0.06250000000000004 0.425
2 0.38750000000000007 0.4375 0.3671875000000001 0.4375 0.3671875000000001 0.525 0.38750000000000007 0.525
2 0.2 0.2390625 0.18437500000000004 0.2390625 0.18437500000000004 0.309375 0.2 0.309375
2 0.09218750000000012 0.8625 0.06093750000000011 0.8625 0.06093750000000011 0.99375 0.09218750000000012 0.99375
2 0.8546875 0.4437500000000002 0.825 0.4437500000000002 0.825 0.5250000000000001 0.8546875 0.5250000000000001
2 0.6640625000000001 0.634375 0.634375 0.634375 0.6343750000000001 0.74375 0.6640625000000002 0.74375
2 0.09218750000000006 0.384375 0.07031250000000004 0.384375 0.07031250000000006 0.4703125 0.09218750000000006 0.4703125
2 0.4625 0.39531250000000007 0.4421875 0.39531250000000007 0.4421875 0.4796875 0.4625 0.4796875
2 0.10000000000000009 0.6234375 0.07968750000000006 0.6234375 0.07968750000000008 0.7265625 0.10000000000000009 0.7265625
0 0.6703125 0.63125 0.6609375 0.63125 0.6609375 0.65 0.6703125 0.65
2 0.8578125 0.6078125000000002 0.8328125 0.6078125000000002 0.8328125 0.7031250000000002 0.8578125 0.7031250000000002
2 0.6015625 0.5359375 0.56875 0.5359375 0.56875 0.625 0.6015625 0.625
1 0.640625 0.19531250000000008 0.6234375 0.19531250000000008 0.6234375 0.2593750000000001 0.640625 0.2593750000000001
2 0.7109375 0.434375 0.6875 0.434375 0.6875 0.5203125 0.7109375 0.5203125
3 0.2375000000000001 0.509375 0.2140625000000001 0.509375 0.2140625000000001 0.609375 0.2375000000000001 0.609375
2 0.6859375000000001 0.6578125 0.646875 0.6578125 0.6468750000000001 0.759375 0.6859375000000002 0.759375