2 0.5234375 0.2671875000000001 0.5015625 0.2671875000000001 0.5015625 0.3437500000000001 0.5234375 0.3437500000000001
2 0.3812500000000001 0.5171875 0.3515625000000001 0.5171875 0.3515625000000001 0.5765625 0.3812500000000001 0.5765625
2 0.20468750000000008 0.440625 0.17968750000000006 0.440625 0.17968750000000006 0.5296875 0.20468750000000008 0.5296875
2 0.7640625 0.1984375000000001 0.74375 0.1984375000000001 0.74375 0.27031250000000007 0.7640625 0.27031250000000007
2 0.1531250000000001 0.5578125 0.11875000000000009 0.5578125 0.11875000000000009 0.6578125 0.1531250000000001 0.6578125
0 0.4375 0.528125 0.4265625 0.528125 0.4265625 0.546875 0.4375 0.546875
2 0.3515625000000001 0.5265625 0.31718750000000007 0.5265625 0.31718750000000007 0.6203125 0.3515625000000001 0.6203125
1 0.3703125 0.14843750000000006 0.3515625 0.14843750000000006 0.3515625 0.21562500000000004 0.3703125 0.2156250000000001
2 0.17968750000000006 0.4171875 0.15000000000000005 0.4171875 0.15000000000000005 0.503125 0.17968750000000006 0.503125
3 0.6609375 0.4 0.6328125 0.4 0.6328125 0.4859375 0.6609375 0.4859375
2 0.4734375 0.4515625 0.44375 0.4515625 0.44375 0.540625 0.4734375 0.540625
2 0.759375 0.3625000000000001 0.7390625 0.3625000000000001 0.7390625 0.4515625000000002 0.759375 0.4515625000000002
2 0.6765625 0.5890625 0.646875 0.5890625 0.646875 0.684375 0.6765625 0.684375
2 0.3812500000000001 0.55 0.3421875000000001 0.55 0.3421875000000001 0.6359375 0.3812500000000001 0.6359375
2 0.3921875000000001 0.478125 0.3625000000000001 0.478125 0.3625000000000001 0.5421875 0.3921875000000001 0.5421875
3 0.8125 9.825877052533841e-17 0.7921875 9.701498861995439e-17 0.7921875 0.021875000000000096 0.8125 0.0218750000000001
2 0.5718750000000001 0.6890625 0.5375 0.6890625 0.5375000000000001 0.796875 0.5718750000000001 0.796875
2 0.4296875000000001 0.659375 0.3906250000000001 0.659375 0.3906250000000001 0.7703125 0.42968750000000017 0.7703125
2 0.37031250000000004 0.33593750000000006 0.340625 0.3359375 0.34062500000000007 0.415625 0.3703125000000001 0.415625
2 0.7703125000000001 0.6937500000000002 0.734375 0.6937500000000002 0.7343750000000001 0.815625 0.7703125000000002 0.815625
2 0.6875 0.559375 0.6625 0.559375 0.6625 0.659375 0.6875 0.659375