2 0.5703125 0.3781250000000001 0.5390625 0.3781250000000001 0.5390625 0.4609375 0.5703125 0.4609375
2 0.4828125 0.46875 0.43125 0.46875 0.43125 0.56875 0.4828125 0.56875
2 0.6765625 0.3109375000000001 0.6421875 0.3109375000000001 0.6421875 0.3921875000000001 0.6765625 0.3921875000000001
2 0.28125000000000006 0.2953125 0.2421875 0.2953125 0.24218750000000006 0.384375 0.2812500000000001 0.384375
2 0.15468750000000003 0.3140625 0.11875000000000005 0.3140625 0.11875000000000005 0.3875 0.15468750000000003 0.3875
0 0.4609375 0.3703125000000001 0.4515625 0.3703125000000001 0.4515625 0.3890625000000001 0.4609375 0.3890625000000001
2 0.6125 0.3125000000000001 0.5859375 0.3125000000000001 0.5859375 0.3765625000000001 0.6125 0.3765625000000001
2 0.4671875 0.2218750000000001 0.4359375 0.2218750000000001 0.4359375 0.2875000000000001 0.4671875 0.2875000000000001
2 0.4 0.27812500000000007 0.3625 0.278125 0.3625 0.34843750000000007 0.4 0.34843750000000007
2 0.08125000000000013 0.8984375 0.03593750000000011 0.8984375 0.035937500000000115 0.9984375 0.08125000000000013 0.9984375
2 0.5218750000000001 0.7 0.4703125 0.7 0.4703125000000001 0.8203125 0.5218750000000002 0.8203125
3 0.434375 0.4390625 0.39531250000000007 0.4390625 0.39531250000000007 0.5375 0.434375 0.5375
2 0.446875 0.3140625000000001 0.4125 0.3140625000000001 0.4125 0.4046875 0.446875 0.4046875
2 0.13281250000000008 0.6890625 0.08750000000000009 0.6890625 0.0875000000000001 0.8203125 0.13281250000000008 0.8203125
2 0.665625 0.5078125 0.63125 0.5078125 0.63125 0.6125 0.665625 0.6125
2 0.3500000000000001 0.440625 0.3203125000000001 0.440625 0.3203125000000001 0.540625 0.3500000000000001 0.540625