2 0.878125 0.3078125000000001 0.8546875 0.3078125000000001 0.8546875 0.41718750000000016 0.878125 0.41718750000000016
3 0.02656250000000001 0.046875 0.007812500000000005 0.046875 0.00781250000000001 0.115625 0.02656250000000001 0.115625
2 0.5281250000000002 0.7828125 0.4890625000000002 0.7828125 0.4890625000000002 0.9453125 0.5281250000000002 0.9453125
2 0.4484375 0.3156250000000001 0.4296875 0.3156250000000001 0.4296875 0.4125 0.4484375 0.4125
2 0.32656250000000003 0.2703125 0.3046875 0.2703125 0.30468750000000006 0.365625 0.3265625000000001 0.365625
2 0.18906250000000005 0.25 0.16718750000000004 0.25 0.16718750000000004 0.3390625 0.18906250000000005 0.3390625
2 0.771875 0.1828125000000001 0.746875 0.1828125000000001 0.746875 0.2687500000000001 0.771875 0.2687500000000001
3 0.13281250000000006 0.425 0.10781250000000005 0.425 0.10781250000000005 0.5359375 0.13281250000000006 0.5359375
2 0.2500000000000001 0.55 0.2218750000000001 0.55 0.2218750000000001 0.69375 0.2500000000000001 0.69375
2 0.4625 0.08437500000000006 0.4453125 0.08437500000000005 0.4453125 0.15000000000000005 0.4625 0.15000000000000005
2 0.290625 0.19375000000000003 0.2703125 0.19375000000000003 0.2703125 0.2890625 0.290625 0.2890625
2 0.3031250000000001 0.48125 0.2750000000000001 0.48125 0.2750000000000001 0.6015625 0.3031250000000001 0.6015625
0 0.7765625 0.2718750000000001 0.765625 0.2718750000000001 0.765625 0.2875000000000001 0.7765625 0.2875000000000001
2 0.22656250000000008 0.53125 0.20468750000000008 0.53125 0.20468750000000008 0.6609375 0.22656250000000008 0.6609375
2 0.19843750000000004 0.3546875 0.16562500000000005 0.3546875 0.16562500000000005 0.46875 0.19843750000000004 0.46875
2 0.04843750000000005 0.3296875 0.02031250000000004 0.3296875 0.020312500000000046 0.4453125 0.04843750000000006 0.4453125
2 0.4484375 0.2562500000000001 0.4296875 0.2562500000000001 0.4296875 0.3312500000000001 0.4484375 0.3312500000000001
2 0.35625 0.15312500000000004 0.3359375 0.15312500000000004 0.3359375 0.234375 0.35625 0.234375