2 0.609375 0.37187500000000007 0.59375 0.37187500000000007 0.59375 0.484375 0.609375 0.484375
2 0.3750000000000001 0.4921875 0.3453125000000001 0.4921875 0.3453125000000001 0.6125 0.3750000000000001 0.6125
2 0.5765625 0.3687500000000001 0.5625 0.3687500000000001 0.5625 0.484375 0.5765625 0.484375
2 0.5578125 0.5765625 0.5359375 0.5765625 0.5359375 0.703125 0.5578125 0.703125
2 0.4515625 0.36406250000000007 0.425 0.36406250000000007 0.425 0.484375 0.4515625 0.484375
2 0.5953125 0.37187500000000007 0.578125 0.37187500000000007 0.578125 0.484375 0.5953125 0.484375
2 0.35156250000000006 0.3609375 0.334375 0.3609375 0.33437500000000003 0.4859375 0.3515625000000001 0.4859375
2 0.628125 0.3625000000000001 0.60625 0.3625000000000001 0.60625 0.4875 0.628125 0.4875
2 0.7765625 0.5312500000000002 0.75625 0.5312500000000002 0.75625 0.6468750000000002 0.7765625 0.6468750000000002
2 0.6453125 0.3671875000000001 0.6234375 0.3671875000000001 0.6234375 0.490625 0.6453125 0.490625
0 0.640625 0.6125 0.628125 0.6125 0.628125 0.63125 0.640625 0.63125
2 0.8578125 0.37187500000000007 0.8328125 0.37187500000000007 0.8328125 0.4937500000000002 0.8578125 0.4937500000000002
1 0.4671875 0.17187500000000006 0.4328125 0.17187500000000006 0.4328125 0.2812500000000001 0.4671875 0.2812500000000001
2 0.515625 0.37187500000000007 0.4921875 0.37187500000000007 0.4921875 0.4890625 0.515625 0.4890625
2 0.6500000000000001 0.83125 0.6109375000000001 0.83125 0.6109375000000001 0.965625 0.6500000000000001 0.965625
2 0.3781250000000001 0.37812500000000004 0.3609375000000001 0.378125 0.3609375000000001 0.484375 0.3781250000000001 0.484375
2 0.30156250000000007 0.3453125 0.28125 0.3453125 0.28125000000000006 0.4640625 0.30156250000000007 0.4640625
2 0.8234375 0.4000000000000002 0.7921875 0.4000000000000002 0.7921875 0.48437500000000017 0.8234375 0.48437500000000017
3 0.55625 0.5625 0.528125 0.5625 0.528125 0.6109375 0.55625 0.6109375
2 0.3140625000000001 0.3859375 0.29375000000000007 0.3859375 0.29375000000000007 0.4984375 0.3140625000000001 0.4984375
2 0.540625 0.3671875000000001 0.5203125 0.3671875000000001 0.5203125 0.4859375 0.540625 0.4859375
2 0.5625 0.3750000000000001 0.5375 0.3750000000000001 0.5375 0.4859375 0.5625 0.4859375
2 0.3203125000000001 0.3640625 0.3062500000000001 0.3640625 0.3062500000000001 0.4859375 0.3203125000000001 0.4859375