2 0.3609375 0.2921875 0.3453125 0.2921875 0.3453125 0.353125 0.3609375 0.353125
2 0.9015625 0.3843750000000001 0.8828125 0.3843750000000001 0.8828125 0.44843750000000016 0.9015625 0.44843750000000016
2 0.6515625 0.25468750000000007 0.6375 0.25468750000000007 0.6375 0.3046875000000001 0.6515625 0.3046875000000001
1 0.19687500000000005 0.3875 0.17031250000000003 0.3875 0.17031250000000003 0.4484375 0.19687500000000005 0.4484375
2 0.803125 0.7218750000000002 0.7765625 0.7218750000000002 0.7765625 0.8140625 0.803125 0.8140625
2 1 0.3046875000000001 0.984375 0.3046875000000001 0.984375 0.3593750000000001 1 0.3593750000000001
2 0.8953125 0.43281250000000016 0.878125 0.43281250000000016 0.878125 0.5000000000000002 0.8953125 0.5000000000000002
2 0.2875000000000001 0.5578125 0.2640625000000001 0.5578125 0.2640625000000001 0.640625 0.2875000000000001 0.640625
3 0.8703125 0.43281250000000016 0.853125 0.43281250000000016 0.853125 0.5046875000000002 0.8703125 0.5046875000000002
2 0.66875 0.3265625000000001 0.6546875 0.3265625000000001 0.6546875 0.38750000000000007 0.66875 0.38750000000000007
2 0.5265625 0.525 0.5046875 0.525 0.5046875 0.60625 0.5265625 0.60625
2 0.8953125 0.6703125000000002 0.875 0.6703125000000002 0.875 0.7609375000000002 0.8953125 0.7609375000000002
0 0.2093750000000001 0.4375 0.20312500000000008 0.4375 0.20312500000000008 0.45 0.2093750000000001 0.45
2 0.8921875 0.5875000000000001 0.865625 0.5875000000000001 0.865625 0.6718750000000002 0.8921875 0.6718750000000002
2 0.08281250000000011 0.846875 0.05156250000000011 0.846875 0.05156250000000011 0.95 0.08281250000000011 0.95
3 0.465625 0.21093750000000008 0.453125 0.21093750000000008 0.453125 0.25468750000000007 0.465625 0.25468750000000007
2 0.5046875 0.37968750000000007 0.490625 0.37968750000000007 0.490625 0.4453125 0.5046875 0.4453125
2 0.4984375 0.603125 0.4765625 0.603125 0.4765625 0.690625 0.4984375 0.690625