0 0.1921875000000001 0.6484375 0.17968750000000008 0.6484375 0.17968750000000008 0.6734375 0.1921875000000001 0.6734375
2 0.7109375 0.3421875000000001 0.6890625 0.3421875000000001 0.6890625 0.4265625 0.7109375 0.4265625
2 0.634375 0.09218750000000006 0.6203125 0.09218750000000006 0.6203125 0.1375000000000001 0.634375 0.1375000000000001
2 0.475 0.2828125000000001 0.4546875 0.2828125000000001 0.4546875 0.3078125000000001 0.475 0.3078125000000001
2 0.9390625 0.2406250000000001 0.9171875 0.2406250000000001 0.9171875 0.3234375000000001 0.9390625 0.3234375000000001
2 0.3156250000000001 0.4453125 0.2843750000000001 0.4453125 0.2843750000000001 0.546875 0.3156250000000001 0.546875
2 0.6625 0.5015625 0.6265625 0.5015625 0.6265625 0.6125 0.6625 0.6125
2 0.4359375 0.3687500000000001 0.4046875 0.3687500000000001 0.4046875 0.475 0.4359375 0.475
2 0.6515625 0.1843750000000001 0.634375 0.1843750000000001 0.634375 0.25468750000000007 0.6515625 0.25468750000000007
2 0.18281250000000007 0.5328125 0.14375000000000004 0.5328125 0.14375000000000007 0.6359375 0.1828125000000001 0.6359375
2 0.5390625000000002 0.8421875 0.5046875000000002 0.8421875 0.5046875000000002 0.9921875 0.5390625000000002 0.9921875
2 0.4671875 0.3000000000000001 0.45 0.3000000000000001 0.45 0.37968750000000007 0.4671875 0.37968750000000007
2 0.7125 0.4671875 0.6875 0.4671875 0.6875 0.5640625 0.7125 0.5640625
2 0.8453125 0.3046875000000001 0.8203125 0.3046875000000001 0.8203125 0.3968750000000001 0.8453125 0.3968750000000001
2 0.7390625 0.15625000000000008 0.721875 0.15625000000000008 0.721875 0.21875000000000008 0.7390625 0.21875000000000008
2 0.7421875 0.5609375000000001 0.70625 0.5609375 0.70625 0.675 0.7421875 0.6750000000000002