1 0.225 0.2546875 0.20625 0.2546875 0.20625 0.340625 0.225 0.340625
2 0.6375 0.27031250000000007 0.6109375 0.27031250000000007 0.6109375 0.3500000000000001 0.6375 0.3500000000000001
2 0.7125 0.37968750000000007 0.6921875 0.37968750000000007 0.6921875 0.459375 0.7125 0.459375
2 0.9203125 0.2468750000000001 0.9 0.2468750000000001 0.9 0.3265625000000001 0.9203125 0.3265625000000001
2 0.31718750000000007 0.5953125 0.27031250000000007 0.5953125 0.27031250000000007 0.653125 0.31718750000000007 0.653125
3 0.709375 0.4484375 0.6796875 0.4484375 0.6796875 0.54375 0.709375 0.54375
2 0.20312500000000008 0.603125 0.1703125000000001 0.603125 0.1703125000000001 0.715625 0.20312500000000008 0.715625
2 0.5390625 0.3421875000000001 0.5171875 0.3421875000000001 0.5171875 0.428125 0.5390625 0.428125
3 0.815625 0.09687500000000009 0.8 0.09687500000000009 0.8 0.1546875000000001 0.815625 0.1546875000000001
2 0.6578125 0.496875 0.625 0.496875 0.625 0.5859375 0.6578125 0.5859375
0 0.2218750000000001 0.696875 0.21250000000000008 0.696875 0.21250000000000008 0.7125 0.2218750000000001 0.7125
2 0.6921875 0.3468750000000001 0.6625 0.3468750000000001 0.6625 0.421875 0.6921875 0.421875
2 0.51875 0.3781250000000001 0.4953125 0.3781250000000001 0.4953125 0.4671875 0.51875 0.4671875
2 0.4906250000000002 0.740625 0.45625000000000016 0.740625 0.45625000000000016 0.828125 0.4906250000000002 0.828125
2 0.3656250000000001 0.38750000000000007 0.34062500000000007 0.3875 0.34062500000000007 0.48125 0.3656250000000001 0.48125
2 0.23437500000000008 0.6953125 0.1984375000000001 0.6953125 0.1984375000000001 0.8109375 0.23437500000000008 0.8109375