3 0.465625 0.22812500000000008 0.4421875 0.22812500000000008 0.4421875 0.3000000000000001 0.465625 0.3000000000000001
2 0.4703125 0.4078125 0.4453125 0.4078125 0.4453125 0.4953125 0.4703125 0.4953125
2 0.5875 0.5359375 0.55625 0.5359375 0.55625 0.6453125 0.5875 0.6453125
2 0.83125 0.3781250000000001 0.80625 0.3781250000000001 0.80625 0.4500000000000002 0.83125 0.4500000000000002
2 0.85 0.7671875000000001 0.7906250000000001 0.7671875000000001 0.7906250000000001 0.890625 0.85 0.890625
3 0.884375 0.5250000000000001 0.85625 0.5250000000000001 0.85625 0.6250000000000002 0.884375 0.6250000000000002
2 0.6421875 0.428125 0.6171875 0.428125 0.6171875 0.51875 0.6421875 0.51875
2 0.921875 0.3437500000000001 0.8953125 0.3437500000000001 0.8953125 0.4203125000000002 0.921875 0.4203125000000002
2 0.984375 0.3390625000000001 0.9546875 0.3390625000000001 0.9546875 0.4187500000000002 0.984375 0.4187500000000002
2 0.5609375 0.609375 0.525 0.609375 0.525 0.71875 0.5609375 0.71875
2 0.490625 0.5390625 0.453125 0.5390625 0.453125 0.65 0.490625 0.65
0 0.803125 0.4312500000000002 0.7921875 0.4312500000000002 0.7921875 0.4500000000000002 0.803125 0.4500000000000002
2 0.8015625 0.3031250000000001 0.771875 0.3031250000000001 0.771875 0.3765625000000001 0.8015625 0.3765625000000001
2 0.7515625 0.3296875000000001 0.7328125 0.3296875000000001 0.7328125 0.40156250000000016 0.7515625 0.40156250000000016
2 0.8140625 0.37968750000000007 0.7921875 0.37968750000000007 0.7921875 0.4515625000000002 0.8140625 0.4515625000000002