2 0.3375 0.2359375 0.3109375 0.2359375 0.3109375 0.3015625 0.3375 0.3015625
2 0.68125 0.528125 0.646875 0.528125 0.646875 0.628125 0.68125 0.628125
2 0.8375 0.3531250000000001 0.8140625 0.3531250000000001 0.8140625 0.4359375000000002 0.8375 0.4359375000000002
0 0.5343750000000002 0.8265625 0.5203125000000002 0.8265625 0.5203125000000002 0.8484375 0.5343750000000002 0.8484375
2 0.7546875 0.36406250000000007 0.734375 0.36406250000000007 0.734375 0.4500000000000002 0.7546875 0.4500000000000002
2 0.525 0.3765625000000001 0.5 0.3765625000000001 0.5 0.45625 0.525 0.45625
2 0.7984375 0.1843750000000001 0.7765625 0.1843750000000001 0.7765625 0.2531250000000001 0.7984375 0.2531250000000001
2 0.17187500000000006 0.53125 0.14687500000000003 0.53125 0.14687500000000006 0.6265625 0.17187500000000008 0.6265625
2 0.646875 0.2671875000000001 0.621875 0.2671875000000001 0.621875 0.3468750000000001 0.646875 0.3468750000000001
2 0.8640625 0.5734375000000002 0.834375 0.5734375000000002 0.834375 0.6750000000000002 0.8640625 0.6750000000000002
2 0.3859375000000001 0.6203125 0.3609375000000001 0.6203125 0.3609375000000001 0.7421875 0.3859375000000001 0.7421875
2 0.45 0.22812500000000008 0.4328125 0.22812500000000008 0.4328125 0.3062500000000001 0.45 0.3062500000000001
2 0.3734375 0.24687500000000004 0.3546875 0.246875 0.3546875 0.31562500000000004 0.3734375 0.3156250000000001
2 0.6203125 0.10000000000000009 0.6015625 0.10000000000000009 0.6015625 0.1593750000000001 0.6203125 0.1593750000000001
2 0.478125 0.17031250000000003 0.45625 0.17031250000000003 0.45625 0.2296875000000001 0.478125 0.2296875000000001
2 0.45312500000000017 0.809375 0.4187500000000002 0.809375 0.4187500000000002 0.9390625 0.45312500000000017 0.9390625
2 0.12656250000000008 0.6765625 0.08750000000000009 0.6765625 0.08750000000000009 0.809375 0.12656250000000008 0.809375
2 0.36406250000000007 0.34375000000000006 0.3359375 0.34375 0.33593750000000006 0.428125 0.36406250000000007 0.428125
2 0.5734375 0.3765625000000001 0.54375 0.3765625000000001 0.54375 0.465625 0.5734375 0.465625
3 0.4296875 0.3812500000000001 0.403125 0.3812500000000001 0.403125 0.4671875 0.4296875 0.4671875
3 0.5890625 0.04375000000000007 0.5734375 0.04375000000000007 0.5734375 0.08906250000000007 0.5890625 0.08906250000000007
1 0.04843750000000003 0.1859375 0.025000000000000022 0.1859375 0.02500000000000003 0.2609375 0.048437500000000036 0.2609375