0 0.15156250000000004 0.3109375 0.13750000000000004 0.3109375 0.13750000000000004 0.3328125 0.15156250000000004 0.3328125
2 0.9515625 0.5593750000000002 0.915625 0.5593750000000002 0.915625 0.6921875000000002 0.9515625 0.6921875000000002
2 0.828125 0.2843750000000001 0.7984375 0.2843750000000001 0.7984375 0.3765625000000001 0.828125 0.3765625000000001
2 0.75625 0.2062500000000001 0.734375 0.2062500000000001 0.734375 0.28593750000000007 0.75625 0.28593750000000007
2 0.640625 0.22656250000000008 0.6234375 0.22656250000000008 0.6234375 0.3156250000000001 0.640625 0.3156250000000001
2 0.5671875 0.4453125 0.540625 0.4453125 0.540625 0.55625 0.5671875 0.55625
2 0.060937500000000054 0.434375 0.025000000000000057 0.434375 0.02500000000000006 0.5578125 0.06093750000000007 0.5578125
2 0.5484375 0.32500000000000007 0.51875 0.32500000000000007 0.51875 0.421875 0.5484375 0.421875
2 0.8578125 0.8359375 0.8140625 0.8359375 0.8140625 1 0.8578125 1
2 0.596875 0.3984375000000001 0.5703125 0.3984375000000001 0.5703125 0.50625 0.596875 0.50625
2 0.04218750000000002 0.1125 0.02031250000000001 0.1125 0.020312500000000018 0.1890625 0.042187500000000024 0.1890625
2 0.2750000000000001 0.36875 0.2453125000000001 0.36875 0.2453125000000001 0.4796875 0.2750000000000001 0.4796875
2 0.5609375 0.2515625000000001 0.5390625 0.2515625000000001 0.5390625 0.3390625000000001 0.5609375 0.3390625000000001
2 0.8484375 0.3187500000000001 0.8265625 0.3187500000000001 0.8265625 0.4156250000000002 0.8484375 0.4156250000000002
2 0.465625 0.2390625000000001 0.4390625 0.2390625000000001 0.4390625 0.3281250000000001 0.465625 0.3281250000000001
2 0.4671875 0.2140625000000001 0.446875 0.2140625000000001 0.446875 0.28593750000000007 0.4671875 0.28593750000000007
2 0.36875 0.21250000000000005 0.34375 0.2125 0.34375 0.28906250000000006 0.36875 0.2890625000000001
2 0.8265625 0.3609375000000001 0.8 0.3609375000000001 0.8 0.4625000000000002 0.8265625 0.4625000000000002
2 0.10781250000000005 0.2640625 0.07187500000000002 0.2640625 0.07187500000000004 0.34375 0.10781250000000005 0.34375
2 0.48125 0.13125000000000003 0.459375 0.13125000000000003 0.459375 0.19843750000000004 0.48125 0.19843750000000004
2 0.23906250000000004 0.325 0.2140625 0.325 0.21406250000000004 0.421875 0.2390625000000001 0.421875