2 0.27812500000000007 0.415625 0.2468750000000001 0.415625 0.2468750000000001 0.4953125 0.27812500000000007 0.4953125
0 0.19062500000000004 0.478125 0.18125000000000005 0.478125 0.18125000000000005 0.496875 0.19062500000000004 0.496875
2 0.2531250000000001 0.59375 0.22656250000000008 0.59375 0.22656250000000008 0.7296875 0.2531250000000001 0.7296875
2 0.34218750000000003 0.3015625 0.3171875 0.3015625 0.31718750000000007 0.3921875 0.3421875000000001 0.3921875
2 0.8359375 0.5375000000000002 0.796875 0.5375000000000002 0.796875 0.6500000000000001 0.8359375 0.6500000000000001
2 0.9671875 0.5656250000000002 0.9453125 0.5656250000000002 0.9453125 0.6765625000000002 0.9671875 0.6765625000000002
2 0.61875 0.4609375 0.590625 0.4609375 0.590625 0.5671875 0.61875 0.5671875
2 0.4640625 0.54375 0.4328125 0.54375 0.4328125 0.66875 0.4640625 0.66875
2 0.39843750000000006 0.3546875000000001 0.3734375 0.3546875000000001 0.37343750000000003 0.4484375 0.3984375000000001 0.4484375
2 0.50625 0.5734375 0.4609375 0.5734375 0.4609375 0.6875 0.50625 0.6875
2 0.78125 0.5750000000000002 0.7453125 0.5750000000000002 0.7453125 0.6968750000000001 0.78125 0.6968750000000001
2 1 0.5671875000000002 0.98125 0.5671875000000002 0.98125 0.6734375000000001 1 0.6734375000000001
3 0.2171875000000001 0.4875 0.18125000000000005 0.4875 0.18125000000000008 0.6078125 0.2171875000000001 0.6078125
2 0.9890625 0.5796875000000001 0.959375 0.5796875000000001 0.959375 0.6906250000000002 0.9890625 0.6906250000000002
2 0.740625 0.5406250000000001 0.709375 0.540625 0.709375 0.6609375000000001 0.740625 0.6609375000000002
2 0.18281250000000004 0.39375 0.15781250000000005 0.39375 0.15781250000000005 0.490625 0.18281250000000004 0.490625
2 0.746875 0.5000000000000001 0.7203125 0.5 0.7203125 0.58125 0.746875 0.5812500000000002
2 0.7234375 0.4453125 0.69375 0.4453125 0.69375 0.5640625 0.7234375 0.5640625