3 0.4515625 0.428125 0.4265625 0.428125 0.4265625 0.5328125 0.4515625 0.5328125
2 0.446875 0.25468750000000007 0.4234375 0.25468750000000007 0.4234375 0.33281250000000007 0.446875 0.33281250000000007
2 0.3765625 0.27968750000000003 0.3546875 0.2796875 0.35468750000000004 0.36406250000000007 0.3765625000000001 0.36406250000000007
2 0.2843750000000001 0.3703125 0.2531250000000001 0.3703125 0.2531250000000001 0.4515625 0.2843750000000001 0.4515625
2 0.19687500000000008 0.490625 0.14843750000000006 0.490625 0.14843750000000006 0.6046875 0.19687500000000008 0.6046875
2 0.8921875 0.2890625000000001 0.871875 0.2890625000000001 0.871875 0.3812500000000001 0.8921875 0.3812500000000001
2 0.49375 0.3421875000000001 0.4734375 0.3421875000000001 0.4734375 0.428125 0.49375 0.428125
2 0.1546875000000001 0.5875 0.1296875000000001 0.5875 0.1296875000000001 0.7 0.1546875000000001 0.7
2 0.4359375 0.3437500000000001 0.409375 0.3437500000000001 0.409375 0.4328125 0.4359375 0.4328125
2 0.5484375 0.2812500000000001 0.521875 0.2812500000000001 0.521875 0.3656250000000001 0.5484375 0.3656250000000001
2 0.14843750000000008 0.6546875 0.11562500000000009 0.6546875 0.11562500000000009 0.775 0.14843750000000008 0.775
3 0.325 0.2375 0.303125 0.2375 0.303125 0.3046875 0.325 0.3046875
2 0.7171875 0.5 0.6890625 0.5 0.6890625 0.60625 0.7171875 0.60625
0 0.575 0.3359375000000001 0.5671875 0.3359375000000001 0.5671875 0.3515625000000001 0.575 0.3515625000000001
2 0.5953125 0.2796875000000001 0.575 0.2796875000000001 0.575 0.34843750000000007 0.5953125 0.34843750000000007
2 0.9109375 0.40156250000000016 0.8765625 0.40156250000000016 0.8765625 0.5062500000000002 0.9109375 0.5062500000000002
2 0.60625 0.29375000000000007 0.5796875 0.29375000000000007 0.5796875 0.3906250000000001 0.60625 0.3906250000000001
2 0.9421875 0.4859375000000002 0.9171875 0.4859375000000002 0.9171875 0.6031250000000001 0.9421875 0.6031250000000001
2 0.7390625 0.2984375000000001 0.7125 0.2984375000000001 0.7125 0.3843750000000001 0.7390625 0.3843750000000001
2 0.5015625 0.45625 0.4796875 0.45625 0.4796875 0.55625 0.5015625 0.55625