2 0.27031250000000007 0.5390625 0.25468750000000007 0.5390625 0.25468750000000007 0.60625 0.27031250000000007 0.60625
2 0.7984375 0.29375000000000007 0.7859375 0.29375000000000007 0.7859375 0.3375000000000001 0.7984375 0.3375000000000001
3 0.3015625 0.2546875 0.290625 0.2546875 0.290625 0.2921875 0.3015625 0.2921875
2 0.5203125 0.41875 0.503125 0.41875 0.503125 0.471875 0.5203125 0.471875
2 0.5109375 0.31718750000000007 0.5 0.31718750000000007 0.5 0.3531250000000001 0.5109375 0.3531250000000001
2 0.5125 0.565625 0.4953125 0.565625 0.4953125 0.6359375 0.5125 0.6359375
2 0.503125 0.2593750000000001 0.4921875 0.2593750000000001 0.4921875 0.3046875000000001 0.503125 0.3046875000000001
2 0.7921875 0.6046875000000002 0.775 0.6046875000000002 0.775 0.6734375000000001 0.7921875 0.6734375000000001
2 0.7421875 0.3625000000000001 0.7296875 0.3625000000000001 0.7296875 0.41406250000000017 0.7421875 0.41406250000000017
2 0.5 0.6484375 0.4828125 0.6484375 0.4828125 0.725 0.5 0.725
3 0.5468750000000002 0.91875 0.5265625000000002 0.91875 0.5265625000000002 1 0.5468750000000002 1
2 0.4046875 0.4734375 0.3921875000000001 0.4734375 0.3921875000000001 0.534375 0.4046875 0.534375
2 0.19062500000000004 0.4671875 0.17656250000000004 0.4671875 0.17656250000000004 0.5359375 0.19062500000000004 0.5359375
2 0.6515625 0.4484375 0.6359375 0.4484375 0.6359375 0.51875 0.6515625 0.51875
3 0.4546875 0.3609375000000001 0.4421875 0.3609375000000001 0.4421875 0.4140625 0.4546875 0.4140625
2 0.690625 0.4140625 0.678125 0.4140625 0.678125 0.4703125 0.690625 0.4703125
2 0.3968750000000001 0.3734375000000001 0.3843750000000001 0.3734375000000001 0.3843750000000001 0.4296875 0.3968750000000001 0.4296875
2 0.55625 0.490625 0.5421875 0.490625 0.5421875 0.55 0.55625 0.55
2 0.2515625000000001 0.396875 0.2375000000000001 0.396875 0.2375000000000001 0.4515625 0.2515625000000001 0.4515625
2 0.5625 0.3593750000000001 0.5515625 0.3593750000000001 0.5515625 0.409375 0.5625 0.409375
2 0.4765625 0.3359375000000001 0.4640625 0.3359375000000001 0.4640625 0.3828125000000001 0.4765625 0.3828125000000001
2 0.3359375 0.3046875 0.3234375 0.3046875 0.3234375 0.3515625 0.3359375 0.3515625
2 0.8296875 0.4359375000000002 0.8171875 0.4359375000000002 0.8171875 0.49531250000000016 0.8296875 0.49531250000000016