2 0.8953125 0.1906250000000001 0.878125 0.1906250000000001 0.878125 0.2484375000000001 0.8953125 0.2484375000000001
2 0.7703125 0.4468750000000002 0.75 0.4468750000000002 0.75 0.5296875000000002 0.7703125 0.5296875000000002
2 0.621875 0.2328125000000001 0.603125 0.2328125000000001 0.603125 0.2921875000000001 0.621875 0.2921875000000001
2 0.6015625000000002 0.9640625 0.5765625000000002 0.9640625 0.5765625000000002 0.9984375 0.6015625000000002 0.9984375
2 0.5078125 0.3515625000000001 0.4875 0.3515625000000001 0.4875 0.41875 0.5078125 0.41875
2 0.640625 0.5609375 0.61875 0.5609375 0.61875 0.6421875 0.640625 0.6421875
2 0.2171875000000001 0.6546875 0.1843750000000001 0.6546875 0.1843750000000001 0.7484375 0.2171875000000001 0.7484375
2 0.8015625 0.32500000000000007 0.7875 0.32500000000000007 0.7875 0.39531250000000007 0.8015625 0.39531250000000007
2 0.2468750000000001 0.4546875 0.21250000000000008 0.4546875 0.21250000000000008 0.5375 0.2468750000000001 0.5375
2 0.7765625 0.3500000000000001 0.7609375 0.3500000000000001 0.7609375 0.4203125000000002 0.7765625 0.4203125000000002
2 0.6359375 0.6828125 0.6109375 0.6828125 0.6109375000000001 0.7875 0.6359375000000002 0.7875
2 0.384375 0.22656250000000008 0.3640625 0.22656250000000008 0.3640625 0.28593750000000007 0.384375 0.28593750000000007
2 0.9734375 0.37968750000000007 0.94375 0.37968750000000007 0.94375 0.45625000000000016 0.9734375 0.45625000000000016
2 0.78125 0.5671875000000002 0.7578125 0.5671875000000002 0.7578125 0.6546875000000002 0.78125 0.6546875000000002
0 0.2484375000000001 0.5203125 0.2406250000000001 0.5203125 0.2406250000000001 0.5328125 0.2484375000000001 0.5328125
2 0.7578125 0.2906250000000001 0.740625 0.2906250000000001 0.740625 0.3531250000000001 0.7578125 0.3531250000000001
2 0.25468750000000007 0.378125 0.22656250000000008 0.378125 0.22656250000000008 0.4484375 0.25468750000000007 0.4484375
2 1 0.42500000000000016 0.98125 0.42500000000000016 0.98125 0.5031250000000002 1 0.5031250000000002
2 0.975 0.2375000000000001 0.953125 0.2375000000000001 0.953125 0.3031250000000001 0.975 0.3031250000000001
2 0.675 0.14062500000000008 0.659375 0.14062500000000008 0.659375 0.1859375000000001 0.675 0.1859375000000001
2 0.3984375 0.09687500000000004 0.3859375 0.09687500000000004 0.3859375 0.14062500000000006 0.3984375 0.14062500000000006