2 0.6171875 0.21093750000000008 0.5984375 0.21093750000000008 0.5984375 0.2765625000000001 0.6171875 0.2765625000000001
2 0.2609375 0.26875 0.2421875 0.26875 0.2421875 0.3359375 0.2609375 0.3359375
2 0.775 0.4265625000000002 0.7453125 0.4265625000000002 0.7453125 0.5125000000000002 0.775 0.5125000000000002
3 0.11250000000000004 0.4515625 0.09062500000000004 0.4515625 0.09062500000000005 0.540625 0.11250000000000004 0.540625
0 0.7515625 0.4828125000000002 0.7421875 0.4828125000000002 0.7421875 0.4984375000000002 0.7515625 0.4984375000000002
2 0.28750000000000003 0.3484375 0.2671875 0.3484375 0.2671875 0.4203125 0.2875000000000001 0.4203125
1 0.7765625 0.23437500000000008 0.753125 0.23437500000000008 0.753125 0.3062500000000001 0.7765625 0.3062500000000001
2 0.8125 0.7562500000000002 0.7859375000000002 0.7562500000000002 0.7859375000000002 0.8625 0.8125 0.8625
2 0.2718750000000001 0.4546875 0.2453125000000001 0.4546875 0.2453125000000001 0.54375 0.2718750000000001 0.54375
2 0.640625 0.4515625 0.6171875 0.4515625 0.6171875 0.5328125 0.640625 0.5328125
2 0.2328125000000001 0.509375 0.2078125000000001 0.509375 0.2078125000000001 0.5890625 0.2328125000000001 0.5890625
2 0.2546875 0.2265625 0.2390625 0.2265625 0.2390625 0.2859375 0.2546875 0.2859375
2 0.08593750000000003 0.1125 0.07031250000000003 0.1125 0.07031250000000003 0.1734375 0.08593750000000003 0.1734375
2 0.4718750000000001 0.6890625 0.4453125 0.6890625 0.4453125000000001 0.7890625 0.47187500000000016 0.7890625
2 0.09531250000000005 0.303125 0.06875000000000005 0.303125 0.06875000000000005 0.378125 0.09531250000000005 0.378125