2 0.8796875 0.3687500000000001 0.8546875 0.3687500000000001 0.8546875 0.4468750000000002 0.8796875 0.4468750000000002
2 0.7187500000000002 0.80625 0.6625000000000002 0.80625 0.6625000000000002 0.9265625 0.7187500000000002 0.9265625
2 0.5015625 0.4421875 0.4609375 0.4421875 0.4609375 0.5125 0.5015625 0.5125
2 0.3546875000000001 0.7171875 0.3046875000000001 0.7171875 0.3046875000000001 0.8203125 0.3546875000000001 0.8203125
2 0.6421875 0.3750000000000001 0.6125 0.3750000000000001 0.6125 0.453125 0.6421875 0.453125
3 0.546875 0.3578125000000001 0.515625 0.3578125000000001 0.515625 0.428125 0.546875 0.428125
2 0.878125 0.2765625000000001 0.85625 0.2765625000000001 0.85625 0.3468750000000001 0.878125 0.3468750000000001
2 0.5796875 0.26250000000000007 0.553125 0.26250000000000007 0.553125 0.3218750000000001 0.5796875 0.3218750000000001
2 0.4703125 0.496875 0.4296875 0.496875 0.4296875 0.5828125 0.4703125 0.5828125
2 0.6796875 0.15781250000000008 0.6609375 0.15781250000000008 0.6609375 0.20468750000000008 0.6796875 0.20468750000000008
2 0.29375000000000007 0.4984375 0.2609375000000001 0.4984375 0.2609375000000001 0.5921875 0.29375000000000007 0.5921875
2 0.31562500000000004 0.3515625 0.2953125 0.3515625 0.29531250000000003 0.425 0.3156250000000001 0.425
2 0.19531250000000008 0.709375 0.1687500000000001 0.709375 0.1687500000000001 0.8234375 0.19531250000000008 0.8234375
2 0.3375 0.19375000000000003 0.315625 0.19375000000000003 0.315625 0.24375 0.3375 0.24375
2 0.4765625 0.6234375 0.4375 0.6234375 0.4375 0.7203125 0.4765625 0.7203125
2 0.78125 0.2140625000000001 0.759375 0.2140625000000001 0.759375 0.2671875000000001 0.78125 0.2671875000000001
0 0.4234375 0.5671875 0.4140625 0.5671875 0.4140625 0.584375 0.4234375 0.584375
2 0.9375 0.37187500000000007 0.915625 0.37187500000000007 0.915625 0.46093750000000017 0.9375 0.46093750000000017
2 0.928125 0.6656250000000001 0.89375 0.6656250000000001 0.89375 0.7875000000000002 0.928125 0.7875000000000002
2 0.09687500000000004 0.309375 0.05625000000000004 0.309375 0.05625000000000004 0.3765625 0.09687500000000004 0.3765625
2 0.4015625 0.2562500000000001 0.371875 0.2562500000000001 0.371875 0.3156250000000001 0.4015625 0.3156250000000001