2 0.878125 0.3062500000000001 0.853125 0.3062500000000001 0.853125 0.41718750000000016 0.878125 0.41718750000000016
2 0.026562500000000006 0.0453125 0.0062500000000000056 0.0453125 0.00625000000000001 0.115625 0.02656250000000001 0.115625
2 0.5281250000000002 0.7828125 0.4890625000000002 0.7828125 0.4890625000000002 0.946875 0.5281250000000002 0.946875
2 0.45 0.3156250000000001 0.4296875 0.3156250000000001 0.4296875 0.4140625 0.45 0.4140625
2 0.32656250000000003 0.26875 0.3046875 0.26875 0.30468750000000006 0.365625 0.3265625000000001 0.365625
2 0.18906250000000005 0.2484375 0.16718750000000004 0.2484375 0.16718750000000004 0.3375 0.18906250000000005 0.3375
2 0.771875 0.1828125000000001 0.746875 0.1828125000000001 0.746875 0.27031250000000007 0.771875 0.27031250000000007
2 0.13437500000000005 0.425 0.10781250000000005 0.425 0.10781250000000005 0.5359375 0.13437500000000005 0.5359375
2 0.2500000000000001 0.55 0.22031250000000008 0.55 0.22031250000000008 0.6921875 0.2500000000000001 0.6921875
2 0.4625 0.08281250000000005 0.4453125 0.08281250000000004 0.4453125 0.15000000000000005 0.4625 0.15000000000000005
2 0.290625 0.19218750000000004 0.2703125 0.19218750000000004 0.2703125 0.2890625 0.290625 0.2890625
2 0.30156250000000007 0.4828125 0.2750000000000001 0.4828125 0.2750000000000001 0.603125 0.30156250000000007 0.603125
0 0.775 0.27031250000000007 0.765625 0.27031250000000007 0.765625 0.2875000000000001 0.775 0.2875000000000001
2 0.2250000000000001 0.53125 0.20468750000000008 0.53125 0.20468750000000008 0.6609375 0.2250000000000001 0.6609375
2 0.19687500000000005 0.353125 0.16562500000000005 0.353125 0.16562500000000005 0.46875 0.19687500000000005 0.46875
2 0.04843750000000005 0.3296875 0.018750000000000037 0.3296875 0.018750000000000048 0.4453125 0.04843750000000006 0.4453125
2 0.45 0.2578125000000001 0.4296875 0.2578125000000001 0.4296875 0.33281250000000007 0.45 0.33281250000000007
2 0.3578125 0.15468750000000003 0.3359375 0.15468750000000003 0.3359375 0.234375 0.3578125 0.234375