2 0.5437500000000001 0.6171875 0.5125 0.6171875 0.5125000000000001 0.728125 0.5437500000000002 0.728125
2 0.228125 0.215625 0.20625 0.215625 0.20625 0.2875 0.228125 0.2875
2 0.859375 0.4046875000000002 0.8375 0.4046875000000002 0.8375 0.48750000000000016 0.859375 0.48750000000000016
2 0.815625 0.3515625000000001 0.803125 0.3515625000000001 0.803125 0.4265625000000002 0.815625 0.4265625000000002
2 0.584375 0.3296875000000001 0.5640625 0.3296875000000001 0.5640625 0.4015625 0.584375 0.4015625
2 0.99375 0.6203125000000002 0.9671875 0.6203125000000002 0.9671875 0.7281250000000001 0.99375 0.7281250000000001
2 0.5265625 0.3843750000000001 0.5015625 0.3843750000000001 0.5015625 0.4609375 0.5265625 0.4609375
2 0.8421875 0.5390625000000002 0.815625 0.5390625000000002 0.815625 0.6421875000000001 0.8421875 0.6421875000000001
2 0.721875 0.2718750000000001 0.7015625 0.2718750000000001 0.7015625 0.3468750000000001 0.721875 0.3468750000000001
2 0.634375 0.25468750000000007 0.6140625 0.25468750000000007 0.6140625 0.3265625000000001 0.634375 0.3265625000000001
2 0.7625 0.3000000000000001 0.7375 0.3000000000000001 0.7375 0.37968750000000007 0.7625 0.37968750000000007
2 0.2484375 0.290625 0.2234375 0.290625 0.2234375 0.3578125 0.2484375 0.3578125
2 0.24218750000000008 0.4109375 0.2156250000000001 0.4109375 0.2156250000000001 0.4984375 0.24218750000000008 0.4984375
2 0.61875 0.2562500000000001 0.60625 0.2562500000000001 0.60625 0.3265625000000001 0.61875 0.3265625000000001
2 0.490625 0.3421875000000001 0.4703125 0.3421875000000001 0.4703125 0.421875 0.490625 0.421875
2 0.07656250000000006 0.4625 0.046875000000000056 0.4625 0.04687500000000006 0.565625 0.07656250000000006 0.565625
2 0.425 0.3000000000000001 0.4046875 0.3000000000000001 0.4046875 0.3750000000000001 0.425 0.3750000000000001
2 0.828125 0.3546875000000001 0.80625 0.3546875000000001 0.80625 0.4390625000000002 0.828125 0.4390625000000002
2 1 0.5218750000000002 0.9828125 0.5218750000000002 0.9828125 0.6281250000000002 1 0.6281250000000002
2 0.8296875 0.43281250000000016 0.803125 0.43281250000000016 0.803125 0.5250000000000001 0.8296875 0.5250000000000001
0 0.3828125 0.3078125000000001 0.3734375 0.3078125000000001 0.3734375 0.3218750000000001 0.3828125 0.3218750000000001
2 0.85625 0.2390625000000001 0.8359375 0.2390625000000001 0.8359375 0.2968750000000001 0.85625 0.2968750000000001