2 0.6234375 0.1625000000000001 0.58125 0.1625000000000001 0.58125 0.2468750000000001 0.6234375 0.2468750000000001
0 0.55625 0.3218750000000001 0.54375 0.3218750000000001 0.54375 0.3421875000000001 0.55625 0.3421875000000001
2 0.515625 0.2656250000000001 0.48125 0.2656250000000001 0.48125 0.3750000000000001 0.515625 0.3750000000000001
3 0.21406250000000004 0.2984375 0.16875000000000004 0.2984375 0.16875000000000004 0.409375 0.2140625000000001 0.409375
2 0.3328125 0.16406250000000006 0.303125 0.16406250000000006 0.303125 0.26875 0.3328125 0.26875
2 0.58125 0.1390625000000001 0.55 0.1390625000000001 0.55 0.2390625000000001 0.58125 0.2390625000000001
2 0.8171875 0.2796875000000001 0.7890625 0.2796875000000001 0.7890625 0.4109375000000002 0.8171875 0.4109375000000002
2 0.35 0.19687500000000005 0.31875 0.19687500000000005 0.31875 0.290625 0.35 0.290625
2 0.14062500000000008 0.615625 0.08750000000000006 0.615625 0.08750000000000008 0.771875 0.14062500000000008 0.771875
2 0.471875 0.2140625000000001 0.4265625 0.2140625000000001 0.4265625 0.3078125000000001 0.471875 0.3078125000000001
2 0.17031250000000003 0.2359375 0.13593750000000004 0.2359375 0.13593750000000004 0.3453125 0.17031250000000003 0.3453125
2 0.4703125 0.32500000000000007 0.4328125 0.32500000000000007 0.4328125 0.4390625 0.4703125 0.4390625