2 0.4828125 0.3296875000000001 0.4546875 0.3296875000000001 0.4546875 0.4328125 0.4828125 0.4328125
0 0.2171875000000001 0.384375 0.2062500000000001 0.384375 0.2062500000000001 0.4015625 0.2171875000000001 0.4015625
2 0.4171875 0.4828125 0.3890625000000001 0.4828125 0.3890625000000001 0.5984375 0.4171875 0.5984375
2 0.528125 0.2375000000000001 0.5046875 0.2375000000000001 0.5046875 0.3140625000000001 0.528125 0.3140625000000001
2 0.796875 0.4734375000000002 0.76875 0.4734375000000002 0.76875 0.5828125000000002 0.796875 0.5828125000000002
2 0.30937500000000007 0.3875 0.2734375000000001 0.3875 0.2734375000000001 0.4734375 0.30937500000000007 0.4734375
3 0.6859375 0.3781250000000001 0.6609375 0.3781250000000001 0.6609375 0.4796875 0.6859375 0.4796875
2 0.3890625 0.26250000000000007 0.36875 0.26250000000000007 0.36875 0.3515625000000001 0.3890625 0.3515625000000001
2 0.8265625 0.6375000000000002 0.79375 0.6375000000000002 0.7937500000000001 0.7781250000000002 0.8265625 0.7781250000000002
2 0.5578125 0.2812500000000001 0.5296875 0.2812500000000001 0.5296875 0.3765625000000001 0.5578125 0.3765625000000001
2 0.12500000000000006 0.4046875 0.08593750000000004 0.4046875 0.08593750000000006 0.509375 0.12500000000000006 0.509375
2 0.7140625 0.34843750000000007 0.6859375 0.34843750000000007 0.6859375 0.4625 0.7140625 0.4625
2 0.521875 0.3140625000000001 0.4953125 0.3140625000000001 0.4953125 0.41875 0.521875 0.41875
2 0.3000000000000001 0.7078125 0.26250000000000007 0.7078125 0.26250000000000007 0.859375 0.3000000000000001 0.859375
2 0.8421875 0.45625000000000016 0.8109375 0.45625000000000016 0.8109375 0.5703125000000002 0.8421875 0.5703125000000002
2 0.8375 0.5734375000000002 0.8109375 0.5734375000000002 0.8109375 0.6984375000000002 0.8375 0.6984375000000002
2 0.371875 0.27031250000000007 0.346875 0.2703125 0.346875 0.35468750000000004 0.371875 0.3546875000000001