2 0.05000000000000003 0.178125 0.026562500000000024 0.178125 0.026562500000000027 0.296875 0.050000000000000044 0.296875
2 0.7421875 0.15625000000000008 0.7140625 0.15625000000000008 0.7140625 0.2562500000000001 0.7421875 0.2562500000000001
3 0.6015625 0.2531250000000001 0.56875 0.2531250000000001 0.56875 0.3703125000000001 0.6015625 0.3703125000000001
2 0.7984375 0.21250000000000008 0.771875 0.21250000000000008 0.771875 0.3281250000000001 0.7984375 0.3281250000000001
2 0.39687500000000003 0.3546875000000001 0.3640625 0.3546875000000001 0.36406250000000007 0.475 0.3968750000000001 0.475
2 0.34843750000000007 0.7 0.30937500000000007 0.7 0.30937500000000007 0.85625 0.34843750000000007 0.85625
2 0.51875 0.20312500000000008 0.478125 0.20312500000000008 0.478125 0.3046875000000001 0.51875 0.3046875000000001
2 0.9171875 0.1953125000000001 0.8859375 0.19531250000000008 0.8859375 0.3140625000000001 0.9171875 0.3140625000000001
0 0.6015625 0.2140625000000001 0.5921875 0.2140625000000001 0.5921875 0.2296875000000001 0.6015625 0.2296875000000001
2 0.534375 0.15781250000000005 0.5125 0.15781250000000005 0.5125 0.24218750000000008 0.534375 0.24218750000000008
2 0.415625 0.2640625000000001 0.384375 0.2640625000000001 0.384375 0.3859375000000001 0.415625 0.3859375000000001
2 0.63125 0.1375000000000001 0.5953125 0.1375000000000001 0.5953125 0.2312500000000001 0.63125 0.2312500000000001
2 0.353125 0.14531250000000004 0.3265625 0.14531250000000004 0.3265625 0.240625 0.353125 0.240625
2 0.5890625 0.14062500000000008 0.5578125 0.14062500000000008 0.5578125 0.23437500000000008 0.5890625 0.23437500000000008
2 0.4828125 0.15468750000000003 0.459375 0.15468750000000003 0.459375 0.2484375000000001 0.4828125 0.2484375000000001
2 0.721875 0.30156250000000007 0.6859375 0.30156250000000007 0.6859375 0.4125 0.721875 0.4125