2 0.11406250000000004 0.340625 0.09687500000000004 0.340625 0.09687500000000004 0.4140625 0.11406250000000004 0.4140625
2 0.515625 0.3468750000000001 0.496875 0.3468750000000001 0.496875 0.409375 0.515625 0.409375
2 0.421875 0.2296875000000001 0.4078125 0.2296875000000001 0.4078125 0.2890625000000001 0.421875 0.2890625000000001
2 0.7796875 0.2750000000000001 0.7640625 0.2750000000000001 0.7640625 0.34062500000000007 0.7796875 0.34062500000000007
3 0.11250000000000002 0.1453125 0.09687500000000002 0.1453125 0.09687500000000002 0.1921875 0.11250000000000004 0.1921875
2 0.16718750000000007 0.5421875 0.14531250000000004 0.5421875 0.14531250000000007 0.6390625 0.1671875000000001 0.6390625
2 0.9859375 0.5671875000000002 0.9640625 0.5671875000000002 0.9640625 0.6546875000000002 0.9859375 0.6546875000000002
2 0.8703125 0.7843750000000002 0.840625 0.7843750000000002 0.840625 0.8984375 0.8703125 0.8984375
2 0.5921875 0.14218750000000008 0.578125 0.14218750000000008 0.578125 0.1937500000000001 0.5921875 0.1937500000000001
2 0.3375000000000001 0.39375 0.3218750000000001 0.39375 0.3218750000000001 0.4671875 0.3375000000000001 0.4671875
2 0.746875 0.31718750000000007 0.73125 0.31718750000000007 0.73125 0.3812500000000001 0.746875 0.3812500000000001
2 0.2140625 0.2203125 0.19843750000000004 0.2203125 0.19843750000000004 0.28125 0.2140625 0.28125
2 0.678125 0.20468750000000008 0.659375 0.20468750000000008 0.659375 0.2593750000000001 0.678125 0.2593750000000001
3 0.54375 0.2984375000000001 0.525 0.2984375000000001 0.525 0.3671875000000001 0.54375 0.3671875000000001
2 0.83125 0.3390625000000001 0.8140625 0.3390625000000001 0.8140625 0.4109375000000002 0.83125 0.4109375000000002
0 0.3109375000000001 0.51875 0.30156250000000007 0.51875 0.30156250000000007 0.534375 0.3109375000000001 0.534375
2 0.7875 0.4203125000000002 0.7625 0.4203125000000002 0.7625 0.5015625000000001 0.7875 0.5015625000000001
2 0.640625 0.2156250000000001 0.6234375 0.2156250000000001 0.6234375 0.2765625000000001 0.640625 0.2765625000000001
2 0.453125 0.3109375000000001 0.434375 0.3109375000000001 0.434375 0.3828125000000001 0.453125 0.3828125000000001
2 0.54375 0.5625 0.5234375 0.5625 0.5234375 0.6578125 0.54375 0.6578125
2 0.6109375 0.27031250000000007 0.5953125 0.27031250000000007 0.5953125 0.3343750000000001 0.6109375 0.3343750000000001
2 0.740625 0.43437500000000007 0.7125 0.434375 0.7125 0.5140625000000001 0.740625 0.5140625000000002
2 0.2968750000000001 0.4484375 0.27812500000000007 0.4484375 0.27812500000000007 0.5234375 0.2968750000000001 0.5234375