2 0.6125 0.46875 0.590625 0.46875 0.590625 0.5609375 0.6125 0.5609375
2 0.5484375 0.4515625 0.5265625 0.4515625 0.5265625 0.5390625 0.5484375 0.5390625
2 0.23281250000000003 0.3515625 0.215625 0.3515625 0.21562500000000004 0.421875 0.2328125000000001 0.421875
2 0.590625 0.3671875000000001 0.5703125 0.3671875000000001 0.5703125 0.4421875 0.590625 0.4421875
2 0.415625 0.2000000000000001 0.3953125 0.2000000000000001 0.3953125 0.2609375000000001 0.415625 0.2609375000000001
2 0.85 0.3375000000000001 0.8296875 0.3375000000000001 0.8296875 0.41718750000000016 0.85 0.41718750000000016
2 0.4734375 0.2750000000000001 0.4609375 0.2750000000000001 0.4609375 0.33281250000000007 0.4734375 0.33281250000000007
2 0.5703125 0.3281250000000001 0.553125 0.3281250000000001 0.553125 0.39531250000000007 0.5703125 0.39531250000000007
2 0.2687500000000001 0.3734375 0.2515625000000001 0.3734375 0.2515625000000001 0.45 0.2687500000000001 0.45
2 0.5765625 0.2296875000000001 0.5625 0.2296875000000001 0.5625 0.2906250000000001 0.5765625 0.2906250000000001
2 0.2171875000000001 0.43125 0.19218750000000004 0.43125 0.19218750000000004 0.5203125 0.2171875000000001 0.5203125
2 0.25000000000000006 0.359375 0.2328125 0.359375 0.23281250000000003 0.43125 0.2500000000000001 0.43125
2 0.3312500000000001 0.5265625 0.30156250000000007 0.5265625 0.30156250000000007 0.6109375 0.3312500000000001 0.6109375
0 0.7796875 0.6234375000000002 0.7671875 0.6234375000000002 0.7671875 0.6453125000000002 0.7796875 0.6453125000000002
2 0.6734375000000001 0.734375 0.6437500000000002 0.734375 0.6437500000000002 0.8375 0.6734375000000001 0.8375
2 0.4953125 0.5953125 0.4609375 0.5953125 0.4609375 0.6828125 0.4953125 0.6828125
2 0.828125 0.5437500000000002 0.7921875 0.5437500000000002 0.7921875 0.6421875000000001 0.828125 0.6421875000000001
2 0.3109375000000001 0.425 0.2906250000000001 0.425 0.2906250000000001 0.5 0.3109375000000001 0.5
2 0.4203125 0.4546875 0.4 0.4546875 0.4 0.5296875 0.4203125 0.5296875
2 0.1765625000000001 0.55 0.15000000000000008 0.55 0.15000000000000008 0.6484375 0.1765625000000001 0.6484375
2 0.3296875 0.3125 0.315625 0.3125 0.31562500000000004 0.3796875 0.3296875000000001 0.3796875
2 0.403125 0.3453125000000001 0.3828125 0.3453125000000001 0.38281250000000006 0.421875 0.403125 0.421875
2 0.4765625 0.2953125000000001 0.459375 0.2953125000000001 0.459375 0.3578125000000001 0.4765625 0.3578125000000001