3 1 0.8796875 0.971875 0.8796875 0.971875 0.9703125 1 0.9703125
3 0.59375 0.3000000000000001 0.571875 0.3000000000000001 0.571875 0.3593750000000001 0.59375 0.3593750000000001
2 0.6859375 0.19687500000000008 0.6671875 0.19687500000000008 0.6671875 0.24375000000000008 0.6859375 0.24375000000000008
2 0.721875 0.5328125 0.6875 0.5328125 0.6875 0.60625 0.721875 0.60625
2 0.40625 0.2078125000000001 0.39375 0.2078125000000001 0.39375 0.25468750000000007 0.40625 0.25468750000000007
2 0.17500000000000004 0.215625 0.16093750000000004 0.215625 0.16093750000000004 0.2671875 0.17500000000000004 0.2671875
2 0.575 0.3750000000000001 0.55625 0.3750000000000001 0.55625 0.434375 0.575 0.434375
2 0.7984375 0.5078125000000002 0.76875 0.5078125000000002 0.76875 0.5750000000000002 0.7984375 0.5750000000000002
0 0.5593750000000002 0.871875 0.5500000000000002 0.871875 0.5500000000000002 0.8921875 0.5593750000000002 0.8921875
3 0.2390625 0.11562500000000005 0.2265625 0.11562500000000005 0.2265625 0.15625000000000006 0.2390625 0.15625000000000006
2 0.8828125 0.5687500000000002 0.8515625 0.5687500000000002 0.8515625 0.6453125000000002 0.8828125 0.6453125000000002
2 0.609375 0.48125 0.5796875 0.48125 0.5796875 0.5578125 0.609375 0.5578125
2 0.59375 0.2687500000000001 0.575 0.2687500000000001 0.575 0.3078125000000001 0.59375 0.3078125000000001
2 0.6453125 0.1921875000000001 0.6296875 0.1921875000000001 0.6296875 0.2406250000000001 0.6453125 0.2406250000000001
2 0.621875 0.16562500000000008 0.60625 0.16562500000000008 0.60625 0.21250000000000008 0.621875 0.21250000000000008
2 0.5265625 0.565625 0.49375 0.565625 0.49375 0.640625 0.5265625 0.640625
2 0.275 0.2875 0.2625 0.2875 0.2625 0.3421875 0.275 0.3421875
2 0.325 0.15156250000000004 0.3109375 0.15156250000000004 0.3109375 0.19687500000000005 0.325 0.19687500000000005
2 0.26875 0.2515625 0.2515625 0.2515625 0.2515625 0.303125 0.26875 0.303125
2 0.20312500000000008 0.496875 0.18125000000000005 0.496875 0.18125000000000008 0.58125 0.20312500000000008 0.58125
2 0.3187500000000001 0.409375 0.2984375000000001 0.409375 0.2984375000000001 0.46875 0.3187500000000001 0.46875
2 0.809375 0.43750000000000017 0.778125 0.43750000000000017 0.778125 0.5093750000000001 0.809375 0.5093750000000001
2 0.6015625000000002 0.828125 0.5718750000000001 0.828125 0.5718750000000001 0.9359375 0.6015625000000002 0.9359375
2 0.728125 0.26250000000000007 0.7078125 0.26250000000000007 0.7078125 0.3156250000000001 0.728125 0.3156250000000001