2 0.34062500000000007 0.50625 0.3140625000000001 0.50625 0.3140625000000001 0.5890625 0.34062500000000007 0.5890625
2 0.7828125 0.6015625000000002 0.753125 0.6015625000000002 0.753125 0.6953125000000002 0.7828125 0.6953125000000002
2 0.27031250000000007 0.690625 0.23593750000000008 0.690625 0.23593750000000008 0.7875 0.27031250000000007 0.7875
2 0.6890625 0.2656250000000001 0.6671875 0.2656250000000001 0.6671875 0.3312500000000001 0.6890625 0.3312500000000001
2 0.6671875 0.03281250000000008 0.6453125 0.03281250000000008 0.6453125 0.08437500000000009 0.6671875 0.08437500000000009
2 0.22812500000000008 0.4796875 0.19843750000000004 0.4796875 0.19843750000000007 0.5671875 0.22812500000000008 0.5671875
2 0.7203125 0.1609375000000001 0.6984375 0.1609375000000001 0.6984375 0.2234375000000001 0.7203125 0.2234375000000001
2 0.5390625000000002 0.7609375 0.5000000000000002 0.7609375 0.5000000000000002 0.875 0.5390625000000002 0.875
2 0.2015625000000001 0.69375 0.16562500000000008 0.69375 0.16562500000000008 0.7859375 0.2015625000000001 0.7859375
2 0.5921875 0.24375000000000008 0.5703125 0.24375000000000008 0.5703125 0.3046875000000001 0.5921875 0.3046875000000001
2 0.6203125 0.6140625 0.5859375 0.6140625 0.5859375 0.703125 0.6203125 0.703125
2 0.2609375 0.25625 0.240625 0.25625 0.240625 0.33125 0.2609375 0.33125
2 0.5171875 0.6015625 0.4828125 0.6015625 0.4828125 0.684375 0.5171875 0.684375
2 0.2171875000000001 0.3953125 0.19218750000000004 0.3953125 0.19218750000000004 0.484375 0.2171875000000001 0.484375
2 0.4359375 0.3812500000000001 0.4140625 0.3812500000000001 0.4140625 0.4609375 0.4359375 0.4609375
2 0.22187500000000004 0.2953125 0.2015625 0.2953125 0.20156250000000003 0.3703125 0.2218750000000001 0.3703125
2 0.35000000000000003 0.325 0.3296875 0.325 0.3296875 0.3921875 0.3500000000000001 0.3921875
0 0.34062500000000007 0.7953125 0.3281250000000001 0.7953125 0.3281250000000001 0.8125 0.34062500000000007 0.8125
2 0.403125 0.08750000000000005 0.3890625 0.08750000000000005 0.3890625 0.14375000000000004 0.403125 0.14375000000000004
2 0.5687500000000002 0.75 0.5296875000000002 0.75 0.5296875000000002 0.86875 0.5687500000000002 0.86875