2 0.68125 0.4375 0.659375 0.4375 0.659375 0.5203125 0.68125 0.5203125
2 0.4359375 0.515625 0.4140625 0.515625 0.4140625 0.6078125 0.4359375 0.6078125
2 0.45625 0.540625 0.4265625 0.540625 0.4265625 0.6203125 0.45625 0.6203125
2 0.79375 0.47187500000000016 0.7640625 0.47187500000000016 0.7640625 0.5546875000000002 0.79375 0.5546875000000002
2 0.5 0.2078125000000001 0.4828125 0.2078125000000001 0.4828125 0.2593750000000001 0.5 0.2593750000000001
2 0.2328125000000001 0.4828125 0.21093750000000008 0.4828125 0.21093750000000008 0.5578125 0.2328125000000001 0.5578125
2 0.6578125 0.434375 0.6328125 0.434375 0.6328125 0.509375 0.6578125 0.509375
2 0.9984375 0.6453125000000002 0.9671875 0.6453125000000002 0.9671875 0.7328125000000002 0.9984375 0.7328125000000002
2 0.9828125 0.14062500000000014 0.9703125 0.14062500000000014 0.9703125 0.18437500000000012 0.9828125 0.18437500000000012
2 0.11250000000000004 0.4375 0.09062500000000004 0.4375 0.09062500000000005 0.521875 0.11250000000000004 0.521875
2 0.8546875 0.2296875000000001 0.834375 0.2296875000000001 0.834375 0.2906250000000001 0.8546875 0.2906250000000001
2 0.18750000000000006 0.2921875 0.17031250000000003 0.2921875 0.17031250000000003 0.353125 0.18750000000000006 0.353125
2 0.4828125 0.21250000000000008 0.4625 0.21250000000000008 0.4625 0.2656250000000001 0.4828125 0.2656250000000001
2 0.384375 0.33125000000000004 0.3625 0.33125 0.36250000000000004 0.39375000000000004 0.3843750000000001 0.3937500000000001
2 0.3437500000000001 0.4875 0.3187500000000001 0.4875 0.3187500000000001 0.5671875 0.3437500000000001 0.5671875
2 0.51875 0.4578125 0.496875 0.4578125 0.496875 0.5421875 0.51875 0.5421875
0 0.6359375 0.475 0.628125 0.475 0.628125 0.4953125 0.6359375 0.4953125
2 0.296875 0.2734375 0.275 0.2734375 0.275 0.340625 0.296875 0.340625
2 0.4484375 0.2828125000000001 0.4234375 0.2828125000000001 0.4234375 0.34843750000000007 0.4484375 0.34843750000000007
2 0.615625 0.2750000000000001 0.5984375 0.2750000000000001 0.5984375 0.33281250000000007 0.615625 0.33281250000000007