2 0.28125 0.21875 0.2640625 0.21875 0.2640625 0.28125 0.28125 0.28125
2 0.4875000000000001 0.69375 0.4609375 0.69375 0.4609375000000001 0.8 0.48750000000000016 0.8
2 0.3390625000000001 0.41875 0.3156250000000001 0.41875 0.3156250000000001 0.5046875 0.3390625000000001 0.5046875
2 0.02968750000000007 0.5234375 0.009375000000000064 0.5234375 0.009375000000000069 0.6078125 0.02968750000000008 0.6078125
2 0.6109375 0.3937500000000001 0.590625 0.3937500000000001 0.590625 0.465625 0.6109375 0.465625
2 0.56875 0.3031250000000001 0.5515625 0.3031250000000001 0.5515625 0.3734375000000001 0.56875 0.3734375000000001
2 0.12812500000000004 0.421875 0.11093750000000005 0.421875 0.11093750000000005 0.509375 0.12812500000000004 0.509375
2 0.259375 0.34375 0.23125 0.34375 0.23125000000000004 0.415625 0.2593750000000001 0.415625
2 0.6109375000000001 0.8015625 0.5921875000000002 0.8015625 0.5921875000000002 0.909375 0.6109375000000001 0.909375
2 0.56875 0.5390625 0.5453125 0.5390625 0.5453125 0.6171875 0.56875 0.6171875
3 0.3171875 0.09375000000000004 0.3015625 0.09375000000000004 0.3015625 0.14218750000000005 0.3171875 0.14218750000000005
2 0.7421875 0.6109375000000001 0.715625 0.6109375 0.715625 0.7015625000000001 0.7421875 0.7015625000000002
2 0.4703125 0.39531250000000007 0.4484375 0.39531250000000007 0.4484375 0.4625 0.4703125 0.4625
2 0.07656250000000006 0.5203125 0.05156250000000007 0.5203125 0.05156250000000007 0.6109375 0.07656250000000006 0.6109375
2 0.1921875000000001 0.6734375 0.16406250000000008 0.6734375 0.16406250000000008 0.7671875 0.1921875000000001 0.7671875
2 0.057812500000000065 0.4875 0.03437500000000006 0.4875 0.03437500000000006 0.5640625 0.057812500000000065 0.5640625
0 0.5828125 0.5890625 0.575 0.5890625 0.575 0.6046875 0.5828125 0.6046875
2 0.4296875 0.13593750000000004 0.4140625 0.13593750000000004 0.4140625 0.19218750000000004 0.4296875 0.19218750000000004
2 0.4578125 0.528125 0.43125 0.528125 0.43125 0.60625 0.4578125 0.60625
2 0.2218750000000001 0.734375 0.2000000000000001 0.734375 0.2000000000000001 0.85 0.2218750000000001 0.85
2 0.20625000000000004 0.3234375 0.18906250000000005 0.3234375 0.18906250000000005 0.396875 0.2062500000000001 0.396875
3 0.2218750000000001 0.4390625 0.20312500000000008 0.4390625 0.20312500000000008 0.5234375 0.2218750000000001 0.5234375
2 0.9453125 0.34843750000000007 0.9140625 0.34843750000000007 0.9140625 0.42500000000000016 0.9453125 0.42500000000000016