2 0.978125 0.4109375000000002 0.9453125 0.4109375000000002 0.9453125 0.49218750000000017 0.978125 0.49218750000000017
2 0.640625 0.4171875 0.6171875 0.4171875 0.6171875 0.490625 0.640625 0.490625
2 0.3515625000000001 0.4234375 0.3187500000000001 0.4234375 0.3187500000000001 0.509375 0.3515625000000001 0.509375
3 0.5890625 0.1281250000000001 0.575 0.1281250000000001 0.575 0.1687500000000001 0.5890625 0.1687500000000001
2 0.5671875 0.2500000000000001 0.5453125 0.2500000000000001 0.5453125 0.3109375000000001 0.5671875 0.3109375000000001
2 0.2890625000000001 0.6734375 0.25468750000000007 0.6734375 0.25468750000000007 0.7828125 0.2890625000000001 0.7828125
2 1 0.3312500000000001 0.984375 0.3312500000000001 0.984375 0.4031250000000002 1 0.4031250000000002
2 0.5890625 0.3125000000000001 0.5703125 0.3125000000000001 0.5703125 0.3765625000000001 0.5890625 0.3765625000000001
2 0.5453125 0.4140625 0.51875 0.4140625 0.51875 0.49375 0.5453125 0.49375
2 0.4625 0.3265625000000001 0.4328125 0.3265625000000001 0.4328125 0.403125 0.4625 0.403125
2 0.653125 0.22031250000000008 0.6296875 0.22031250000000008 0.6296875 0.2750000000000001 0.653125 0.2750000000000001
2 0.4703125 0.5484375 0.44375 0.5484375 0.44375 0.6375 0.4703125 0.6375
2 0.2562500000000001 0.6046875 0.22656250000000008 0.6046875 0.22656250000000008 0.69375 0.2562500000000001 0.69375
3 0.659375 0.3437500000000001 0.6296875 0.3437500000000001 0.6296875 0.4140625 0.659375 0.4140625
0 0.2578125000000001 0.734375 0.2484375000000001 0.734375 0.2484375000000001 0.7546875 0.2578125000000001 0.7546875
2 0.6484375 0.2890625000000001 0.6203125 0.2890625000000001 0.6203125 0.3546875000000001 0.6484375 0.3546875000000001
2 0.6843750000000001 0.7140625 0.6328125 0.7140625 0.6328125000000001 0.815625 0.6843750000000002 0.815625