2 0.3125000000000001 0.74375 0.25468750000000007 0.74375 0.25468750000000007 0.8765625 0.3125000000000001 0.8765625
2 0.3828125000000001 0.596875 0.34843750000000007 0.596875 0.34843750000000007 0.6984375 0.3828125000000001 0.6984375
2 0.259375 0.3578125 0.2328125 0.3578125 0.23281250000000003 0.440625 0.2593750000000001 0.440625
2 0.9828125 0.3468750000000001 0.9515625 0.3468750000000001 0.9515625 0.4234375000000002 0.9828125 0.4234375000000002
2 0.30625 0.28125 0.284375 0.28125 0.284375 0.3484375 0.30625 0.3484375
2 0.5375 0.3937500000000001 0.503125 0.3937500000000001 0.503125 0.490625 0.5375 0.490625
0 0.8265625 0.4031250000000002 0.8171875 0.4031250000000002 0.8171875 0.4234375000000002 0.8265625 0.4234375000000002
2 0.2140625000000001 0.6703125 0.1625000000000001 0.6703125 0.1625000000000001 0.7859375 0.2140625000000001 0.7859375
2 0.4234375 0.2656250000000001 0.4015625 0.2656250000000001 0.4015625 0.3375000000000001 0.4234375 0.3375000000000001
2 0.4578125 0.4984375 0.41875 0.4984375 0.41875 0.6046875 0.4578125 0.6046875
2 0.88125 0.8859375 0.85 0.8859375 0.85 1 0.88125 1
2 0.2765625000000001 0.446875 0.24218750000000008 0.446875 0.24218750000000008 0.5359375 0.2765625000000001 0.5359375
2 0.060937500000000054 0.375 0.029687500000000044 0.375 0.02968750000000005 0.4640625 0.06093750000000007 0.4640625
2 0.03906250000000002 0.1640625 0.021875000000000023 0.1640625 0.021875000000000026 0.225 0.03906250000000002 0.225
2 0.85 0.3500000000000001 0.825 0.3500000000000001 0.825 0.43281250000000016 0.85 0.43281250000000016
2 0.4640625 0.18281250000000004 0.45 0.18281250000000004 0.45 0.2484375000000001 0.4640625 0.2484375000000001
2 0.275 0.2890625 0.2578125 0.2890625 0.25781250000000006 0.365625 0.2750000000000001 0.365625
2 0.490625 0.471875 0.45625 0.471875 0.45625 0.5734375 0.490625 0.5734375
2 0.6 0.37968750000000007 0.5796875 0.37968750000000007 0.5796875 0.46875 0.6 0.46875