2 0.15312500000000004 0.29375 0.13125000000000003 0.29375 0.13125000000000003 0.3796875 0.15312500000000004 0.3796875
2 0.2390625 0.18593750000000003 0.215625 0.18593750000000003 0.215625 0.2578125 0.2390625 0.2578125
2 0.5468750000000001 0.634375 0.51875 0.634375 0.51875 0.7671875 0.5468750000000002 0.7671875
2 0.3609375000000001 0.453125 0.3343750000000001 0.453125 0.3343750000000001 0.559375 0.3609375000000001 0.559375
2 0.3515625000000001 0.7046875 0.3203125000000001 0.7046875 0.3203125000000001 0.8390625 0.3515625000000001 0.8390625
2 0.15625000000000008 0.546875 0.12656250000000008 0.546875 0.12656250000000008 0.653125 0.15625000000000008 0.653125
2 0.33125000000000004 0.2890625 0.3140625 0.2890625 0.3140625 0.3734375 0.3312500000000001 0.3734375
0 0.846875 0.5484375000000001 0.8359375 0.5484375000000001 0.8359375 0.5640625000000001 0.846875 0.5640625000000001
2 0.41875 0.14843750000000006 0.4 0.14843750000000006 0.4 0.2171875000000001 0.41875 0.2171875000000001
1 0.8859375 0.20468750000000008 0.8625 0.20468750000000008 0.8625 0.2765625000000001 0.8859375 0.2765625000000001
2 0.5453125 0.4328125 0.51875 0.4328125 0.51875 0.5234375 0.5453125 0.5234375
2 0.032812500000000085 0.6171875 7.558366963487571e-17 0.6171875 8.304636106717989e-17 0.7390625 0.03281250000000009 0.7390625
3 0.07500000000000005 0.41875 0.05312500000000005 0.41875 0.053125000000000054 0.5109375 0.07500000000000007 0.5109375
2 0.8890625 0.47656250000000017 0.8546875 0.47656250000000017 0.8546875 0.5781250000000002 0.8890625 0.5781250000000002
2 0.5734375 0.24218750000000008 0.5484375 0.24218750000000008 0.5484375 0.3203125000000001 0.5734375 0.3203125000000001
2 0.5250000000000001 0.809375 0.4890625000000002 0.809375 0.4890625000000002 0.9390625 0.5250000000000001 0.9390625