2 0.809375 0.3046875000000001 0.7890625 0.3046875000000001 0.7890625 0.3734375000000001 0.809375 0.3734375000000001
2 0.978125 0.2296875000000001 0.9546875 0.2296875000000001 0.9546875 0.30156250000000007 0.978125 0.30156250000000007
2 0.725 0.4765625 0.7046875 0.4765625 0.7046875 0.5546875 0.725 0.5546875
2 0.746875 0.3703125000000001 0.7296875 0.3703125000000001 0.7296875 0.44843750000000016 0.746875 0.44843750000000016
2 0.27968750000000003 0.3046875 0.2609375 0.3046875 0.26093750000000004 0.3859375 0.2796875000000001 0.3859375
3 0.73125 0.4484375000000001 0.715625 0.4484375 0.715625 0.534375 0.73125 0.5343750000000002
2 0.07343750000000006 0.440625 0.04218750000000006 0.440625 0.04218750000000006 0.528125 0.07343750000000007 0.528125
2 0.6296875 0.3062500000000001 0.60625 0.3062500000000001 0.60625 0.3812500000000001 0.6296875 0.3812500000000001
0 0.3890625000000001 0.59375 0.3781250000000001 0.59375 0.3781250000000001 0.6109375 0.3890625000000001 0.6109375
2 0.26250000000000007 0.7765625 0.22812500000000008 0.7765625 0.22812500000000008 0.8875 0.26250000000000007 0.8875
2 0.58125 0.21250000000000008 0.5640625 0.21250000000000008 0.5640625 0.2750000000000001 0.58125 0.2750000000000001
2 0.22031250000000008 0.525 0.19062500000000004 0.525 0.19062500000000007 0.6078125 0.22031250000000008 0.6078125
2 0.4046875 0.496875 0.3828125000000001 0.496875 0.3828125000000001 0.5875 0.4046875 0.5875
2 0.43125 0.5 0.403125 0.5 0.403125 0.571875 0.43125 0.571875
2 0.7078125 0.5390625 0.6765625 0.5390625 0.6765625 0.6296875 0.7078125 0.6296875
2 0.9359375 0.8203125 0.9015625 0.8203125 0.9015625 0.9609375 0.9359375 0.9609375
3 0.446875 0.11406250000000004 0.434375 0.11406250000000004 0.434375 0.16718750000000004 0.446875 0.16718750000000004