2 0.7421875 0.4171875000000001 0.7109375 0.4171875 0.7109375 0.5078125000000001 0.7421875 0.5078125000000002
3 0.7609375 0.0750000000000001 0.7421875 0.0750000000000001 0.7421875 0.12031250000000009 0.7609375 0.12031250000000009
2 0.3812500000000001 0.39843750000000006 0.35625000000000007 0.3984375 0.35625000000000007 0.4703125 0.3812500000000001 0.4703125
2 0.603125 0.4359375 0.5734375 0.4359375 0.5734375 0.5203125 0.603125 0.5203125
2 0.37187500000000007 0.384375 0.3578125000000001 0.384375 0.3578125000000001 0.4140625 0.37187500000000007 0.4140625
2 0.6453125 0.596875 0.6203125 0.596875 0.6203125 0.6859375 0.6453125 0.6859375
2 0.4546875 0.4796875 0.43125 0.4796875 0.43125 0.56875 0.4546875 0.56875
2 0.7828125 0.2515625000000001 0.759375 0.2515625000000001 0.759375 0.3234375000000001 0.7828125 0.3234375000000001
3 0.796875 0.5109375000000002 0.771875 0.5109375000000002 0.771875 0.5968750000000002 0.796875 0.5968750000000002
0 0.2906250000000001 0.503125 0.2812500000000001 0.503125 0.2812500000000001 0.5203125 0.2906250000000001 0.5203125
2 0.665625 0.5078125 0.6375 0.5078125 0.6375 0.590625 0.665625 0.590625
2 0.725 0.2468750000000001 0.7109375 0.2468750000000001 0.7109375 0.3109375000000001 0.725 0.3109375000000001
1 0.25000000000000006 0.340625 0.2234375 0.340625 0.22343750000000004 0.4 0.2500000000000001 0.4
2 0.5515625 0.2765625000000001 0.53125 0.2765625000000001 0.53125 0.3437500000000001 0.5515625 0.3437500000000001
2 0.7828125 0.5625000000000002 0.7609375 0.5625000000000002 0.7609375 0.6593750000000002 0.7828125 0.6593750000000002
2 0.771875 0.5953125000000001 0.740625 0.5953125000000001 0.740625 0.6984375000000002 0.771875 0.6984375000000002