2 0.5781250000000002 0.78125 0.5390625000000002 0.78125 0.5390625000000002 0.9265625 0.5781250000000002 0.9265625
2 0.76875 0.2531250000000001 0.7453125 0.2531250000000001 0.7453125 0.3375000000000001 0.76875 0.3375000000000001
2 0.2062500000000001 0.4796875 0.18125000000000005 0.4796875 0.18125000000000008 0.5875 0.2062500000000001 0.5875
2 0.7625 0.534375 0.7203125 0.534375 0.7203125 0.6468750000000001 0.7625 0.6468750000000002
2 0.5015625 0.2843750000000001 0.48125 0.2843750000000001 0.48125 0.3750000000000001 0.5015625 0.3750000000000001
2 0.12031250000000009 0.753125 0.07812500000000008 0.753125 0.0781250000000001 0.9046875 0.12031250000000009 0.9046875
2 0.7921875 0.1781250000000001 0.7734375 0.1781250000000001 0.7734375 0.2578125000000001 0.7921875 0.2578125000000001
2 0.696875 0.4265625 0.6546875 0.4265625 0.6546875 0.5109375 0.696875 0.5109375
2 0.9203125 0.3671875000000001 0.8984375 0.3671875000000001 0.8984375 0.4750000000000002 0.9203125 0.4750000000000002
2 0.3515625000000001 0.384375 0.3296875000000001 0.384375 0.3296875000000001 0.484375 0.3515625000000001 0.484375
2 0.4328125 0.2953125000000001 0.4015625 0.2953125000000001 0.4015625 0.3843750000000001 0.4328125 0.3843750000000001
2 0.628125 0.471875 0.6015625 0.471875 0.6015625 0.5859375 0.628125 0.5859375
3 0.646875 0.10781250000000009 0.628125 0.10781250000000009 0.628125 0.1765625000000001 0.646875 0.1765625000000001
2 0.5984375 0.34843750000000007 0.56875 0.34843750000000007 0.56875 0.4390625 0.5984375 0.4390625
2 0.63125 0.2906250000000001 0.6046875 0.2906250000000001 0.6046875 0.3750000000000001 0.63125 0.3750000000000001
2 0.48125000000000007 0.625 0.446875 0.625 0.4468750000000001 0.7609375 0.4812500000000002 0.7609375
2 0.728125 0.3421875000000001 0.703125 0.3421875000000001 0.703125 0.4468750000000001 0.728125 0.4468750000000002
2 0.5 0.22031250000000008 0.478125 0.22031250000000008 0.478125 0.2984375000000001 0.5 0.2984375000000001