1 0.057812500000000044 0.3078125 0.04218750000000003 0.3078125 0.04218750000000004 0.3859375 0.057812500000000044 0.3859375
2 0.7828125 0.5078125000000002 0.7609375 0.5078125000000002 0.7609375 0.5937500000000002 0.7828125 0.5937500000000002
2 0.4921875 0.19843750000000004 0.4734375 0.19843750000000004 0.4734375 0.2578125000000001 0.4921875 0.2578125000000001
0 0.4609375 0.4125 0.453125 0.4125 0.453125 0.425 0.4609375 0.425
2 0.7609375 0.5546875000000002 0.7421875 0.5546875000000002 0.7421875 0.6406250000000002 0.7609375 0.6406250000000002
2 0.525 0.4140625 0.5078125 0.4140625 0.5078125 0.4875 0.525 0.4875
2 0.45625 0.5296875 0.4359375 0.5296875 0.4359375 0.61875 0.45625 0.61875
2 0.94375 0.2671875000000001 0.925 0.2671875000000001 0.925 0.3312500000000001 0.94375 0.3312500000000001
2 0.95625 0.42187500000000017 0.9359375 0.42187500000000017 0.9359375 0.5000000000000002 0.95625 0.5000000000000002
2 0.18593750000000006 0.54375 0.16562500000000005 0.54375 0.16562500000000008 0.6421875 0.1859375000000001 0.6421875
3 0.49375 0.15781250000000005 0.48125 0.15781250000000005 0.48125 0.20468750000000008 0.49375 0.20468750000000008
2 0.58125 0.39531250000000007 0.5640625 0.39531250000000007 0.5640625 0.4640625 0.58125 0.4640625
2 0.6328125 0.2578125000000001 0.6171875 0.2578125000000001 0.6171875 0.3187500000000001 0.6328125 0.3187500000000001
2 0.34687500000000004 0.3234375 0.328125 0.3234375 0.32812500000000006 0.3890625 0.3468750000000001 0.3890625
3 0.853125 0.40937500000000016 0.8296875 0.40937500000000016 0.8296875 0.4906250000000002 0.853125 0.4906250000000002