2 0.32500000000000007 0.940625 0.2890625000000001 0.940625 0.2890625000000001 0.9984375 0.32500000000000007 0.9984375
2 0.834375 0.2562500000000001 0.8046875 0.2562500000000001 0.8046875 0.34843750000000007 0.834375 0.34843750000000007
2 0.14375000000000004 0.240625 0.11875000000000005 0.240625 0.11875000000000005 0.3328125 0.14375000000000004 0.3328125
2 0.2171875000000001 0.6953125 0.18125000000000008 0.6953125 0.18125000000000008 0.8546875 0.2171875000000001 0.8546875
2 0.4453125 0.2375000000000001 0.4234375 0.2375000000000001 0.4234375 0.3218750000000001 0.4453125 0.3218750000000001
2 0.321875 0.3265625 0.2953125 0.3265625 0.29531250000000003 0.4203125 0.3218750000000001 0.4203125
2 0.035937500000000074 0.5203125 0.004687500000000064 0.5203125 0.00468750000000007 0.61875 0.03593750000000008 0.61875
2 0.4046875 0.4328125 0.36406250000000007 0.4328125 0.36406250000000007 0.5203125 0.4046875 0.5203125
0 0.5421875 0.521875 0.5296875 0.521875 0.5296875 0.54375 0.5421875 0.54375
2 0.215625 0.08906250000000002 0.1953125 0.08906250000000002 0.1953125 0.15156250000000004 0.215625 0.15156250000000004
2 0.03750000000000012 0.8890625 0.001562500000000109 0.8890625 0.0015625000000001154 1 0.037500000000000124 1
2 0.27656250000000004 0.325 0.246875 0.325 0.24687500000000004 0.4125 0.2765625000000001 0.4125
2 0.5765625 0.17343750000000008 0.55625 0.17343750000000008 0.55625 0.2562500000000001 0.5765625 0.2562500000000001
2 0.309375 0.17500000000000004 0.2890625 0.17500000000000004 0.2890625 0.25 0.309375 0.25
2 0.475 0.057812500000000065 0.4625 0.057812500000000065 0.4625 0.11093750000000005 0.475 0.11093750000000005
2 0.6984375 0.11718750000000008 0.68125 0.11718750000000008 0.68125 0.18906250000000008 0.6984375 0.18906250000000008
2 0.403125 0.12343750000000005 0.3828125 0.12343750000000005 0.3828125 0.19375000000000003 0.403125 0.19375000000000003
2 0.628125 0.3437500000000001 0.596875 0.3437500000000001 0.596875 0.4375 0.628125 0.4375
2 0.521875 0.12343750000000005 0.5046875 0.12343750000000005 0.5046875 0.2000000000000001 0.521875 0.2000000000000001
2 0.1640625 0.109375 0.1421875 0.109375 0.1421875 0.18125 0.1640625 0.18125
2 0.3859375 0.2093750000000001 0.3640625 0.2093750000000001 0.3640625 0.2843750000000001 0.3859375 0.2843750000000001
2 0.023437500000000038 0.2734375 3.348643591418544e-17 0.2734375 3.9322643316372043e-17 0.36875 0.023437500000000045 0.36875
2 0.5515625000000002 0.8578125 0.4984375000000002 0.8578125 0.4984375000000002 1 0.5515625000000002 1
2 0.9109375 0.5828125000000002 0.8796875 0.5828125000000002 0.8796875 0.7062500000000002 0.9109375 0.7062500000000002
2 0.15000000000000005 0.196875 0.12968750000000004 0.196875 0.12968750000000004 0.26875 0.15000000000000005 0.26875