2 0.371875 0.16718750000000004 0.35625 0.16718750000000004 0.35625 0.22343750000000004 0.371875 0.2234375000000001
2 0.4859375 0.2171875000000001 0.465625 0.2171875000000001 0.465625 0.2796875000000001 0.4859375 0.2796875000000001
2 0.55625 0.19687500000000008 0.5375 0.19687500000000005 0.5375 0.2656250000000001 0.55625 0.2656250000000001
2 0.578125 0.50625 0.5546875 0.50625 0.5546875 0.578125 0.578125 0.578125
2 0.11718750000000004 0.46875 0.09218750000000006 0.46875 0.09218750000000006 0.5390625 0.11718750000000004 0.5390625
2 0.17031250000000003 0.375 0.14687500000000003 0.375 0.14687500000000003 0.453125 0.17031250000000003 0.453125
2 0.5703125 0.3531250000000001 0.55 0.3531250000000001 0.55 0.4296875 0.5703125 0.4296875
2 0.4015625 0.434375 0.3781250000000001 0.434375 0.3781250000000001 0.515625 0.4015625 0.515625
2 0.2875 0.15000000000000005 0.271875 0.15000000000000005 0.271875 0.2125 0.2875 0.2125
2 0.41875000000000007 0.671875 0.3890625000000001 0.671875 0.3890625000000001 0.7625 0.4187500000000002 0.7625
2 0.621875 0.3343750000000001 0.596875 0.3343750000000001 0.596875 0.4109375 0.621875 0.4109375
2 0.4015625 0.496875 0.3843750000000001 0.496875 0.3843750000000001 0.5625 0.4015625 0.5625
2 0.7593750000000001 0.7953125000000001 0.7250000000000002 0.7953125 0.7250000000000002 0.89375 0.7593750000000001 0.89375
2 0.409375 0.55625 0.3781250000000001 0.55625 0.3781250000000001 0.6390625 0.409375 0.6390625
2 0.4359375 0.2656250000000001 0.41875 0.2656250000000001 0.41875 0.3312500000000001 0.4359375 0.3312500000000001
2 0.4234375 0.49375 0.4 0.49375 0.4 0.565625 0.4234375 0.565625
2 0.7859375 0.6296875000000002 0.759375 0.6296875000000002 0.759375 0.7187500000000002 0.7859375 0.7187500000000002
3 0.4140625 0.2687500000000001 0.3953125 0.2687500000000001 0.3953125 0.3375000000000001 0.4140625 0.3375000000000001
3 0.95 0.7843750000000002 0.9125 0.7843750000000002 0.9125 0.884375 0.95 0.884375
0 0.4796875 0.6609375 0.4703125 0.6609375 0.4703125 0.6796875 0.4796875 0.6796875
2 0.08125000000000002 0.1828125 0.06093750000000002 0.1828125 0.06093750000000002 0.25 0.08125000000000002 0.25