2 0.2375000000000001 0.771875 0.19687500000000008 0.771875 0.1968750000000001 0.9265625 0.2375000000000001 0.9265625
2 0.5484375 0.09218750000000006 0.53125 0.09218750000000006 0.53125 0.15000000000000008 0.5484375 0.15000000000000008
2 0.715625 0.40625 0.684375 0.40625 0.684375 0.509375 0.715625 0.509375
2 0.7546875 0.5406250000000001 0.728125 0.5406250000000001 0.728125 0.6593750000000002 0.7546875 0.6593750000000002
2 0.4125 0.29375000000000007 0.390625 0.29375000000000007 0.39062500000000006 0.3765625000000001 0.4125 0.3765625000000001
2 0.6078125 0.46875 0.5828125 0.46875 0.5828125 0.575 0.6078125 0.575
2 0.8890625 0.2234375000000001 0.8578125 0.2234375000000001 0.8578125 0.3062500000000001 0.8890625 0.3062500000000001
0 0.7328125 0.4171875000000001 0.725 0.4171875 0.725 0.4375000000000001 0.7328125 0.43750000000000017
2 0.2156250000000001 0.5078125 0.18906250000000005 0.5078125 0.18906250000000008 0.6140625 0.2156250000000001 0.6140625
2 0.19531250000000006 0.3890625 0.16562500000000005 0.3890625 0.16562500000000005 0.478125 0.19531250000000006 0.478125
2 0.5875 0.3265625000000001 0.5609375 0.3265625000000001 0.5609375 0.4234375 0.5875 0.4234375
2 1 0.2375000000000001 0.9828125 0.2375000000000001 0.9828125 0.31718750000000007 1 0.31718750000000007
2 0.63125 0.32500000000000007 0.6015625 0.32500000000000007 0.6015625 0.4 0.63125 0.4
2 0.8953125 0.42968750000000017 0.8640625 0.42968750000000017 0.8640625 0.5359375000000002 0.8953125 0.5359375000000002
2 0.6687500000000002 0.8203125 0.6281250000000002 0.8203125 0.6281250000000002 0.9859375 0.6687500000000002 0.9859375
2 0.32031250000000006 0.2890625 0.29375 0.2890625 0.29375000000000007 0.36875 0.3203125000000001 0.36875
2 0.409375 0.2390625000000001 0.384375 0.2390625000000001 0.384375 0.30937500000000007 0.409375 0.30937500000000007
2 0.7296875 0.3421875000000001 0.6953125 0.3421875000000001 0.6953125 0.4390625000000001 0.7296875 0.4390625000000002
2 0.6312500000000002 0.734375 0.6015625000000002 0.734375 0.6015625000000002 0.8671875 0.6312500000000002 0.8671875