2 0.8140625 0.3843750000000001 0.7890625 0.3843750000000001 0.7890625 0.45625000000000016 0.8140625 0.45625000000000016
2 0.8171875 0.40625000000000017 0.7953125 0.40625000000000017 0.7953125 0.4859375000000002 0.8171875 0.4859375000000002
2 0.384375 0.34062500000000007 0.3640625 0.34062500000000007 0.36406250000000007 0.4203125 0.3843750000000001 0.4203125
2 0.7671875 0.3453125000000001 0.746875 0.3453125000000001 0.746875 0.4203125000000002 0.7671875 0.4203125000000002
2 0.4546875000000001 0.66875 0.41875 0.66875 0.41875000000000007 0.775 0.4546875000000002 0.775
2 0.21093750000000008 0.453125 0.18437500000000004 0.453125 0.18437500000000007 0.55 0.21093750000000008 0.55
2 0.6421875 0.5140625 0.6171875 0.5140625 0.6171875 0.596875 0.6421875 0.596875
0 0.5125 0.6359375 0.5 0.6359375 0.5 0.6578125 0.5125 0.6578125
2 0.975 0.2968750000000001 0.9484375 0.2968750000000001 0.9484375 0.3687500000000001 0.975 0.3687500000000001
2 0.5984375 0.1593750000000001 0.58125 0.1593750000000001 0.58125 0.21250000000000008 0.5984375 0.21250000000000008
2 0.36250000000000004 0.3453125 0.3453125 0.3453125 0.3453125 0.428125 0.3625000000000001 0.428125
2 0.6625 0.2906250000000001 0.6421875 0.2906250000000001 0.6421875 0.3625000000000001 0.6625 0.3625000000000001
2 0.6312500000000002 0.8078125 0.5921875000000002 0.8078125 0.5921875000000002 0.928125 0.6312500000000002 0.928125
2 0.5578125000000002 0.95625 0.5218750000000002 0.95625 0.5218750000000002 1 0.5578125000000002 1
2 0.5265625 0.4625 0.5046875 0.4625 0.5046875 0.5515625 0.5265625 0.5515625
2 0.3593750000000001 0.428125 0.3390625000000001 0.428125 0.3390625000000001 0.5125 0.3593750000000001 0.5125
2 0.7078125 0.2468750000000001 0.690625 0.2468750000000001 0.690625 0.3078125000000001 0.7078125 0.3078125000000001