2 0.6546875 0.3265625000000001 0.6140625 0.3265625000000001 0.6140625 0.44375 0.6546875 0.44375
2 0.4234375000000001 0.6125 0.37968750000000007 0.6125 0.37968750000000007 0.7484375 0.4234375000000002 0.7484375
2 0.8765625 0.2593750000000001 0.8421875 0.2593750000000001 0.8421875 0.3703125000000001 0.8765625 0.3703125000000001
2 0.3281250000000001 0.4703125 0.2843750000000001 0.4703125 0.2843750000000001 0.5875 0.3281250000000001 0.5875
3 0.48125 0.4078125 0.446875 0.4078125 0.446875 0.525 0.48125 0.525
2 0.340625 0.221875 0.315625 0.221875 0.315625 0.321875 0.340625 0.321875
2 0.28593750000000007 0.3234375 0.25625 0.3234375 0.25625000000000003 0.446875 0.28593750000000007 0.446875
3 0.128125 0.07500000000000002 0.1015625 0.07500000000000002 0.1015625 0.159375 0.128125 0.159375
2 0.34062500000000007 0.3734375 0.3046875000000001 0.3734375 0.3046875000000001 0.4875 0.34062500000000007 0.4875
0 0.4984375 0.4640625 0.4890625 0.4640625 0.4890625 0.4796875 0.4984375 0.4796875
2 0.3140625000000001 0.5984375 0.2687500000000001 0.5984375 0.2687500000000001 0.7453125 0.3140625000000001 0.7453125
2 0.5109375 0.41875 0.4703125 0.41875 0.4703125 0.4671875 0.5109375 0.4671875
2 0.625 0.4203125 0.5953125 0.4203125 0.5953125 0.5390625 0.625 0.5390625
2 0.10468750000000004 0.209375 0.07343750000000002 0.209375 0.07343750000000003 0.31875 0.10468750000000004 0.31875
2 0.490625 0.12656250000000005 0.4578125 0.12656250000000005 0.4578125 0.2218750000000001 0.490625 0.2218750000000001
2 0.5375 0.3781250000000001 0.490625 0.3781250000000001 0.490625 0.484375 0.5375 0.484375
2 0.02656250000000005 0.3203125 3.922696778518866e-17 0.3203125 4.716803687340978e-17 0.45 0.026562500000000055 0.45