2 0.7140625 0.521875 0.6890625 0.521875 0.6890625 0.60625 0.7140625 0.60625
2 0.8296875 0.2671875000000001 0.809375 0.2671875000000001 0.809375 0.3375000000000001 0.8296875 0.3375000000000001
2 0.3078125000000001 0.4359375 0.27031250000000007 0.4359375 0.27031250000000007 0.5328125 0.3078125000000001 0.5328125
3 0.8125 0.5328125000000001 0.7765625 0.5328125000000001 0.7765625 0.6296875000000002 0.8125 0.6296875000000002
2 0.7765625 0.2812500000000001 0.753125 0.2812500000000001 0.753125 0.3531250000000001 0.7765625 0.3531250000000001
2 0.878125 0.6640625000000002 0.840625 0.6640625000000002 0.840625 0.7687500000000002 0.878125 0.7687500000000002
2 0.8984375 0.6218750000000002 0.871875 0.6218750000000002 0.871875 0.7296875000000002 0.8984375 0.7296875000000002
2 0.646875 0.44375 0.615625 0.44375 0.615625 0.5296875 0.646875 0.5296875
2 0.6796875000000001 0.665625 0.6453125 0.665625 0.6453125000000001 0.75625 0.6796875000000002 0.75625
2 0.7890625 0.4468750000000002 0.7640625 0.4468750000000002 0.7640625 0.5359375000000002 0.7890625 0.5359375000000002
3 0.825 0.0843750000000001 0.803125 0.08437500000000009 0.803125 0.1312500000000001 0.825 0.1312500000000001
0 0.28593750000000007 0.521875 0.2765625000000001 0.521875 0.2765625000000001 0.5359375 0.28593750000000007 0.5359375
1 0.3218750000000001 0.3890625 0.2890625000000001 0.3890625 0.2890625000000001 0.459375 0.3218750000000001 0.459375
2 0.459375 0.496875 0.428125 0.496875 0.428125 0.575 0.459375 0.575
2 0.575 0.29375000000000007 0.5546875 0.29375000000000007 0.5546875 0.36406250000000007 0.575 0.36406250000000007