2 0.584375 0.50625 0.565625 0.50625 0.565625 0.596875 0.584375 0.596875
2 0.2750000000000001 0.365625 0.2562500000000001 0.365625 0.2562500000000001 0.4390625 0.2750000000000001 0.4390625
2 0.2296875000000001 0.4390625 0.2078125000000001 0.4390625 0.2078125000000001 0.51875 0.2296875000000001 0.51875
2 0.05468750000000011 0.8515625 0.0250000000000001 0.8515625 0.025000000000000112 0.9671875 0.05468750000000011 0.9671875
3 0.91875 0.6812500000000001 0.875 0.6812500000000001 0.875 0.7890625000000002 0.91875 0.7890625000000002
3 0.18750000000000006 0.509375 0.16093750000000004 0.509375 0.16093750000000007 0.5953125 0.18750000000000008 0.5953125
2 0.56875 0.4875 0.55 0.4875 0.55 0.575 0.56875 0.575
2 0.014062500000000061 0.4703125 5.759666977239896e-17 0.4703125 6.305017504985202e-17 0.559375 0.014062500000000066 0.559375
2 0.4828125 0.51875 0.4640625 0.51875 0.4640625 0.59375 0.4828125 0.59375
2 0.3546875000000001 0.578125 0.32500000000000007 0.578125 0.32500000000000007 0.6640625 0.3546875000000001 0.6640625
2 0.425 0.453125 0.40625 0.453125 0.40625 0.534375 0.425 0.534375
1 0.45625 0.3375000000000001 0.4375 0.3375000000000001 0.4375 0.409375 0.45625 0.409375
2 0.4078125 0.4578125 0.3890625000000001 0.4578125 0.3890625000000001 0.5375 0.4078125 0.5375
2 0.22031250000000005 0.35625 0.2 0.35625 0.20000000000000004 0.4359375 0.22031250000000008 0.4359375
2 0.3921875000000001 0.6515625 0.3687500000000001 0.6515625 0.3687500000000001 0.7421875 0.3921875000000001 0.7421875