2 0.5765625000000001 0.65625 0.55 0.65625 0.55 0.7625 0.5765625000000002 0.7625
2 0.521875 0.2656250000000001 0.5015625 0.2656250000000001 0.5015625 0.33281250000000007 0.521875 0.33281250000000007
2 0.4265625 0.4421875 0.40625 0.4421875 0.40625 0.525 0.4265625 0.525
2 0.06718750000000005 0.4109375 0.04218750000000006 0.4109375 0.04218750000000006 0.5 0.06718750000000007 0.5
2 0.5625 0.5984375 0.5359375 0.5984375 0.5359375 0.7046875 0.5625 0.7046875
2 0.365625 0.28593750000000007 0.3453125 0.2859375 0.3453125 0.34843750000000007 0.365625 0.34843750000000007
2 0.575 0.2875000000000001 0.5609375 0.2875000000000001 0.5609375 0.3546875000000001 0.575 0.3546875000000001
2 0.453125 0.3062500000000001 0.43125 0.3062500000000001 0.43125 0.3734375000000001 0.453125 0.3734375000000001
2 0.3859375 0.2328125000000001 0.36875 0.2328125000000001 0.36875 0.29375000000000007 0.3859375 0.29375000000000007
2 0.08750000000000005 0.30625 0.07343750000000004 0.30625 0.07343750000000004 0.378125 0.08750000000000005 0.378125
2 0.40625 0.465625 0.3859375000000001 0.465625 0.3859375000000001 0.5578125 0.40625 0.5578125
2 0.703125 0.55 0.678125 0.55 0.678125 0.653125 0.703125 0.653125
2 0.7390625 0.41875000000000007 0.7171875 0.41875 0.7171875 0.5062500000000001 0.7390625 0.5062500000000002
2 0.9734375 0.6968750000000001 0.94375 0.6968750000000001 0.94375 0.825 0.9734375 0.825
2 0.2562500000000001 0.4234375 0.2296875000000001 0.4234375 0.2296875000000001 0.5078125 0.2562500000000001 0.5078125
2 0.596875 0.3703125000000001 0.5765625 0.3703125000000001 0.5765625 0.45 0.596875 0.45
2 0.503125 0.3703125000000001 0.4828125 0.3703125000000001 0.4828125 0.4546875 0.503125 0.4546875
2 0.28125000000000006 0.3421875 0.2640625 0.3421875 0.26406250000000003 0.421875 0.2812500000000001 0.421875
0 0.36875 0.33593750000000006 0.3609375 0.3359375 0.3609375 0.35000000000000003 0.36875 0.3500000000000001
2 0.8953125 0.5390625000000002 0.8734375 0.5390625000000002 0.8734375 0.6406250000000002 0.8953125 0.6406250000000002
2 0.6078125 0.30156250000000007 0.5875 0.30156250000000007 0.5875 0.3687500000000001 0.6078125 0.3687500000000001