2 0.7406250000000001 0.6203125 0.6890625 0.6203125 0.6890625000000001 0.7593750000000001 0.7406250000000002 0.7593750000000001
2 0.13437500000000008 0.478125 0.09843750000000007 0.478125 0.09843750000000007 0.596875 0.13437500000000008 0.596875
2 0.28906250000000006 0.2625 0.2625 0.2625 0.26250000000000007 0.3734375 0.2890625000000001 0.3734375
0 0.690625 0.5203125 0.6765625 0.5203125 0.6765625 0.546875 0.690625 0.546875
2 0.6875 0.2578125000000001 0.665625 0.2578125000000001 0.665625 0.3593750000000001 0.6875 0.3593750000000001
2 0.753125 0.4218750000000001 0.709375 0.421875 0.709375 0.5406250000000001 0.753125 0.5406250000000001
2 0.234375 0.2125 0.209375 0.2125 0.209375 0.309375 0.234375 0.309375
2 0.12500000000000006 0.3796875 0.09062500000000004 0.3796875 0.09062500000000005 0.478125 0.12500000000000006 0.478125
2 0.8171875 0.6093750000000002 0.7765625 0.6093750000000002 0.7765625 0.7437500000000001 0.8171875 0.7437500000000001
2 0.5890625000000002 0.8390625 0.5406250000000001 0.8390625 0.5406250000000001 0.9984375 0.5890625000000002 0.9984375
2 0.5000000000000002 0.734375 0.4546875000000002 0.734375 0.4546875000000002 0.8984375 0.5000000000000002 0.8984375
2 0.2593750000000001 0.5390625 0.21875000000000008 0.5390625 0.21875000000000008 0.653125 0.2593750000000001 0.653125