2 0.7656250000000002 0.7671875000000001 0.7078125000000002 0.7671875 0.7078125000000002 0.9359375 0.7656250000000002 0.9359375
2 0.403125 0.4828125 0.3765625000000001 0.4828125 0.3765625000000001 0.584375 0.403125 0.584375
2 0.2140625000000001 0.45625 0.17968750000000006 0.45625 0.17968750000000006 0.5765625 0.2140625000000001 0.5765625
2 1 0.42968750000000017 0.978125 0.42968750000000017 0.978125 0.5359375000000002 1 0.5359375000000002
2 0.54375 0.3578125000000001 0.4921875 0.3578125000000001 0.4921875 0.4515625 0.54375 0.4515625
2 0.09375000000000006 0.4515625 0.04843750000000006 0.4515625 0.048437500000000064 0.5453125 0.09375000000000007 0.5453125
2 0.5296875 0.4234375 0.5 0.4234375 0.5 0.5203125 0.5296875 0.5203125
2 0.940625 0.16718750000000013 0.909375 0.16718750000000013 0.909375 0.2515625000000001 0.940625 0.2515625000000001
2 0.59375 0.5078125 0.5640625 0.5078125 0.5640625 0.6265625 0.59375 0.6265625
2 0.55 0.2984375000000001 0.51875 0.2984375000000001 0.51875 0.3812500000000001 0.55 0.3812500000000001
2 0.3031250000000001 0.7671875 0.2453125000000001 0.7671875 0.2453125000000001 0.909375 0.3031250000000001 0.909375
2 0.8171875 0.5484375000000001 0.7859375 0.5484375000000001 0.7859375 0.6718750000000002 0.8171875 0.6718750000000002
2 0.7296875 0.5406250000000001 0.7 0.540625 0.7 0.6656250000000001 0.7296875 0.6656250000000001
0 0.5046875 0.6609375 0.490625 0.6609375 0.490625 0.6828125 0.5046875 0.6828125
2 0.803125 0.07187500000000009 0.7859375 0.07187500000000009 0.7859375 0.13437500000000008 0.803125 0.13437500000000008
2 0.16562500000000005 0.2796875 0.14062500000000006 0.2796875 0.14062500000000006 0.3671875 0.16562500000000005 0.3671875
2 1 0.5593750000000002 0.9703125 0.5593750000000002 0.9703125 0.6812500000000001 1 0.6812500000000001
2 0.3031250000000001 0.5953125 0.2640625000000001 0.5953125 0.2640625000000001 0.69375 0.3031250000000001 0.69375
2 0.65 0.446875 0.6140625 0.446875 0.6140625 0.5578125 0.65 0.5578125