3 0.15312500000000004 0.2984375 0.12500000000000006 0.2984375 0.12500000000000006 0.4234375 0.15312500000000004 0.4234375
2 0.5171875 0.3046875000000001 0.48125 0.3046875000000001 0.48125 0.425 0.5171875 0.425
2 0.65625 0.2796875000000001 0.615625 0.2796875000000001 0.615625 0.3968750000000001 0.65625 0.3968750000000001
2 0.4453125 0.2406250000000001 0.40625 0.2406250000000001 0.40625 0.34843750000000007 0.4453125 0.34843750000000007
2 0.45625 0.13906250000000003 0.4265625 0.13906250000000003 0.4265625 0.25468750000000007 0.45625 0.25468750000000007
2 0.15625000000000006 0.2140625 0.13125000000000003 0.2140625 0.13125000000000003 0.31875 0.15625000000000006 0.31875
2 0.028125000000000067 0.4703125 0.0015625000000000575 0.4703125 0.0015625000000000656 0.603125 0.028125000000000077 0.603125
2 0.5734375 0.17343750000000008 0.540625 0.17343750000000005 0.540625 0.2890625000000001 0.5734375 0.2890625000000001
2 0.30156250000000007 0.275 0.2625 0.275 0.26250000000000007 0.3921875 0.30156250000000007 0.3921875
2 0.415625 0.21093750000000008 0.3703125 0.21093750000000008 0.3703125 0.30156250000000007 0.415625 0.30156250000000007
0 0.45625 0.23593750000000008 0.4453125 0.23593750000000008 0.4453125 0.2515625000000001 0.45625 0.2515625000000001
2 0.12812500000000004 0.2828125 0.08437500000000005 0.2828125 0.08437500000000005 0.38125 0.12812500000000004 0.38125
2 0.2578125000000001 0.6296875 0.2000000000000001 0.6296875 0.2000000000000001 0.7578125 0.2578125000000001 0.7578125