2 0.5078125 0.3437500000000001 0.4828125 0.3437500000000001 0.4828125 0.4046875 0.5078125 0.4046875
0 0.7000000000000001 0.7078125 0.6875 0.7078125 0.6875000000000001 0.728125 0.7000000000000002 0.728125
2 0.16718750000000004 0.3546875 0.13750000000000004 0.3546875 0.13750000000000004 0.4203125 0.16718750000000004 0.4203125
2 0.8859375 0.43281250000000016 0.865625 0.43281250000000016 0.865625 0.5187500000000002 0.8859375 0.5187500000000002
2 0.2640625000000001 0.78125 0.23593750000000008 0.78125 0.23593750000000008 0.8921875 0.2640625000000001 0.8921875
2 0.3703125 0.22812500000000005 0.3484375 0.228125 0.3484375 0.29218750000000004 0.3703125 0.2921875000000001
2 0.19687500000000005 0.4359375 0.16406250000000006 0.4359375 0.16406250000000006 0.5078125 0.19687500000000005 0.5078125
2 0.5609375 0.3234375000000001 0.540625 0.3234375000000001 0.540625 0.39531250000000007 0.5609375 0.39531250000000007
2 0.10781250000000005 0.35 0.08281250000000004 0.35 0.08281250000000004 0.434375 0.10781250000000005 0.434375
2 0.4390625 0.415625 0.4171875 0.415625 0.4171875 0.4796875 0.4390625 0.4796875
2 0.7546875 0.3140625000000001 0.7296875 0.3140625000000001 0.7296875 0.3859375000000001 0.7546875 0.3859375000000001
2 0.3984375 0.17031250000000003 0.3765625 0.17031250000000003 0.3765625 0.2312500000000001 0.3984375 0.2312500000000001
2 0.4828125 0.3281250000000001 0.4625 0.3281250000000001 0.4625 0.3984375000000001 0.4828125 0.3984375000000001
2 0.6890625 0.1593750000000001 0.6703125 0.1593750000000001 0.6703125 0.2234375000000001 0.6890625 0.2234375000000001
2 0.571875 0.3593750000000001 0.546875 0.3593750000000001 0.546875 0.434375 0.571875 0.434375
2 0.2578125000000001 0.371875 0.23593750000000008 0.371875 0.23593750000000008 0.446875 0.2578125000000001 0.446875
2 0.828125 0.2796875000000001 0.80625 0.2796875000000001 0.80625 0.3578125000000001 0.828125 0.3578125000000001
2 0.19375000000000003 0.2359375 0.17812500000000003 0.2359375 0.17812500000000003 0.3015625 0.19375000000000003 0.3015625
2 0.07656250000000009 0.6828125 0.05156250000000009 0.6828125 0.05156250000000009 0.7703125 0.07656250000000009 0.7703125
2 0.6203125 0.3593750000000001 0.603125 0.3593750000000001 0.603125 0.43125 0.6203125 0.43125
3 0.36562500000000003 0.35937500000000006 0.346875 0.359375 0.34687500000000004 0.428125 0.3656250000000001 0.428125
2 0.7359375000000001 0.7937500000000001 0.6906250000000002 0.79375 0.6906250000000002 0.9046875 0.7359375000000001 0.9046875