2 0.815625 0.3031250000000001 0.790625 0.3031250000000001 0.790625 0.3703125000000001 0.815625 0.3703125000000001
2 0.634375 0.2796875000000001 0.6203125 0.2796875000000001 0.6203125 0.3421875000000001 0.634375 0.3421875000000001
2 0.37187500000000007 0.32500000000000007 0.3515625 0.325 0.35156250000000006 0.39687500000000003 0.37187500000000007 0.3968750000000001
2 0.865625 0.3625000000000001 0.840625 0.3625000000000001 0.840625 0.42968750000000017 0.865625 0.42968750000000017
2 0.85 0.4109375000000002 0.8296875 0.4109375000000002 0.8296875 0.4937500000000002 0.85 0.4937500000000002
2 0.5421875 0.3750000000000001 0.5203125 0.3750000000000001 0.5203125 0.446875 0.5421875 0.446875
2 0.628125 0.39531250000000007 0.6078125 0.39531250000000007 0.6078125 0.471875 0.628125 0.471875
0 0.3734375000000001 0.3843750000000001 0.3656250000000001 0.3843750000000001 0.3656250000000001 0.3968750000000001 0.3734375000000001 0.3968750000000001
2 0.5078125 0.2171875000000001 0.4875 0.2171875000000001 0.4875 0.2750000000000001 0.5078125 0.2750000000000001
2 0.946875 0.5406250000000001 0.925 0.5406250000000001 0.925 0.6343750000000001 0.946875 0.6343750000000001
2 0.4484375 0.17343750000000005 0.4359375 0.17343750000000005 0.4359375 0.2250000000000001 0.4484375 0.2250000000000001
2 0.6515625 0.484375 0.634375 0.484375 0.634375 0.571875 0.6515625 0.571875
2 0.3781250000000001 0.4234375 0.3609375000000001 0.4234375 0.3609375000000001 0.4984375 0.3781250000000001 0.4984375
2 0.09843750000000008 0.5796875 0.07656250000000006 0.5796875 0.07656250000000007 0.6859375 0.0984375000000001 0.6859375
2 0.38750000000000007 0.546875 0.3656250000000001 0.546875 0.3656250000000001 0.640625 0.38750000000000007 0.640625