2 0.31562500000000004 0.3109375 0.296875 0.3109375 0.29687500000000006 0.3671875 0.3156250000000001 0.3671875
2 0.56875 0.5796875 0.528125 0.5796875 0.528125 0.6765625 0.56875 0.6765625
2 0.10468750000000002 0.1109375 0.05312500000000002 0.1109375 0.05312500000000002 0.2578125 0.10468750000000004 0.2578125
2 0.05781250000000006 0.38125 0.034375000000000044 0.38125 0.03437500000000005 0.4703125 0.057812500000000065 0.4703125
2 0.415625 0.3921875000000001 0.3890625000000001 0.3921875000000001 0.3890625000000001 0.48125 0.415625 0.48125
2 0.15156250000000004 0.3375 0.12500000000000006 0.3375 0.12500000000000006 0.4265625 0.15156250000000004 0.4265625
2 0.7609375 0.6890625000000001 0.7234375 0.6890625 0.7234375000000001 0.803125 0.7609375000000002 0.803125
2 0.33125000000000004 0.3375 0.303125 0.3375 0.30312500000000003 0.421875 0.3312500000000001 0.421875
2 0.3734375000000001 0.44375 0.3390625000000001 0.44375 0.3390625000000001 0.5234375 0.3734375000000001 0.5234375
2 0.58125 0.4875 0.553125 0.4875 0.553125 0.578125 0.58125 0.578125
3 0.03750000000000006 0.425 0.01250000000000005 0.425 0.012500000000000056 0.5046875 0.03750000000000007 0.5046875
1 0.971875 0.4390625000000002 0.9421875 0.4390625000000002 0.9421875 0.5343750000000002 0.971875 0.5343750000000002