2 0.6625 0.3046875000000001 0.6328125 0.3046875000000001 0.6328125 0.3937500000000001 0.6625 0.3937500000000001
2 0.95625 0.15156250000000013 0.93125 0.15156250000000013 0.93125 0.23593750000000008 0.95625 0.23593750000000008
2 0.7703125 0.2984375000000001 0.7484375 0.2984375000000001 0.7484375 0.3859375000000001 0.7703125 0.3859375000000001
2 0.5828125 0.08906250000000007 0.5625 0.08906250000000007 0.5625 0.15625000000000008 0.5828125 0.15625000000000008
2 0.853125 0.6140625000000002 0.8140625 0.6140625000000002 0.8140625 0.7375000000000002 0.853125 0.7375000000000002
2 0.428125 0.20312500000000008 0.40625 0.20312500000000008 0.40625 0.2796875000000001 0.428125 0.2796875000000001
2 0.45781250000000007 0.6765625 0.421875 0.6765625 0.4218750000000001 0.815625 0.4578125000000002 0.815625
2 0.590625 0.006250000000000072 0.578125 0.006250000000000072 0.578125 0.057812500000000065 0.590625 0.057812500000000065
2 0.4671875 0.5953125 0.428125 0.5953125 0.428125 0.71875 0.4671875 0.71875
2 0.4046875 0.19062500000000004 0.384375 0.19062500000000004 0.384375 0.27031250000000007 0.4046875 0.27031250000000007
2 0.740625 0.050000000000000086 0.7203125 0.050000000000000086 0.7203125 0.11093750000000009 0.740625 0.11093750000000009
2 0.4484375 0.3687500000000001 0.428125 0.3687500000000001 0.428125 0.440625 0.4484375 0.440625
2 0.434375 0.36406250000000007 0.409375 0.36406250000000007 0.409375 0.4578125 0.434375 0.4578125
2 0.6406250000000002 0.7921875 0.6015625000000002 0.7921875 0.6015625000000002 0.9484375 0.6406250000000002 0.9484375
2 0.27031250000000007 0.2859375 0.24375 0.2859375 0.24375000000000005 0.384375 0.27031250000000007 0.384375
2 0.2843750000000001 0.4390625 0.2484375000000001 0.4390625 0.2484375000000001 0.55 0.2843750000000001 0.55
2 0.7140625 0.2171875000000001 0.6875 0.2171875000000001 0.6875 0.2968750000000001 0.7140625 0.2968750000000001
0 0.4265625000000002 0.771875 0.41406250000000017 0.771875 0.41406250000000017 0.79375 0.4265625000000002 0.79375
2 0.7765625 0.2593750000000001 0.75625 0.2593750000000001 0.75625 0.3343750000000001 0.7765625 0.3343750000000001
2 0.8015625 0.1281250000000001 0.784375 0.1281250000000001 0.784375 0.2000000000000001 0.8015625 0.2000000000000001
2 0.8234375 0.9296875 0.7890625000000002 0.9296875 0.7890625000000002 0.996875 0.8234375 0.996875