2 0.53125 0.2328125000000001 0.50625 0.2328125000000001 0.50625 0.31718750000000007 0.53125 0.31718750000000007
2 0.6171875 0.15781250000000008 0.5703125 0.15781250000000008 0.5703125 0.2531250000000001 0.6171875 0.2531250000000001
3 0.22031250000000005 0.2890625 0.18281250000000004 0.2890625 0.18281250000000004 0.4015625 0.22031250000000008 0.4015625
2 0.3390625 0.19843750000000004 0.3109375 0.19843750000000004 0.3109375 0.3 0.3390625 0.3
2 0.4984375 0.21093750000000008 0.45 0.21093750000000008 0.45 0.3000000000000001 0.4984375 0.3000000000000001
2 0.53125 0.12500000000000006 0.4890625 0.12500000000000006 0.4890625 0.21875000000000008 0.53125 0.21875000000000008
0 0.5609375 0.29375000000000007 0.55 0.29375000000000007 0.55 0.3109375000000001 0.5609375 0.3109375000000001
2 0.16406250000000006 0.2359375 0.12656250000000005 0.2359375 0.12656250000000005 0.346875 0.16406250000000006 0.346875
2 0.17968750000000008 0.6140625 0.12031250000000009 0.6140625 0.12031250000000009 0.7578125 0.17968750000000008 0.7578125
2 0.7734375 0.2828125000000001 0.7234375 0.2828125000000001 0.7234375 0.4000000000000001 0.7734375 0.4000000000000002
2 0.53125 0.2984375000000001 0.4828125 0.2984375000000001 0.4828125 0.4078125 0.53125 0.4078125
2 0.3046875 0.15937500000000004 0.2609375 0.15937500000000004 0.2609375 0.259375 0.3046875 0.259375