2 0.2421875 0.2953125 0.225 0.2953125 0.225 0.35 0.2421875 0.35
2 1 0.6609375000000002 0.975 0.6609375000000002 0.975 0.7468750000000002 1 0.7468750000000002
2 0.5125 0.4375 0.49375 0.4375 0.49375 0.50625 0.5125 0.50625
2 0.3578125000000001 0.63125 0.3343750000000001 0.63125 0.3343750000000001 0.725 0.3578125000000001 0.725
2 0.66875 0.559375 0.64375 0.559375 0.64375 0.6484375 0.66875 0.6484375
2 0.7140625 0.3687500000000001 0.6921875 0.3687500000000001 0.6921875 0.4296875 0.7140625 0.4296875
3 0.2234375000000001 0.53125 0.2062500000000001 0.53125 0.2062500000000001 0.609375 0.2234375000000001 0.609375
2 0.2093750000000001 0.4859375 0.19218750000000004 0.4859375 0.19218750000000007 0.55625 0.2093750000000001 0.55625
2 0.4828125 0.3531250000000001 0.46875 0.3531250000000001 0.46875 0.4125 0.4828125 0.4125
2 0.2640625000000001 0.5640625 0.2406250000000001 0.5640625 0.2406250000000001 0.640625 0.2640625000000001 0.640625
2 0.3937500000000001 0.3890625000000001 0.3781250000000001 0.3890625000000001 0.3781250000000001 0.4546875 0.3937500000000001 0.4546875
2 0.053125000000000124 0.9484375 0.018750000000000117 0.9484375 0.01875000000000012 0.9984375 0.05312500000000013 0.9984375
0 0.684375 0.4203125 0.6765625 0.4203125 0.6765625 0.434375 0.684375 0.434375
2 0.06093750000000007 0.503125 0.040625000000000064 0.503125 0.040625000000000064 0.584375 0.06093750000000007 0.584375
2 0.4546875 0.2375000000000001 0.440625 0.2375000000000001 0.440625 0.2921875000000001 0.4546875 0.2921875000000001
2 0.02812500000000006 0.44375 0.009375000000000055 0.44375 0.00937500000000006 0.5140625 0.028125000000000067 0.5140625
2 0.2796875000000001 0.4140625 0.2640625000000001 0.4140625 0.2640625000000001 0.4875 0.2796875000000001 0.4875