2 0.3968750000000001 0.3765625000000001 0.3734375000000001 0.3765625000000001 0.3734375000000001 0.453125 0.3968750000000001 0.453125
2 0.4953125 0.425 0.471875 0.425 0.471875 0.5359375 0.4953125 0.5359375
2 0.5109375 0.4109375 0.490625 0.4109375 0.490625 0.5109375 0.5109375 0.5109375
2 0.30625 0.3578125 0.2796875 0.3578125 0.27968750000000003 0.4453125 0.3062500000000001 0.4453125
2 0.8859375 0.48437500000000017 0.8609375 0.48437500000000017 0.8609375 0.5937500000000002 0.8859375 0.5937500000000002
2 0.3921875 0.2640625000000001 0.36875 0.2640625000000001 0.36875 0.34843750000000007 0.3921875 0.34843750000000007
2 0.315625 0.2828125 0.2828125 0.2828125 0.2828125 0.359375 0.315625 0.359375
2 0.7421875 0.3046875000000001 0.721875 0.3046875000000001 0.721875 0.3984375000000001 0.7421875 0.3984375000000001
0 0.3265625000000001 0.4140625 0.3187500000000001 0.4140625 0.3187500000000001 0.4296875 0.3265625000000001 0.4296875
2 0.9984375 0.4671875000000002 0.959375 0.4671875000000002 0.959375 0.5703125000000002 0.9984375 0.5703125000000002
2 0.29375000000000007 0.8015625 0.26250000000000007 0.8015625 0.26250000000000007 0.94375 0.29375000000000007 0.94375
2 0.6828125 0.24375000000000008 0.65625 0.24375000000000008 0.65625 0.3281250000000001 0.6828125 0.3281250000000001
2 0.7984375 0.3312500000000001 0.7734375 0.3312500000000001 0.7734375 0.4203125000000002 0.7984375 0.4203125000000002
2 0.575 0.19531250000000008 0.5578125 0.19531250000000008 0.5578125 0.2734375000000001 0.575 0.2734375000000001
3 0.2718750000000001 0.378125 0.2453125000000001 0.378125 0.2453125000000001 0.4796875 0.2718750000000001 0.4796875
2 0.7031250000000002 0.728125 0.6671875000000002 0.728125 0.6671875000000002 0.86875 0.7031250000000002 0.86875
2 0.5828125 0.3156250000000001 0.5609375 0.3156250000000001 0.5609375 0.40625 0.5828125 0.40625