2 0.33281250000000007 0.6140625 0.2984375000000001 0.6140625 0.2984375000000001 0.753125 0.33281250000000007 0.753125
2 0.4890625 0.503125 0.4546875 0.503125 0.4546875 0.6203125 0.4890625 0.6203125
2 0.2828125 0.2359375 0.2515625 0.2359375 0.2515625 0.3328125 0.2828125 0.3328125
0 0.7421875 0.5906250000000002 0.728125 0.5906250000000002 0.728125 0.6093750000000002 0.7421875 0.6093750000000002
2 0.36406250000000007 0.34687500000000004 0.3328125 0.346875 0.33281250000000007 0.4609375 0.36406250000000007 0.4609375
2 0.13750000000000004 0.19375 0.10312500000000005 0.19375 0.10312500000000005 0.2953125 0.13750000000000004 0.2953125
2 0.2125 0.209375 0.18125000000000005 0.209375 0.18125000000000005 0.3109375 0.2125 0.3109375
1 0.409375 0.2140625000000001 0.378125 0.2140625000000001 0.378125 0.3234375000000001 0.409375 0.3234375000000001
2 0.15312500000000004 0.25625 0.12968750000000004 0.25625 0.12968750000000004 0.365625 0.15312500000000004 0.365625
2 0.11875000000000005 0.184375 0.09843750000000002 0.184375 0.09843750000000004 0.290625 0.11875000000000005 0.290625
2 0.3375000000000001 0.396875 0.30937500000000007 0.396875 0.30937500000000007 0.5109375 0.3375000000000001 0.5109375
2 0.28906250000000006 0.2875 0.25625 0.2875 0.25625000000000003 0.378125 0.2890625000000001 0.378125
2 0.7375 0.5078125000000001 0.684375 0.5078125 0.684375 0.6375000000000001 0.7375 0.6375000000000002
2 0.484375 0.5765625 0.446875 0.5765625 0.446875 0.7 0.484375 0.7
2 0.09218750000000006 0.3703125 0.057812500000000044 0.3703125 0.05781250000000006 0.5 0.09218750000000006 0.5
2 0.553125 0.4796875 0.50625 0.4796875 0.50625 0.5953125 0.553125 0.5953125