2 0.05156250000000003 0.23125 0.01718750000000003 0.23125 0.017187500000000036 0.365625 0.051562500000000046 0.365625
2 0.4546875 0.2328125000000001 0.4109375 0.2328125000000001 0.4109375 0.3609375000000001 0.4546875 0.3609375000000001
0 0.73125 0.28593750000000007 0.71875 0.28593750000000007 0.71875 0.3062500000000001 0.73125 0.3062500000000001
2 0.3296875 0.12187500000000004 0.3 0.12187500000000004 0.3 0.228125 0.3296875 0.228125
2 0.09218750000000003 0.259375 0.057812500000000024 0.259375 0.05781250000000003 0.39375 0.09218750000000005 0.39375
2 0.765625 0.5437500000000002 0.7265625 0.5437500000000002 0.7265625 0.7000000000000002 0.765625 0.7000000000000002
2 0.34375000000000006 0.2375 0.3125 0.2375 0.31250000000000006 0.365625 0.3437500000000001 0.365625
2 0.02812500000000005 0.40625 4.975127621536122e-17 0.40625 5.539613255518106e-17 0.4984375 0.028125000000000056 0.4984375
2 0.9484375 0.2375000000000001 0.9046875 0.2375000000000001 0.9046875 0.3703125000000001 0.9484375 0.3703125000000001
2 0.5125 0.5515625 0.471875 0.5515625 0.471875 0.6984375 0.5125 0.6984375
2 0.4515625000000002 0.9484375 0.42187500000000017 0.9484375 0.42187500000000017 1 0.4515625000000002 1
2 0.03125000000000007 0.4828125 0.001562500000000059 0.4828125 0.0015625000000000673 0.615625 0.031250000000000076 0.615625
2 0.3984375 0.08750000000000005 0.36875 0.08750000000000005 0.36875 0.19375000000000003 0.3984375 0.19375000000000003