2 0.984375 0.37968750000000007 0.9625 0.37968750000000007 0.9625 0.4593750000000002 0.984375 0.4593750000000002
0 0.2156250000000001 0.7421875 0.2062500000000001 0.7421875 0.2062500000000001 0.7625 0.2156250000000001 0.7625
2 0.771875 0.5546875000000002 0.7375 0.5546875000000002 0.7375 0.6265625000000001 0.771875 0.6265625000000001
2 0.90625 0.17187500000000008 0.89375 0.17187500000000008 0.89375 0.22031250000000008 0.90625 0.22031250000000008
2 0.809375 0.2750000000000001 0.7921875 0.2750000000000001 0.7921875 0.33281250000000007 0.809375 0.33281250000000007
2 0.9890625 0.9375 0.959375 0.9375 0.959375 0.9984375 0.9890625 0.9984375
2 0.5578125 0.4390625 0.5265625 0.4390625 0.5265625 0.5140625 0.5578125 0.5140625
2 0.5984375 0.2687500000000001 0.58125 0.2687500000000001 0.58125 0.3296875000000001 0.5984375 0.3296875000000001
2 0.75625 0.4500000000000002 0.734375 0.4500000000000002 0.734375 0.5265625000000002 0.75625 0.5265625000000002
2 0.4234375 0.3984375000000001 0.403125 0.3984375000000001 0.403125 0.4734375 0.4234375 0.4734375
2 0.2093750000000001 0.6859375 0.17343750000000008 0.6859375 0.17343750000000008 0.7703125 0.2093750000000001 0.7703125
2 0.5421875 0.14062500000000006 0.5296875 0.14062500000000006 0.5296875 0.17656250000000004 0.5421875 0.17656250000000004
2 0.9578125 0.2687500000000001 0.9265625 0.2687500000000001 0.9265625 0.3343750000000001 0.9578125 0.3343750000000001
2 0.6265625 0.3062500000000001 0.6015625 0.3062500000000001 0.6015625 0.3687500000000001 0.6265625 0.3687500000000001
2 0.7703125 0.42968750000000017 0.7484375 0.42968750000000017 0.7484375 0.5062500000000002 0.7703125 0.5062500000000002
2 0.5750000000000001 0.6796875 0.540625 0.6796875 0.5406250000000001 0.771875 0.5750000000000002 0.771875
2 0.915625 0.3828125000000001 0.8859375 0.3828125000000001 0.8859375 0.4578125000000002 0.915625 0.4578125000000002
2 0.884375 0.5687500000000002 0.853125 0.5687500000000002 0.853125 0.6609375000000002 0.884375 0.6609375000000002