2 0.4625 0.14687500000000003 0.4359375 0.14687500000000003 0.4359375 0.2453125000000001 0.4625 0.2453125000000001
2 0.440625 0.17812500000000003 0.4 0.17812500000000003 0.4 0.2609375000000001 0.440625 0.2609375000000001
2 0.5203125 0.16250000000000003 0.4859375 0.16250000000000003 0.4859375 0.2734375000000001 0.5203125 0.2734375000000001
2 0.7296875 0.4437500000000001 0.6890625 0.44375 0.6890625 0.5531250000000001 0.7296875 0.5531250000000002
2 0.7015625000000001 0.6671875 0.6515625 0.6671875 0.6515625 0.8109375 0.7015625000000002 0.8109375
2 0.6984375 0.5203125 0.640625 0.5203125 0.640625 0.6421875 0.6984375 0.6421875
2 0.7703125 0.4390625000000002 0.7328125 0.4390625000000002 0.7328125 0.5578125000000002 0.7703125 0.5578125000000002
2 0.3296875000000001 0.5390625 0.2890625000000001 0.5390625 0.2890625000000001 0.68125 0.3296875000000001 0.68125
0 0.68125 0.6046875 0.6671875 0.6046875 0.6671875 0.6265625 0.68125 0.6265625
2 0.1546875 0.07812500000000003 0.11875 0.07812500000000003 0.11875 0.1671875 0.1546875 0.1671875
2 0.4984375 0.2828125000000001 0.471875 0.2828125000000001 0.471875 0.4046875 0.4984375 0.4046875
2 0.0875000000000001 0.728125 0.04687500000000009 0.728125 0.0468750000000001 0.9171875 0.0875000000000001 0.9171875
2 0.871875 0.7015625000000002 0.8265625 0.7015625000000002 0.8265625 0.85625 0.871875 0.85625
2 0.5640625 0.553125 0.5171875 0.553125 0.5171875 0.6875 0.5640625 0.6875
3 0.12812500000000004 0.2265625 0.09531250000000002 0.2265625 0.09531250000000004 0.34375 0.12812500000000004 0.34375
2 0.5359375 0.2218750000000001 0.503125 0.2218750000000001 0.503125 0.3281250000000001 0.5359375 0.3281250000000001
2 0.40625 0.3031250000000001 0.371875 0.3031250000000001 0.37187500000000007 0.425 0.40625 0.425
1 0.796875 0.11875000000000009 0.765625 0.11875000000000009 0.765625 0.22812500000000008 0.796875 0.22812500000000008
2 0.3765625 0.10937500000000004 0.353125 0.10937500000000004 0.353125 0.21093750000000006 0.3765625 0.21093750000000008
2 0.403125 0.12343750000000005 0.36875 0.12343750000000005 0.36875 0.2296875000000001 0.403125 0.2296875000000001