2 0.07187500000000009 0.69375 0.04062500000000009 0.69375 0.04062500000000009 0.8 0.07187500000000009 0.8
2 0.1109375000000001 0.8859375 0.08125000000000011 0.8859375 0.08125000000000011 0.9953125 0.11093750000000013 0.9953125
3 0.18125000000000005 0.2859375 0.15937500000000004 0.2859375 0.15937500000000004 0.3421875 0.18125000000000005 0.3421875
2 0.81875 0.5765625000000002 0.79375 0.5765625000000002 0.79375 0.6765625000000002 0.81875 0.6765625000000002
2 0.471875 0.3156250000000001 0.45625 0.3156250000000001 0.45625 0.3734375000000001 0.471875 0.3734375000000001
2 0.1406250000000001 0.89375 0.10937500000000008 0.89375 0.10937500000000011 0.9953125 0.14062500000000014 0.9953125
2 0.65 0.2968750000000001 0.63125 0.2968750000000001 0.63125 0.3625000000000001 0.65 0.3625000000000001
2 0.09843750000000008 0.5765625 0.07343750000000007 0.5765625 0.07343750000000007 0.671875 0.0984375000000001 0.671875
2 0.46875 0.3703125000000001 0.45 0.3703125000000001 0.45 0.44375 0.46875 0.44375
2 0.07500000000000008 0.5734375 0.04687500000000007 0.5734375 0.04687500000000007 0.66875 0.0750000000000001 0.66875
2 0.6828125 0.3687500000000001 0.6609375 0.3687500000000001 0.6609375 0.4390625 0.6828125 0.4390625
2 0.5546875 0.453125 0.5328125 0.453125 0.5328125 0.528125 0.5546875 0.528125
2 0.2093750000000001 0.396875 0.18437500000000004 0.396875 0.18437500000000004 0.4671875 0.2093750000000001 0.4671875
2 0.7109375 0.3968750000000001 0.6890625 0.3968750000000001 0.6890625 0.471875 0.7109375 0.471875
2 0.534375 0.440625 0.5078125 0.440625 0.5078125 0.51875 0.534375 0.51875
0 0.6421875 0.3546875000000001 0.6359375 0.3546875000000001 0.6359375 0.36406250000000007 0.6421875 0.36406250000000007
2 0.53125 0.3203125000000001 0.5109375 0.3203125000000001 0.5109375 0.3656250000000001 0.53125 0.3656250000000001
2 0.3687500000000001 0.50625 0.3468750000000001 0.50625 0.3468750000000001 0.5796875 0.3687500000000001 0.5796875
3 0.4046875 0.5515625 0.3828125000000001 0.5515625 0.3828125000000001 0.628125 0.4046875 0.628125