2 0.6515625 0.2656250000000001 0.6125 0.2656250000000001 0.6125 0.3843750000000001 0.6515625 0.3843750000000001
2 0.08750000000000004 0.2515625 0.04218750000000003 0.2515625 0.04218750000000004 0.3625 0.08750000000000005 0.3625
2 0.55625 0.17187500000000006 0.53125 0.17187500000000006 0.53125 0.2796875000000001 0.55625 0.2796875000000001
2 0.434375 0.2234375000000001 0.390625 0.2234375000000001 0.390625 0.3343750000000001 0.434375 0.3343750000000001
2 0.14375000000000004 0.2875 0.11406250000000004 0.2875 0.11406250000000004 0.415625 0.14375000000000004 0.415625
2 0.17187500000000003 0.178125 0.128125 0.178125 0.12812500000000002 0.2765625 0.17187500000000006 0.2765625
2 0.459375 0.2078125000000001 0.4296875 0.2078125000000001 0.4296875 0.3156250000000001 0.459375 0.3156250000000001
2 0.1453125000000001 0.6296875 0.09687500000000007 0.6296875 0.09687500000000007 0.78125 0.1453125000000001 0.78125
2 0.4875 0.2906250000000001 0.4515625 0.2906250000000001 0.4515625 0.4015625 0.4875 0.4015625
2 0.4359375 0.12656250000000005 0.40625 0.12656250000000005 0.40625 0.2250000000000001 0.4359375 0.2250000000000001
2 0.2609375 0.234375 0.221875 0.234375 0.221875 0.340625 0.2609375 0.340625