2 0.91875 0.2750000000000001 0.896875 0.2750000000000001 0.896875 0.3515625000000001 0.91875 0.3515625000000001
2 0.2406250000000001 0.665625 0.21093750000000008 0.665625 0.21093750000000008 0.7640625 0.2406250000000001 0.7640625
2 0.11250000000000009 0.578125 0.08593750000000007 0.578125 0.08593750000000008 0.6890625 0.11250000000000009 0.6890625
2 0.0671875000000001 0.80625 0.0312500000000001 0.80625 0.031250000000000104 0.9265625 0.06718750000000011 0.9265625
2 0.5890625 0.459375 0.5640625 0.459375 0.5640625 0.5484375 0.5890625 0.5484375
0 0.5953125 0.44375 0.5875 0.44375 0.5875 0.4578125 0.5953125 0.4578125
2 0.19218750000000004 0.4265625 0.16093750000000004 0.4265625 0.16093750000000004 0.509375 0.19218750000000004 0.509375
2 0.521875 0.4546875 0.496875 0.4546875 0.496875 0.5296875 0.521875 0.5296875
2 0.1468750000000001 0.56875 0.11562500000000009 0.56875 0.11562500000000009 0.6578125 0.1468750000000001 0.6578125
2 0.30937500000000007 0.3515625 0.284375 0.3515625 0.28437500000000004 0.421875 0.30937500000000007 0.421875
2 0.403125 0.459375 0.3781250000000001 0.459375 0.3781250000000001 0.5421875 0.403125 0.5421875
2 0.20312500000000008 0.6859375 0.1765625000000001 0.6859375 0.1765625000000001 0.796875 0.20312500000000008 0.796875
2 0.3859375 0.2640625000000001 0.365625 0.2640625000000001 0.365625 0.3312500000000001 0.3859375 0.3312500000000001
2 0.5296875 0.590625 0.4984375 0.590625 0.4984375 0.684375 0.5296875 0.684375
2 0.8921875 0.6203125000000002 0.8671875 0.6203125000000002 0.8671875 0.7281250000000001 0.8921875 0.7281250000000001
2 0.6140625 0.3781250000000001 0.5890625 0.3781250000000001 0.5890625 0.453125 0.6140625 0.453125
2 0.5015625000000001 0.9296875 0.47187500000000016 0.9296875 0.47187500000000016 1 0.5015625000000001 1