2 0.553125 0.4859375 0.53125 0.4859375 0.53125 0.5625 0.553125 0.5625
2 0.5109375000000002 0.7609375 0.48437500000000017 0.7609375 0.48437500000000017 0.8875 0.5109375000000002 0.8875
2 0.4328125 0.61875 0.4109375 0.61875 0.4109375 0.7140625 0.4328125 0.7140625
2 0.6078125000000001 0.653125 0.58125 0.653125 0.58125 0.75 0.6078125000000002 0.75
0 0.5046875000000002 0.7640625 0.4937500000000002 0.7640625 0.4937500000000002 0.7796875 0.5046875000000002 0.7796875
2 0.3390625 0.18281250000000004 0.3234375 0.18281250000000004 0.3234375 0.240625 0.3390625 0.240625
2 0.5765625 0.40625 0.5515625 0.40625 0.5515625 0.4828125 0.5765625 0.4828125
2 0.6421875000000001 0.6453125 0.6125 0.6453125 0.6125 0.7328125 0.6421875000000001 0.7328125
2 0.3593750000000001 0.4453125 0.34062500000000007 0.4453125 0.34062500000000007 0.53125 0.3593750000000001 0.53125
2 0.6171875 0.509375 0.59375 0.509375 0.59375 0.590625 0.6171875 0.590625
2 0.4546875 0.2093750000000001 0.4390625 0.2093750000000001 0.4390625 0.27031250000000007 0.4546875 0.27031250000000007
2 0.15156250000000004 0.3234375 0.13437500000000005 0.3234375 0.13437500000000005 0.3953125 0.15156250000000004 0.3953125
1 0.7515625 0.18906250000000008 0.7359375 0.18906250000000008 0.7359375 0.2453125000000001 0.7515625 0.2453125000000001
2 0.3468750000000001 0.584375 0.3265625000000001 0.584375 0.3265625000000001 0.675 0.3468750000000001 0.675
2 0.5984375 0.3046875000000001 0.5796875 0.3046875000000001 0.5796875 0.3750000000000001 0.5984375 0.3750000000000001
2 0.2843750000000001 0.4453125 0.26250000000000007 0.4453125 0.26250000000000007 0.528125 0.2843750000000001 0.528125
2 0.8515625 0.5218750000000002 0.8265625 0.5218750000000002 0.8265625 0.6140625000000002 0.8515625 0.6140625000000002
3 0.2640625000000001 0.3828125 0.2468750000000001 0.3828125 0.2468750000000001 0.4640625 0.2640625000000001 0.4640625
2 0.8375 0.5078125000000002 0.81875 0.5078125000000002 0.81875 0.6062500000000002 0.8375 0.6062500000000002