2 0.05625000000000006 0.340625 0.014062500000000044 0.340625 0.01406250000000005 0.4578125 0.056250000000000064 0.4578125
2 0.9359375 0.6437500000000002 0.896875 0.6437500000000002 0.896875 0.803125 0.9359375 0.803125
2 0.5859375 0.4734375 0.55625 0.4734375 0.55625 0.6015625 0.5859375 0.6015625
2 0.3140625000000001 0.4546875 0.2812500000000001 0.4546875 0.2812500000000001 0.5734375 0.3140625000000001 0.5734375
2 0.63125 0.3812500000000001 0.5921875 0.3812500000000001 0.5921875 0.4921875 0.63125 0.4921875
2 0.8875 0.4203125000000002 0.84375 0.4203125000000002 0.84375 0.5437500000000002 0.8875 0.5437500000000002
2 0.34843750000000007 0.453125 0.3187500000000001 0.453125 0.3187500000000001 0.575 0.34843750000000007 0.575
2 0.2218750000000001 0.55 0.18750000000000008 0.55 0.18750000000000008 0.6890625 0.2218750000000001 0.6890625
0 0.865625 0.5250000000000001 0.85 0.5250000000000001 0.85 0.5468750000000002 0.865625 0.5468750000000002
2 0.45625 0.3125000000000001 0.43125 0.3125000000000001 0.43125 0.415625 0.45625 0.415625
2 0.2750000000000001 0.5390625 0.24218750000000008 0.5390625 0.24218750000000008 0.66875 0.2750000000000001 0.66875