2 0.5125 0.4890625 0.484375 0.4890625 0.484375 0.5640625 0.5125 0.5640625
2 0.53125 0.3125000000000001 0.5109375 0.3125000000000001 0.5109375 0.3781250000000001 0.53125 0.3781250000000001
2 0.5078125 0.2375000000000001 0.4828125 0.2375000000000001 0.4828125 0.2968750000000001 0.5078125 0.2968750000000001
2 0.634375 0.3515625000000001 0.6109375 0.3515625000000001 0.6109375 0.4125 0.634375 0.4125
2 0.3296875 0.2734375 0.309375 0.2734375 0.309375 0.3359375 0.3296875 0.3359375
2 0.2843750000000001 0.478125 0.26250000000000007 0.478125 0.26250000000000007 0.5515625 0.2843750000000001 0.5515625
3 0.33281250000000007 0.384375 0.3062500000000001 0.384375 0.3062500000000001 0.4515625 0.33281250000000007 0.4515625
2 0.4640625 0.3625000000000001 0.434375 0.3625000000000001 0.434375 0.4265625 0.4640625 0.4265625
2 0.6421875 0.2718750000000001 0.6140625 0.2718750000000001 0.6140625 0.3375000000000001 0.6421875 0.3375000000000001
0 0.484375 0.5390625 0.475 0.5390625 0.475 0.55625 0.484375 0.55625
2 0.9203125 0.5937500000000002 0.8921875 0.5937500000000002 0.8921875 0.6812500000000001 0.9203125 0.6812500000000001
2 0.5859375 0.3156250000000001 0.56875 0.3156250000000001 0.56875 0.3843750000000001 0.5859375 0.3843750000000001
2 0.8265625 0.88125 0.7796875000000002 0.88125 0.7796875000000002 1 0.8265625 1
2 0.590625 0.459375 0.5625 0.459375 0.5625 0.54375 0.590625 0.54375
2 0.696875 0.3468750000000001 0.6703125 0.3468750000000001 0.6703125 0.4171875 0.696875 0.4171875
2 0.821875 0.3906250000000001 0.7984375 0.3906250000000001 0.7984375 0.4625000000000002 0.821875 0.4625000000000002
2 0.7859375 0.3390625000000001 0.7640625 0.3390625000000001 0.7640625 0.41718750000000016 0.7859375 0.41718750000000016
2 0.20781250000000004 0.340625 0.18906250000000005 0.340625 0.18906250000000005 0.4109375 0.2078125000000001 0.4109375
2 0.04843750000000005 0.3390625 0.026562500000000044 0.3390625 0.02656250000000005 0.409375 0.04843750000000006 0.409375