2 0.8046875 0.2171875000000001 0.7890625 0.2171875000000001 0.7890625 0.2765625000000001 0.8046875 0.2765625000000001
2 0.9765625 0.19062500000000013 0.9609375 0.19062500000000013 0.9609375 0.24375000000000008 0.9765625 0.24375000000000008
2 0.9796875 0.3218750000000001 0.959375 0.3218750000000001 0.959375 0.39531250000000007 0.9796875 0.39531250000000007
1 0.056250000000000036 0.2171875 0.042187500000000024 0.2171875 0.04218750000000003 0.2765625 0.05625000000000004 0.2765625
3 0.8046875 0.3531250000000001 0.784375 0.3531250000000001 0.784375 0.42500000000000016 0.8046875 0.42500000000000016
3 0.528125 0.06562500000000007 0.509375 0.06562500000000007 0.509375 0.10937500000000004 0.528125 0.10937500000000004
2 0.521875 0.3062500000000001 0.50625 0.3062500000000001 0.50625 0.37187500000000007 0.521875 0.37187500000000007
2 0.5734375 0.5359375 0.553125 0.5359375 0.553125 0.61875 0.5734375 0.61875
2 0.5921875 0.3046875000000001 0.5734375 0.3046875000000001 0.5734375 0.3734375000000001 0.5921875 0.3734375000000001
2 0.903125 0.4984375000000002 0.875 0.4984375000000002 0.875 0.5796875000000001 0.903125 0.5796875000000001
2 0.37812500000000004 0.32656250000000003 0.3625 0.3265625 0.36250000000000004 0.38750000000000007 0.3781250000000001 0.38750000000000007
2 0.6609375 0.12500000000000008 0.6484375 0.12500000000000008 0.6484375 0.17187500000000008 0.6609375 0.17187500000000008
2 0.284375 0.259375 0.26875 0.259375 0.26875 0.321875 0.284375 0.321875
2 0.8703125 0.8421875 0.8375 0.8421875 0.8375 0.915625 0.8703125 0.915625
2 0.403125 0.4296875 0.3828125000000001 0.4296875 0.3828125000000001 0.5046875 0.403125 0.5046875
2 0.975 0.5296875000000002 0.9453125 0.5296875000000002 0.9453125 0.6125000000000002 0.975 0.6125000000000002
2 0.1437500000000001 0.5546875 0.11562500000000009 0.5546875 0.11562500000000009 0.6515625 0.1437500000000001 0.6515625
2 0.2093750000000001 0.51875 0.18750000000000006 0.51875 0.18750000000000006 0.609375 0.2093750000000001 0.609375
0 0.1468750000000001 0.6328125 0.1359375000000001 0.6328125 0.1359375000000001 0.6609375 0.1468750000000001 0.6609375