0 0.45625 0.40625 0.4421875 0.40625 0.4421875 0.4265625 0.45625 0.4265625
2 0.575 0.3078125000000001 0.5359375 0.3078125000000001 0.5359375 0.3843750000000001 0.575 0.3843750000000001
2 0.959375 0.3109375000000001 0.915625 0.3109375000000001 0.915625 0.40937500000000016 0.959375 0.40937500000000016
2 0.5796875 0.1609375000000001 0.55 0.1609375000000001 0.55 0.2312500000000001 0.5796875 0.2312500000000001
2 0.17500000000000004 0.3609375 0.12968750000000004 0.3609375 0.12968750000000004 0.46875 0.17500000000000004 0.46875
2 0.953125 0.3984375000000001 0.9046875 0.3984375000000001 0.9046875 0.5125000000000002 0.953125 0.5125000000000002
2 0.203125 0.14062500000000003 0.18125 0.140625 0.18125000000000002 0.2078125 0.203125 0.2078125
2 0.484375 0.59375 0.4453125 0.59375 0.4453125 0.71875 0.484375 0.71875
2 0.31875 0.25625 0.2796875 0.25625 0.2796875 0.3484375 0.31875 0.3484375
2 0.3375 0.346875 0.2921875 0.346875 0.29218750000000004 0.4390625 0.3375000000000001 0.4390625
2 0.74375 0.4984375000000001 0.7 0.4984375 0.7 0.6125 0.74375 0.6125000000000002
2 0.1218750000000001 0.5515625 0.07031250000000007 0.5515625 0.07031250000000008 0.6703125 0.1218750000000001 0.6703125
2 0.5859375 0.540625 0.546875 0.540625 0.546875 0.6640625 0.5859375 0.6640625
2 0.4953125 0.3265625000000001 0.4609375 0.3265625000000001 0.4609375 0.4109375 0.4953125 0.4109375
2 0.78125 0.3671875000000001 0.7421875 0.3671875000000001 0.7421875 0.4593750000000002 0.78125 0.4593750000000002
2 0.12343750000000012 0.7828125 0.06250000000000008 0.7828125 0.0625000000000001 0.9328125 0.12343750000000013 0.9328125