3 0.3828125000000001 0.8859375 0.3515625000000001 0.8859375 0.3515625000000001 0.996875 0.3828125000000001 0.996875
2 0.5015625 0.5328125 0.4703125 0.5328125 0.4703125 0.6421875 0.5015625 0.6421875
2 0.10312500000000005 0.434375 0.07500000000000004 0.434375 0.07500000000000005 0.5390625 0.10312500000000005 0.5390625
0 0.23593750000000008 0.8078125 0.2234375000000001 0.8078125 0.2234375000000001 0.8328125 0.23593750000000008 0.8328125
2 0.54375 0.578125 0.5 0.578125 0.5 0.6921875 0.54375 0.6921875
2 0.9984375 0.2968750000000001 0.98125 0.2968750000000001 0.98125 0.4109375000000002 0.9984375 0.4109375000000002
2 0.8078125 0.6656250000000001 0.7578125 0.6656250000000001 0.7578125000000001 0.8 0.8078125 0.8
2 0.83125 0.6593750000000002 0.8015625 0.6593750000000002 0.8015625 0.7937500000000002 0.83125 0.7937500000000002
2 0.4828125 0.2687500000000001 0.459375 0.2687500000000001 0.459375 0.3468750000000001 0.4828125 0.3468750000000001
2 0.2921875000000001 0.7390625 0.2593750000000001 0.7390625 0.2593750000000001 0.86875 0.2921875000000001 0.86875
2 0.44531250000000017 0.73125 0.3984375000000001 0.73125 0.3984375000000001 0.853125 0.44531250000000017 0.853125
2 0.64375 0.2812500000000001 0.61875 0.2812500000000001 0.61875 0.3593750000000001 0.64375 0.3593750000000001
2 0.271875 0.290625 0.24375 0.290625 0.24375 0.3578125 0.271875 0.3578125
2 0.571875 0.11093750000000009 0.5546875 0.11093750000000009 0.5546875 0.16406250000000008 0.571875 0.16406250000000008
2 0.83125 0.17343750000000008 0.8140625 0.17343750000000008 0.8140625 0.2453125000000001 0.83125 0.2453125000000001
3 0.615625 0.3156250000000001 0.5890625 0.3156250000000001 0.5890625 0.39531250000000007 0.615625 0.39531250000000007
2 0.6875 0.1609375000000001 0.6703125 0.1609375000000001 0.6703125 0.22656250000000008 0.6875 0.22656250000000008
2 0.9328125 0.2156250000000001 0.9125 0.2156250000000001 0.9125 0.2875000000000001 0.9328125 0.2875000000000001
2 0.1218750000000001 0.553125 0.08750000000000006 0.553125 0.08750000000000008 0.678125 0.1218750000000001 0.678125
2 0.9390625 0.24375000000000008 0.91875 0.24375000000000008 0.91875 0.3281250000000001 0.9390625 0.3281250000000001
2 0.20625 0.2046875 0.17500000000000004 0.2046875 0.17500000000000004 0.2765625 0.20625 0.2765625