3 0.1375000000000001 0.584375 0.10781250000000009 0.584375 0.10781250000000009 0.709375 0.1375000000000001 0.709375
2 0.4390625 0.2750000000000001 0.415625 0.2750000000000001 0.415625 0.3531250000000001 0.4390625 0.3531250000000001
3 0.6203125 0.1453125000000001 0.603125 0.1453125000000001 0.603125 0.2078125000000001 0.6203125 0.2078125000000001
2 0.2578125000000001 0.709375 0.22031250000000008 0.709375 0.22031250000000008 0.834375 0.2578125000000001 0.834375
2 0.66875 0.5390625 0.634375 0.5390625 0.634375 0.65 0.66875 0.65
2 0.1609375000000001 0.646875 0.1296875000000001 0.646875 0.1296875000000001 0.771875 0.1609375000000001 0.771875
2 0.10781250000000006 0.4984375 0.07656250000000006 0.4984375 0.07656250000000006 0.6109375 0.10781250000000009 0.6109375
2 0.6609375 0.34843750000000007 0.628125 0.34843750000000007 0.628125 0.4328125 0.6609375 0.4328125
0 0.775 0.6937500000000002 0.7640625 0.6937500000000002 0.7640625 0.7140625000000002 0.775 0.7140625000000002
2 0.33437500000000003 0.315625 0.3140625 0.315625 0.3140625 0.40625 0.3343750000000001 0.40625
1 0.054687500000000035 0.2703125 0.025000000000000033 0.2703125 0.02500000000000004 0.3578125 0.05468750000000004 0.3578125
2 0.3890625000000001 0.453125 0.3546875000000001 0.453125 0.3546875000000001 0.559375 0.3890625000000001 0.559375
2 0.475 0.3828125000000001 0.446875 0.3828125000000001 0.446875 0.4734375 0.475 0.4734375
2 0.6203125 0.36406250000000007 0.5890625 0.36406250000000007 0.5890625 0.4484375 0.6203125 0.4484375
2 0.18906250000000008 0.453125 0.16406250000000006 0.453125 0.16406250000000006 0.5515625 0.18906250000000008 0.5515625
2 0.8109375 0.2000000000000001 0.7953125 0.2000000000000001 0.7953125 0.2671875000000001 0.8109375 0.2671875000000001
2 0.4578125 0.2953125000000001 0.4375 0.2953125000000001 0.4375 0.3843750000000001 0.4578125 0.3843750000000001
2 0.08750000000000008 0.6140625 0.05156250000000007 0.6140625 0.05156250000000008 0.7421875 0.08750000000000009 0.7421875
2 0.7671875 0.6093750000000001 0.7203125 0.609375 0.7203125 0.7250000000000001 0.7671875 0.7250000000000002
2 0.5359375 0.434375 0.509375 0.434375 0.509375 0.534375 0.5359375 0.534375