2 0.7234375 0.4078125 0.690625 0.4078125 0.690625 0.5015625 0.7234375 0.5015625
2 0.06250000000000006 0.36875 0.03906250000000004 0.36875 0.03906250000000005 0.45625 0.06250000000000007 0.45625
3 0.24375 0.15312500000000004 0.228125 0.15312500000000004 0.228125 0.209375 0.24375 0.209375
2 0.7453125 0.3921875000000001 0.7296875 0.3921875000000001 0.7296875 0.4750000000000002 0.7453125 0.4750000000000002
3 0.2828125000000001 0.571875 0.2562500000000001 0.571875 0.2562500000000001 0.675 0.2828125000000001 0.675
2 0.15781250000000008 0.48125 0.12812500000000004 0.48125 0.12812500000000007 0.578125 0.15781250000000008 0.578125
2 0.428125 0.409375 0.4 0.409375 0.4 0.4859375 0.428125 0.4859375
2 0.475 0.4296875 0.4375 0.4296875 0.4375 0.515625 0.475 0.515625
2 0.74375 0.3546875000000001 0.7265625 0.3546875000000001 0.7265625 0.40156250000000016 0.74375 0.40156250000000016
2 0.21093750000000008 0.5328125 0.18281250000000004 0.5328125 0.18281250000000007 0.6359375 0.21093750000000008 0.6359375
2 0.3781250000000001 0.471875 0.3343750000000001 0.471875 0.3343750000000001 0.515625 0.3781250000000001 0.515625
2 0.4593750000000001 0.6671875 0.421875 0.6671875 0.4218750000000001 0.7765625 0.4593750000000002 0.7765625
2 0.2921875 0.2265625 0.271875 0.2265625 0.271875 0.290625 0.2921875 0.290625
2 0.3140625000000001 0.3875 0.29375000000000007 0.3875 0.29375000000000007 0.471875 0.3140625000000001 0.471875
2 0.8484375 0.6140625000000002 0.821875 0.6140625000000002 0.821875 0.7296875000000002 0.8484375 0.7296875000000002
2 0.3296875 0.2921875 0.309375 0.2921875 0.30937500000000007 0.3640625 0.3296875000000001 0.3640625
2 0.5 0.3031250000000001 0.48125 0.3031250000000001 0.48125 0.3734375000000001 0.5 0.3734375000000001
0 0.43125 0.4234375 0.421875 0.4234375 0.421875 0.4375 0.43125 0.4375
2 0.07968750000000006 0.45625 0.045312500000000054 0.45625 0.04531250000000006 0.5578125 0.07968750000000006 0.5578125