2 0.6140625 0.5140625 0.5921875 0.5140625 0.5921875 0.60625 0.6140625 0.60625
0 0.784375 0.6437500000000002 0.775 0.6437500000000002 0.775 0.6593750000000002 0.784375 0.6593750000000002
2 0.49375 0.27812500000000007 0.4765625 0.27812500000000007 0.4765625 0.3546875000000001 0.49375 0.3546875000000001
2 0.8890625 0.6234375000000002 0.86875 0.6234375000000002 0.86875 0.7250000000000002 0.8890625 0.7250000000000002
2 0.85 0.4312500000000002 0.8234375 0.4312500000000002 0.8234375 0.5171875000000001 0.85 0.5171875000000001
2 0.08281250000000004 0.346875 0.06093750000000005 0.346875 0.06093750000000005 0.428125 0.08281250000000004 0.428125
2 0.4578125 0.3921875000000001 0.4375 0.3921875000000001 0.4375 0.4765625 0.4578125 0.4765625
2 0.12031250000000011 0.840625 0.09375000000000011 0.840625 0.09375000000000011 0.9609375 0.12031250000000013 0.9609375
1 0.6609375 0.19687500000000008 0.6453125 0.19687500000000008 0.6453125 0.2593750000000001 0.6609375 0.2593750000000001
2 0.3906250000000001 0.4234375 0.3687500000000001 0.4234375 0.3687500000000001 0.509375 0.3906250000000001 0.509375
2 0.684375 0.6015625 0.659375 0.6015625 0.659375 0.696875 0.684375 0.696875
2 0.6703125000000001 0.684375 0.6375 0.684375 0.6375000000000001 0.784375 0.6703125000000002 0.784375
2 0.5984375000000001 0.671875 0.5515625 0.671875 0.5515625000000001 0.7734375 0.5984375000000002 0.7734375
2 0.2328125 0.2375 0.215625 0.2375 0.215625 0.30625 0.2328125 0.30625
2 0.6921875 0.428125 0.6671875 0.428125 0.6671875 0.509375 0.6921875 0.509375
2 0.1312500000000001 0.6125 0.11093750000000009 0.6125 0.11093750000000009 0.7140625 0.1312500000000001 0.7140625
2 0.12812500000000004 0.3765625 0.10468750000000004 0.3765625 0.10468750000000004 0.459375 0.12812500000000004 0.459375
3 0.2296875000000001 0.490625 0.2062500000000001 0.490625 0.2062500000000001 0.5875 0.2296875000000001 0.5875