2 0.609375 0.37187500000000007 0.5921875 0.37187500000000007 0.5921875 0.4859375 0.609375 0.4859375
2 0.3750000000000001 0.49375 0.3453125000000001 0.49375 0.3453125000000001 0.6125 0.3750000000000001 0.6125
2 0.5765625 0.3687500000000001 0.5625 0.3687500000000001 0.5625 0.484375 0.5765625 0.484375
2 0.5578125 0.575 0.5328125 0.575 0.5328125 0.703125 0.5578125 0.703125
2 0.453125 0.36406250000000007 0.4265625 0.36406250000000007 0.4265625 0.484375 0.453125 0.484375
2 0.5953125 0.37187500000000007 0.578125 0.37187500000000007 0.578125 0.4859375 0.5953125 0.4859375
2 0.35000000000000003 0.3609375 0.3328125 0.3609375 0.33281250000000007 0.4859375 0.3500000000000001 0.4859375
2 0.628125 0.36406250000000007 0.60625 0.36406250000000007 0.60625 0.4890625 0.628125 0.4890625
2 0.778125 0.5296875000000002 0.7578125 0.5296875000000002 0.7578125 0.6453125000000002 0.778125 0.6453125000000002
2 0.6453125 0.3671875000000001 0.6234375 0.3671875000000001 0.6234375 0.490625 0.6453125 0.490625
0 0.640625 0.6109375 0.628125 0.6109375 0.628125 0.63125 0.640625 0.63125
2 0.859375 0.37187500000000007 0.834375 0.37187500000000007 0.834375 0.49531250000000016 0.859375 0.49531250000000016
2 0.4671875 0.17187500000000006 0.4328125 0.17187500000000006 0.4328125 0.2828125000000001 0.4671875 0.2828125000000001
2 0.515625 0.37187500000000007 0.490625 0.37187500000000007 0.490625 0.4875 0.515625 0.4875
2 0.6500000000000001 0.83125 0.6109375000000001 0.83125 0.6109375000000001 0.965625 0.6500000000000001 0.965625
2 0.3781250000000001 0.37812500000000004 0.3609375000000001 0.378125 0.3609375000000001 0.484375 0.3781250000000001 0.484375
2 0.30156250000000007 0.3453125 0.28125 0.3453125 0.28125000000000006 0.465625 0.30156250000000007 0.465625
2 0.8234375 0.4000000000000002 0.7921875 0.4000000000000002 0.7921875 0.48437500000000017 0.8234375 0.48437500000000017
2 0.55625 0.5625 0.5265625 0.5625 0.5265625 0.6109375 0.55625 0.6109375
2 0.3140625000000001 0.384375 0.2921875000000001 0.384375 0.2921875000000001 0.4984375 0.3140625000000001 0.4984375
2 0.540625 0.3671875000000001 0.5203125 0.3671875000000001 0.5203125 0.4859375 0.540625 0.4859375
2 0.5625 0.3750000000000001 0.5359375 0.3750000000000001 0.5359375 0.4859375 0.5625 0.4859375