2 0.13906250000000006 0.4875 0.12500000000000006 0.4875 0.12500000000000006 0.571875 0.1390625000000001 0.571875
2 0.453125 0.521875 0.4296875 0.521875 0.4296875 0.6109375 0.453125 0.6109375
2 0.2765625000000001 0.4015625 0.2562500000000001 0.4015625 0.2562500000000001 0.484375 0.2765625000000001 0.484375
2 0.63125 0.5671875 0.609375 0.5671875 0.609375 0.6546875 0.63125 0.6546875
2 0.3343750000000001 0.4171875 0.3140625000000001 0.4171875 0.3140625000000001 0.4875 0.3343750000000001 0.4875
3 0.9390625 0.6437500000000002 0.9171875 0.6437500000000002 0.9171875 0.7343750000000002 0.9390625 0.7343750000000002
2 0.15000000000000005 0.4171875 0.12968750000000004 0.4171875 0.12968750000000004 0.5078125 0.15000000000000005 0.5078125
2 0.16718750000000004 0.4390625 0.15000000000000005 0.4390625 0.15000000000000005 0.5171875 0.16718750000000004 0.5171875
2 0.15781250000000008 0.4765625 0.13906250000000003 0.4765625 0.13906250000000006 0.5609375 0.15781250000000008 0.5609375
2 0.9234375 0.6343750000000001 0.9078125 0.6343750000000001 0.9078125 0.7031250000000002 0.9234375 0.7031250000000002
2 0.09531250000000006 0.45625 0.07343750000000007 0.45625 0.07343750000000007 0.5421875 0.09531250000000006 0.5421875
2 0.2015625000000001 0.4328125 0.18750000000000006 0.4328125 0.18750000000000006 0.503125 0.2015625000000001 0.503125
2 0.21250000000000008 0.4328125 0.19687500000000005 0.4328125 0.19687500000000005 0.5140625 0.21250000000000008 0.5140625
2 0.22812500000000008 0.421875 0.2062500000000001 0.421875 0.2062500000000001 0.5015625 0.22812500000000008 0.5015625
2 0.12968750000000004 0.4296875 0.11093750000000005 0.4296875 0.11093750000000005 0.509375 0.12968750000000004 0.509375
1 0.3812500000000001 0.39062500000000006 0.3609375000000001 0.390625 0.3609375000000001 0.4625 0.3812500000000001 0.4625