2 0.746875 0.28593750000000007 0.728125 0.28593750000000007 0.728125 0.3828125000000001 0.746875 0.3828125000000001
2 0.440625 0.3218750000000001 0.40625 0.3218750000000001 0.40625 0.428125 0.440625 0.428125
1 0.5421875 0.15468750000000003 0.5140625 0.15468750000000003 0.5140625 0.2562500000000001 0.5421875 0.2562500000000001
2 0.33281250000000007 0.2765625 0.2953125 0.2765625 0.29531250000000003 0.3671875 0.33281250000000007 0.3671875
3 0.5984375 0.5640625 0.578125 0.5640625 0.578125 0.684375 0.5984375 0.684375
2 0.628125 0.22812500000000008 0.6046875 0.22812500000000008 0.6046875 0.2843750000000001 0.628125 0.2843750000000001
2 0.38906250000000003 0.3390625000000001 0.3671875 0.3390625000000001 0.36718750000000006 0.44375 0.3890625000000001 0.44375
2 0.6171875 0.3609375000000001 0.596875 0.3609375000000001 0.596875 0.4640625 0.6171875 0.4640625
2 0.425 0.51875 0.38750000000000007 0.51875 0.38750000000000007 0.6015625 0.425 0.6015625
2 0.6390625 0.33281250000000007 0.61875 0.33281250000000007 0.61875 0.434375 0.6390625 0.434375
2 0.7046875 0.33281250000000007 0.68125 0.33281250000000007 0.68125 0.4546875 0.7046875 0.4546875
2 0.6578125 0.3515625000000001 0.6375 0.3515625000000001 0.6375 0.4609375 0.6578125 0.4609375
2 0.4375 0.3890625000000001 0.3984375000000001 0.3890625000000001 0.3984375000000001 0.4984375 0.4375 0.4984375
2 0.3687500000000001 0.521875 0.3234375000000001 0.521875 0.3234375000000001 0.625 0.3687500000000001 0.625
0 0.5828125 0.24375000000000008 0.571875 0.24375000000000008 0.571875 0.2593750000000001 0.5828125 0.2593750000000001
2 0.553125 0.4109375 0.5109375 0.4109375 0.5109375 0.503125 0.553125 0.503125
2 0.6046875 0.2812500000000001 0.5640625 0.2812500000000001 0.5640625 0.3531250000000001 0.6046875 0.3531250000000001
2 0.5484375 0.2562500000000001 0.528125 0.2562500000000001 0.528125 0.3500000000000001 0.5484375 0.3500000000000001
2 0.75 0.5000000000000001 0.70625 0.5 0.70625 0.6000000000000001 0.75 0.6000000000000002
2 0.6203125000000002 0.75625 0.5812500000000002 0.75625 0.5812500000000002 0.8828125 0.6203125000000002 0.8828125
2 0.5703125 0.3578125000000001 0.546875 0.3578125000000001 0.546875 0.4515625 0.5703125 0.4515625
2 0.678125 0.3500000000000001 0.6578125 0.3500000000000001 0.6578125 0.4671875 0.678125 0.4671875
2 0.565625 0.25468750000000007 0.5453125 0.25468750000000007 0.5453125 0.34062500000000007 0.565625 0.34062500000000007