2 0.12968750000000004 0.45625 0.10468750000000004 0.45625 0.10468750000000004 0.5390625 0.12968750000000004 0.5390625
2 0.3109375 0.2828125 0.290625 0.2828125 0.290625 0.353125 0.3109375 0.353125
2 0.790625 0.5015625000000001 0.76875 0.5015625000000001 0.76875 0.5828125000000002 0.790625 0.5828125000000002
3 0.8953125 0.3296875000000001 0.8765625 0.3296875000000001 0.8765625 0.39531250000000007 0.8953125 0.39531250000000007
2 0.6125 0.2718750000000001 0.596875 0.2718750000000001 0.596875 0.3359375000000001 0.6125 0.3359375000000001
2 0.63125 0.2640625000000001 0.615625 0.2640625000000001 0.615625 0.3265625000000001 0.63125 0.3265625000000001
0 0.14531250000000004 0.528125 0.13593750000000004 0.528125 0.13593750000000004 0.54375 0.14531250000000004 0.54375
2 0.3265625000000001 0.40625 0.3046875000000001 0.40625 0.3046875000000001 0.478125 0.3265625000000001 0.478125
3 0.596875 0.08750000000000006 0.5796875 0.08750000000000006 0.5796875 0.1359375000000001 0.596875 0.1359375000000001
2 0.409375 0.3218750000000001 0.39375 0.3218750000000001 0.39375000000000004 0.3843750000000001 0.409375 0.3843750000000001
1 0.14531250000000004 0.225 0.12812500000000004 0.225 0.12812500000000004 0.2859375 0.14531250000000004 0.2859375
2 0.70625 0.521875 0.675 0.521875 0.675 0.6046875 0.70625 0.6046875
2 0.809375 0.1359375000000001 0.796875 0.1359375000000001 0.796875 0.18750000000000008 0.809375 0.18750000000000008
2 0.9859375 0.2390625000000001 0.96875 0.2390625000000001 0.96875 0.3000000000000001 0.9859375 0.3000000000000001