2 0.659375 0.2906250000000001 0.6390625 0.2906250000000001 0.6390625 0.3671875000000001 0.659375 0.3671875000000001
2 0.74375 0.5562500000000001 0.7171875 0.55625 0.7171875 0.6359375 0.74375 0.6359375000000002
2 0.71875 0.4671875 0.69375 0.4671875 0.69375 0.553125 0.71875 0.553125
2 0.07968750000000005 0.44375 0.04375000000000005 0.44375 0.04375000000000006 0.525 0.07968750000000006 0.525
2 0.9953125 0.2140625000000001 0.9703125 0.2140625000000001 0.9703125 0.2843750000000001 0.9953125 0.2843750000000001
2 0.41875 0.490625 0.3968750000000001 0.490625 0.3968750000000001 0.590625 0.41875 0.590625
2 0.44375 0.5140625 0.41875 0.5140625 0.41875 0.59375 0.44375 0.59375
3 0.75625 0.4359375000000002 0.7328125 0.4359375000000002 0.7328125 0.5328125000000001 0.75625 0.5328125000000001
2 0.5140625 0.3703125000000001 0.4890625 0.3703125000000001 0.4890625 0.4515625 0.5140625 0.4515625
2 0.8421875 0.28593750000000007 0.8203125 0.28593750000000007 0.8203125 0.35625000000000007 0.8421875 0.35625000000000007
3 0.4671875 0.09687500000000006 0.453125 0.09687500000000004 0.453125 0.15156250000000004 0.4671875 0.15156250000000004
2 0.2468750000000001 0.540625 0.22031250000000008 0.540625 0.22031250000000008 0.6359375 0.2468750000000001 0.6359375
2 0.6015625 0.1937500000000001 0.5875 0.1937500000000001 0.5875 0.2593750000000001 0.6015625 0.2593750000000001
2 0.9875 0.8484375 0.9328125 0.8484375 0.9328125 0.984375 0.9875 0.984375
2 0.796875 0.36406250000000007 0.771875 0.36406250000000007 0.771875 0.43750000000000017 0.796875 0.43750000000000017
2 0.2968750000000001 0.7796875 0.2515625000000001 0.7796875 0.2515625000000001 0.9109375 0.2968750000000001 0.9109375
0 0.3921875000000001 0.68125 0.3812500000000001 0.68125 0.3812500000000001 0.7015625 0.3921875000000001 0.7015625
2 0.29375000000000007 0.2921875 0.2734375 0.2921875 0.27343750000000006 0.3734375 0.29375000000000007 0.3734375