2 0.5109375 0.2656250000000001 0.4984375 0.2656250000000001 0.4984375 0.3187500000000001 0.5109375 0.3187500000000001
2 0.5078125000000002 0.934375 0.4859375000000002 0.934375 0.4859375000000002 1 0.5078125000000002 1
2 0.753125 0.2500000000000001 0.740625 0.2500000000000001 0.740625 0.30156250000000007 0.753125 0.30156250000000007
2 0.5109375 0.4734375 0.49375 0.4734375 0.49375 0.5359375 0.5109375 0.5359375
2 0.296875 0.19843750000000004 0.284375 0.19843750000000004 0.284375 0.24375 0.296875 0.24375
2 0.21250000000000005 0.346875 0.19843750000000004 0.346875 0.19843750000000004 0.4078125 0.21250000000000008 0.4078125
2 0.25468750000000007 0.5296875 0.2375000000000001 0.5296875 0.2375000000000001 0.6046875 0.25468750000000007 0.6046875
2 0.5625000000000002 0.9421875 0.5359375000000002 0.9421875 0.5359375000000002 0.9984375 0.5625000000000002 0.9984375
2 0.515625 0.38750000000000007 0.4984375 0.38750000000000007 0.4984375 0.4453125 0.515625 0.4453125
2 0.5109375 0.540625 0.4984375 0.540625 0.4984375 0.6125 0.5109375 0.6125
2 0.765625 0.3140625000000001 0.753125 0.3140625000000001 0.753125 0.3703125000000001 0.765625 0.3703125000000001
2 0.565625 0.3234375000000001 0.553125 0.3234375000000001 0.553125 0.37968750000000007 0.565625 0.37968750000000007
2 0.6703125 0.425 0.6578125 0.425 0.6578125 0.5 0.6703125 0.5
2 0.4984375000000002 0.765625 0.4734375000000002 0.765625 0.4734375000000002 0.8671875 0.4984375000000002 0.8671875
2 0.8765625 0.6203125000000002 0.8546875 0.6203125000000002 0.8546875 0.7000000000000002 0.8765625 0.7000000000000002
2 0.503125 0.2093750000000001 0.49375 0.2093750000000001 0.49375 0.2578125000000001 0.503125 0.2578125000000001
2 0.15781250000000005 0.4390625 0.13750000000000004 0.4390625 0.13750000000000004 0.5140625 0.15781250000000005 0.5140625
2 0.4984375 0.2812500000000001 0.4859375 0.2812500000000001 0.4859375 0.3343750000000001 0.4984375 0.3343750000000001
2 0.446875 0.3218750000000001 0.4328125 0.3218750000000001 0.4328125 0.3828125000000001 0.446875 0.3828125000000001
2 0.40625 0.459375 0.3921875000000001 0.459375 0.3921875000000001 0.521875 0.40625 0.521875
2 0.3140625 0.259375 0.3 0.259375 0.3 0.3125 0.3140625 0.3125
2 0.85625 0.4125000000000002 0.8359375 0.4125000000000002 0.8359375 0.47968750000000016 0.85625 0.47968750000000016
0 0.50625 0.43125 0.4984375 0.43125 0.4984375 0.440625 0.50625 0.440625
2 0.7 0.37187500000000007 0.6875 0.37187500000000007 0.6875 0.4328125 0.7 0.4328125
2 0.384375 0.34062500000000007 0.3703125 0.34062500000000007 0.37031250000000004 0.3984375000000001 0.3843750000000001 0.3984375000000001