2 0.665625 8.055879725641184e-17 0.65 7.960204194457795e-17 0.65 0.04062500000000008 0.665625 0.04062500000000008
2 0.6734375 0.3687500000000001 0.6421875 0.3687500000000001 0.6421875 0.478125 0.6734375 0.478125
2 0.16875000000000007 0.5296875 0.12812500000000004 0.5296875 0.12812500000000007 0.6515625 0.1687500000000001 0.6515625
2 0.65 0.1750000000000001 0.628125 0.1750000000000001 0.628125 0.27031250000000007 0.65 0.27031250000000007
2 0.7296875 0.7140625 0.6875 0.7140625 0.6875000000000001 0.8796875 0.7296875000000002 0.8796875
2 0.3546875000000001 0.55 0.3156250000000001 0.55 0.3156250000000001 0.646875 0.3546875000000001 0.646875
2 0.032812500000000036 0.2484375 0.00468750000000003 0.2484375 0.004687500000000037 0.3640625 0.03281250000000004 0.3640625
2 1 0.2140625000000001 0.9765625 0.2140625000000001 0.9765625 0.32500000000000007 1 0.32500000000000007
2 0.4 0.3312500000000001 0.371875 0.3312500000000001 0.37187500000000007 0.4421875 0.4 0.4421875
2 0.584375 0.13437500000000008 0.5640625 0.13437500000000008 0.5640625 0.21875000000000008 0.584375 0.21875000000000008
2 0.4703125 0.3218750000000001 0.4421875 0.3218750000000001 0.4421875 0.4390625 0.4703125 0.4390625
0 0.2484375000000001 0.6671875 0.2312500000000001 0.6671875 0.2312500000000001 0.69375 0.2484375000000001 0.69375
3 0.76875 0.1625000000000001 0.746875 0.1625000000000001 0.746875 0.2390625000000001 0.76875 0.2390625000000001
2 0.3125 0.15156250000000004 0.290625 0.15156250000000004 0.290625 0.2375 0.3125 0.2375
2 0.9765625 0.003125000000000118 0.9546875 0.0031250000000001164 0.9546875 0.06718750000000011 0.9765625 0.06718750000000011
2 0.934375 0.6906250000000002 0.8859375 0.6906250000000002 0.8859375 0.83125 0.934375 0.83125
2 0.8140625 0.057812500000000086 0.7890625 0.057812500000000086 0.7890625 0.1296875000000001 0.8140625 0.1296875000000001