2 0.17656250000000004 0.34375 0.15468750000000003 0.34375 0.15468750000000003 0.4265625 0.17656250000000004 0.4265625
2 0.415625 0.16406250000000006 0.3953125 0.16406250000000006 0.3953125 0.2250000000000001 0.415625 0.2250000000000001
2 0.8046875 0.2968750000000001 0.775 0.2968750000000001 0.775 0.3750000000000001 0.8046875 0.3750000000000001
2 0.7765625 0.6781250000000002 0.7453125 0.6781250000000002 0.7453125 0.8 0.7765625000000002 0.8
2 0.409375 0.3296875000000001 0.3890625 0.3296875000000001 0.38906250000000003 0.4109375 0.409375 0.4109375
3 0.19062500000000007 0.50625 0.16718750000000004 0.50625 0.16718750000000007 0.6125 0.1906250000000001 0.6125
2 0.675 0.4453125 0.6390625 0.4453125 0.6390625 0.53125 0.675 0.53125
2 0.5046875 0.596875 0.4796875 0.596875 0.4796875 0.7125 0.5046875 0.7125
3 0.334375 0.12500000000000006 0.31875 0.12500000000000006 0.31875 0.17812500000000003 0.334375 0.17812500000000003
2 0.9921875 0.44062500000000016 0.9625 0.44062500000000016 0.9625 0.5421875000000002 0.9921875 0.5421875000000002
2 0.07031250000000006 0.45 0.04375000000000005 0.45 0.04375000000000006 0.546875 0.07031250000000007 0.546875
2 0.20000000000000004 0.2875 0.16875000000000004 0.2875 0.16875000000000004 0.3640625 0.2000000000000001 0.3640625
0 0.771875 0.3968750000000001 0.7625 0.3968750000000001 0.7625 0.4125000000000002 0.771875 0.4125000000000002
2 0.5796875 0.4953125 0.5546875 0.4953125 0.5546875 0.5953125 0.5796875 0.5953125
2 0.3265625000000001 0.45625 0.2968750000000001 0.45625 0.2968750000000001 0.5484375 0.3265625000000001 0.5484375
2 0.23437500000000008 0.7765625 0.19531250000000008 0.7765625 0.1953125000000001 0.9265625 0.23437500000000008 0.9265625
2 0.2828125000000001 0.4890625 0.2500000000000001 0.4890625 0.2500000000000001 0.5921875 0.2828125000000001 0.5921875
2 0.25625 0.253125 0.23125 0.253125 0.23125 0.321875 0.25625 0.321875
2 0.12031250000000004 0.328125 0.09531250000000005 0.328125 0.09531250000000005 0.41875 0.12031250000000004 0.41875
2 0.6515625 0.2812500000000001 0.621875 0.2812500000000001 0.621875 0.3453125000000001 0.6515625 0.3453125000000001