2 0.35156250000000006 0.17656250000000004 0.30625 0.17656250000000004 0.30625 0.503125 0.3515625000000001 0.503125
2 0.27187500000000003 0.19218750000000004 0.2375 0.19218750000000004 0.23750000000000004 0.5375 0.2718750000000001 0.5375
2 0.85625 1.0122471199202341e-16 0.796875 9.758904180705471e-17 0.796875 0.15781250000000008 0.85625 0.15781250000000008
2 0.23750000000000004 0.203125 0.18281250000000004 0.203125 0.18281250000000007 0.5671875 0.2375000000000001 0.5671875
2 0.4578125 0.11093750000000005 0.4109375 0.11093750000000005 0.4109375 0.428125 0.4578125 0.428125
2 0.7937500000000001 0.7171875000000001 0.709375 0.7171875 0.7093750000000001 1 0.7937500000000002 1
2 0.7703125 9.070040356185083e-17 0.7109375 8.706473337688214e-17 0.7109375 0.24218750000000008 0.7703125 0.24218750000000008
2 0.38750000000000007 0.16406250000000006 0.3484375 0.16406250000000006 0.34843750000000007 0.48125 0.38750000000000007 0.48125
2 0.31562500000000004 0.16406250000000006 0.26875 0.16406250000000006 0.26875000000000004 0.525 0.3156250000000001 0.525
2 0.703125 8.266365894244634e-17 0.646875 7.921933981984441e-17 0.646875 0.2484375000000001 0.703125 0.2484375000000001
0 0.8234375 0.7953125000000002 0.7843750000000002 0.7953125000000002 0.7843750000000002 0.8625 0.8234375 0.8625
2 0.9109375 1.0763497258131032e-16 0.846875 1.0371227580279147e-16 0.846875 0.1578125000000001 0.9109375 0.15781250000000013
2 0.9953125 1.1873333419858324e-16 0.94375 1.1557604166953146e-16 0.94375 0.06093750000000011 0.9953125 0.06093750000000011