2 0.625 0.1609375000000001 0.58125 0.1609375000000001 0.58125 0.2453125000000001 0.625 0.2453125000000001
0 0.5578125 0.3218750000000001 0.5453125 0.3218750000000001 0.5453125 0.3421875000000001 0.5578125 0.3421875000000001
2 0.515625 0.2640625000000001 0.48125 0.2640625000000001 0.48125 0.3750000000000001 0.515625 0.3750000000000001
2 0.21406250000000004 0.2984375 0.16875000000000004 0.2984375 0.16875000000000004 0.409375 0.2140625000000001 0.409375
2 0.334375 0.16562500000000005 0.3046875 0.16562500000000005 0.3046875 0.26875 0.334375 0.26875
2 0.584375 0.14062500000000008 0.55 0.14062500000000008 0.55 0.2390625000000001 0.584375 0.2390625000000001
2 0.81875 0.2796875000000001 0.7890625 0.2796875000000001 0.7890625 0.4125000000000002 0.81875 0.4125000000000002
2 0.35 0.19687500000000005 0.3203125 0.19687500000000005 0.3203125 0.290625 0.35 0.290625
2 0.14062500000000008 0.6140625 0.08750000000000006 0.6140625 0.08750000000000008 0.7703125 0.14062500000000008 0.7703125
2 0.471875 0.21250000000000008 0.4265625 0.21250000000000008 0.4265625 0.30937500000000007 0.471875 0.30937500000000007
2 0.17031250000000003 0.2359375 0.13593750000000004 0.2359375 0.13593750000000004 0.34375 0.17031250000000003 0.34375
2 0.4703125 0.32500000000000007 0.43125 0.32500000000000007 0.43125 0.4390625 0.4703125 0.4390625