2 0.15312500000000004 0.2984375 0.12343750000000005 0.2984375 0.12343750000000005 0.4234375 0.15312500000000004 0.4234375
2 0.515625 0.3046875000000001 0.4796875 0.3046875000000001 0.4796875 0.425 0.515625 0.425
2 0.6546875 0.27812500000000007 0.615625 0.27812500000000007 0.615625 0.3968750000000001 0.6546875 0.3968750000000001
2 0.44375 0.2390625000000001 0.4046875 0.2390625000000001 0.4046875 0.3468750000000001 0.44375 0.3468750000000001
2 0.45625 0.13906250000000003 0.4265625 0.13906250000000003 0.4265625 0.25468750000000007 0.45625 0.25468750000000007
2 0.15625000000000006 0.215625 0.12968750000000004 0.215625 0.12968750000000004 0.31875 0.15625000000000006 0.31875
2 0.028125000000000067 0.4703125 0.0015625000000000575 0.4703125 0.0015625000000000656 0.603125 0.028125000000000077 0.603125
2 0.571875 0.17343750000000008 0.540625 0.17343750000000005 0.540625 0.2890625000000001 0.571875 0.2890625000000001
2 0.30156250000000007 0.2734375 0.2625 0.2734375 0.26250000000000007 0.3921875 0.30156250000000007 0.3921875
2 0.415625 0.21093750000000008 0.3703125 0.21093750000000008 0.3703125 0.3031250000000001 0.415625 0.3031250000000001
0 0.4546875 0.23437500000000008 0.4453125 0.23437500000000008 0.4453125 0.2515625000000001 0.4546875 0.2515625000000001
2 0.12968750000000004 0.284375 0.08593750000000004 0.284375 0.08593750000000004 0.3828125 0.12968750000000004 0.3828125
2 0.2578125000000001 0.6296875 0.2000000000000001 0.6296875 0.2000000000000001 0.7578125 0.2578125000000001 0.7578125