2 0.3890625000000001 0.38125000000000003 0.3625000000000001 0.38125 0.3625000000000001 0.5109375 0.3890625000000001 0.5109375
2 0.596875 0.6953125 0.55625 0.6953125 0.5562500000000001 0.796875 0.5968750000000002 0.796875
2 0.2906250000000001 0.4984375 0.2515625000000001 0.4984375 0.2515625000000001 0.6390625 0.2906250000000001 0.6390625
0 0.7359375 0.5859375000000001 0.7203125 0.5859375 0.7203125 0.6171875000000001 0.7359375 0.6171875000000002
2 0.78125 0.1921875000000001 0.7578125 0.1921875000000001 0.7578125 0.3031250000000001 0.78125 0.3031250000000001
2 0.2140625000000001 0.50625 0.17968750000000006 0.50625 0.17968750000000006 0.646875 0.2140625000000001 0.646875
3 0.915625 0.014062500000000111 0.8984375 0.014062500000000111 0.8984375 0.09218750000000012 0.915625 0.09218750000000012
2 0.75625 0.2812500000000001 0.7171875 0.2812500000000001 0.7171875 0.4000000000000001 0.75625 0.4000000000000002
2 0.63125 0.4578125 0.6015625 0.4578125 0.6015625 0.5734375 0.63125 0.5734375
3 0.8265625 0.4546875000000002 0.7953125 0.4546875000000002 0.7953125 0.5953125000000001 0.8265625 0.5953125000000001
2 0.6078125 0.50625 0.5671875 0.50625 0.5671875 0.628125 0.6078125 0.628125
2 0.6859375000000001 0.6453125 0.646875 0.6453125 0.6468750000000001 0.7765625 0.6859375000000002 0.7765625
1 0.17187500000000003 0.15 0.146875 0.15 0.14687500000000003 0.2515625 0.17187500000000006 0.2515625
2 0.3906250000000001 0.6546875 0.3515625000000001 0.6546875 0.3515625000000001 0.809375 0.3906250000000001 0.809375
2 0.5046875 0.27031250000000007 0.4796875 0.27031250000000007 0.4796875 0.3890625000000001 0.5046875 0.3890625000000001
2 0.4140625000000001 0.5921875 0.3843750000000001 0.5921875 0.3843750000000001 0.7484375 0.41406250000000017 0.7484375