2 0.3625 0.2703125 0.3484375 0.2703125 0.3484375 0.33125 0.3625 0.33125
2 0.60625 0.27031250000000007 0.5921875 0.27031250000000007 0.5921875 0.3234375000000001 0.60625 0.3234375000000001
2 0.9796875 0.3500000000000001 0.9609375 0.3500000000000001 0.9609375 0.41406250000000017 0.9796875 0.41406250000000017
3 0.7796875 0.3656250000000001 0.7609375 0.3656250000000001 0.7609375 0.4343750000000002 0.7796875 0.4343750000000002
2 0.946875 0.2750000000000001 0.9296875 0.2750000000000001 0.9296875 0.3265625000000001 0.946875 0.3265625000000001
2 0.740625 0.5046875000000001 0.7078125 0.5046875 0.7078125 0.5843750000000001 0.740625 0.5843750000000002
2 0.9078125 0.2515625000000001 0.8921875 0.2515625000000001 0.8921875 0.3046875000000001 0.9078125 0.3046875000000001
2 0.4078125 0.3156250000000001 0.3875 0.3156250000000001 0.38750000000000007 0.3828125000000001 0.4078125 0.3828125000000001
3 0.4296875 0.18281250000000004 0.41875 0.18281250000000004 0.41875 0.2296875000000001 0.4296875 0.2296875000000001
2 0.6046875 0.6125 0.58125 0.6125 0.58125 0.70625 0.6046875 0.70625
2 0.7906250000000001 0.7515625000000001 0.7640625000000002 0.7515625000000001 0.7640625000000002 0.85625 0.7906250000000001 0.85625
2 0.80625 0.33281250000000007 0.7890625 0.33281250000000007 0.7890625 0.3937500000000001 0.80625 0.3937500000000001
2 0.934375 0.3000000000000001 0.9140625 0.3000000000000001 0.9140625 0.3609375000000001 0.934375 0.3609375000000001
2 0.16406250000000006 0.521875 0.14375000000000004 0.521875 0.14375000000000007 0.6109375 0.16406250000000008 0.6109375
2 0.4296875 0.3625000000000001 0.4140625 0.3625000000000001 0.4140625 0.428125 0.4296875 0.428125
0 0.20312500000000008 0.5734375 0.1937500000000001 0.5734375 0.1937500000000001 0.5890625 0.20312500000000008 0.5890625
2 0.6625 0.38750000000000007 0.646875 0.38750000000000007 0.646875 0.45625 0.6625 0.45625
2 0.5109375 0.459375 0.4921875 0.459375 0.4921875 0.53125 0.5109375 0.53125
2 0.89375 0.5765625000000002 0.8640625 0.5765625000000002 0.8640625 0.6593750000000002 0.89375 0.6593750000000002
2 0.54375 0.2234375000000001 0.5296875 0.2234375000000001 0.5296875 0.2765625000000001 0.54375 0.2765625000000001