2 0.234375 0.2828125 0.2125 0.2828125 0.2125 0.353125 0.234375 0.353125
2 0.675 0.017187500000000085 0.659375 0.017187500000000085 0.659375 0.0671875000000001 0.675 0.0671875000000001
2 0.5265625 0.5953125 0.490625 0.5953125 0.490625 0.665625 0.5265625 0.665625
2 0.828125 0.5578125000000002 0.8046875 0.5578125000000002 0.8046875 0.6609375000000002 0.828125 0.6609375000000002
2 0.71875 0.2578125000000001 0.6953125 0.2578125000000001 0.6953125 0.3281250000000001 0.71875 0.3281250000000001
2 0.25625 0.25 0.2328125 0.25 0.2328125 0.3203125 0.25625 0.3203125
2 0.7390625 0.1546875000000001 0.71875 0.1546875000000001 0.71875 0.22031250000000008 0.7390625 0.22031250000000008
2 0.5406250000000001 0.7390625 0.4984375000000002 0.7390625 0.4984375000000002 0.84375 0.5406250000000001 0.84375
2 0.41875 0.07500000000000004 0.4015625 0.07500000000000004 0.4015625 0.13437500000000005 0.41875 0.13437500000000005
2 0.1531250000000001 0.6765625 0.12343750000000009 0.6765625 0.12343750000000009 0.7859375 0.1531250000000001 0.7859375
2 0.634375 0.5546875 0.609375 0.5546875 0.609375 0.6328125 0.634375 0.6328125
2 0.5484375000000001 0.8390625 0.5093750000000001 0.8390625 0.5093750000000001 0.965625 0.5484375000000001 0.965625
2 0.640625 0.2156250000000001 0.6171875 0.2156250000000001 0.6171875 0.2828125000000001 0.640625 0.2828125000000001
2 0.2453125000000001 0.6625 0.2093750000000001 0.6625 0.2093750000000001 0.75625 0.2453125000000001 0.75625
0 0.5265625000000002 0.840625 0.5171875000000001 0.840625 0.5171875000000001 0.8578125 0.5265625000000002 0.8578125
2 0.34375000000000006 0.3140625 0.321875 0.3140625 0.321875 0.390625 0.3437500000000001 0.390625
2 0.2234375000000001 0.375 0.19531250000000006 0.375 0.19531250000000006 0.459375 0.2234375000000001 0.459375
2 0.3140625000000001 0.4609375 0.2843750000000001 0.4609375 0.2843750000000001 0.546875 0.3140625000000001 0.546875
2 0.4625 0.3468750000000001 0.4375 0.3468750000000001 0.4375 0.4328125 0.4625 0.4328125
2 0.2375000000000001 0.5015625 0.20468750000000008 0.5015625 0.20468750000000008 0.5921875 0.2375000000000001 0.5921875