2 0.6328125 0.2796875000000001 0.6140625 0.2796875000000001 0.6140625 0.3500000000000001 0.6328125 0.3500000000000001
2 0.8234375 0.6937500000000002 0.790625 0.6937500000000002 0.7906250000000001 0.8140625 0.8234375 0.8140625
2 0.37187500000000007 0.29531250000000003 0.35 0.2953125 0.35000000000000003 0.37343750000000003 0.37187500000000007 0.3734375000000001
2 0.609375 0.3656250000000001 0.5828125 0.3656250000000001 0.5828125 0.44375 0.609375 0.44375
3 0.4671875 0.09687500000000007 0.4546875 0.09687500000000007 0.4546875 0.14843750000000006 0.4671875 0.14843750000000006
2 0.6046875 0.24218750000000008 0.5796875 0.24218750000000008 0.5796875 0.3109375000000001 0.6046875 0.3109375000000001
0 0.2609375000000001 0.5 0.2515625000000001 0.5 0.2515625000000001 0.515625 0.2609375000000001 0.515625
2 0.8828125 0.3140625000000001 0.8609375 0.3140625000000001 0.8609375 0.3937500000000001 0.8828125 0.3937500000000001
2 0.9578125 0.2156250000000001 0.9390625 0.2156250000000001 0.9390625 0.2875000000000001 0.9578125 0.2875000000000001
2 0.603125 0.4625 0.575 0.4625 0.575 0.553125 0.603125 0.553125
2 0.2515625000000001 0.4203125 0.22812500000000008 0.4203125 0.22812500000000008 0.5171875 0.2515625000000001 0.5171875
2 0.26250000000000007 0.8 0.2171875000000001 0.8 0.2171875000000001 0.93125 0.26250000000000007 0.93125
2 0.4484375 0.33281250000000007 0.425 0.33281250000000007 0.425 0.4171875 0.4484375 0.4171875
2 0.5953125 0.16562500000000008 0.578125 0.16562500000000008 0.578125 0.22656250000000008 0.5953125 0.22656250000000008
2 0.696875 0.3187500000000001 0.6765625 0.3187500000000001 0.6765625 0.3937500000000001 0.696875 0.3937500000000001
2 0.7765625 0.2062500000000001 0.7578125 0.2062500000000001 0.7578125 0.2750000000000001 0.7765625 0.2750000000000001
2 0.4234375 0.5203125 0.3890625000000001 0.5203125 0.3890625000000001 0.6265625 0.4234375 0.6265625
2 0.6390625 0.446875 0.615625 0.446875 0.615625 0.5484375 0.6390625 0.5484375