2 0.425 0.4015625 0.4 0.4015625 0.4 0.46875 0.425 0.46875
2 0.18906250000000005 0.28125 0.17500000000000004 0.28125 0.17500000000000004 0.3359375 0.18906250000000005 0.3359375
2 0.7125 0.26250000000000007 0.6890625 0.26250000000000007 0.6890625 0.3078125000000001 0.7125 0.3078125000000001
2 0.05312500000000005 0.3828125 0.026562500000000044 0.3828125 0.02656250000000005 0.4421875 0.05312500000000005 0.4421875
2 0.5015625 0.2296875000000001 0.48125 0.2296875000000001 0.48125 0.2796875000000001 0.5015625 0.2796875000000001
2 0.7828125 0.3421875000000001 0.7578125 0.3421875000000001 0.7578125 0.4000000000000002 0.7828125 0.4000000000000002
2 0.4453125 0.6109375 0.415625 0.6109375 0.415625 0.6921875 0.4453125 0.6921875
2 0.796875 0.4984375000000002 0.76875 0.4984375000000002 0.76875 0.5734375000000002 0.796875 0.5734375000000002
3 0.465625 0.3609375000000001 0.446875 0.3609375000000001 0.446875 0.4171875 0.465625 0.4171875
2 0.2640625000000001 0.61875 0.24218750000000008 0.61875 0.24218750000000008 0.69375 0.2640625000000001 0.69375
2 0.75625 0.4546875000000002 0.7328125 0.4546875000000002 0.7328125 0.5156250000000002 0.75625 0.5156250000000002
2 0.2890625 0.2921875 0.271875 0.2921875 0.271875 0.3484375 0.2890625 0.3484375
2 0.55625 0.3515625000000001 0.5359375 0.3515625000000001 0.5359375 0.4125 0.55625 0.4125
2 0.715625 0.35625000000000007 0.69375 0.35625000000000007 0.69375 0.4140625 0.715625 0.4140625
3 0.14218750000000005 0.2015625 0.12656250000000005 0.2015625 0.12656250000000005 0.2484375 0.14218750000000005 0.2484375
2 0.9484375 0.4578125000000002 0.9171875 0.4578125000000002 0.9171875 0.5265625000000002 0.9484375 0.5265625000000002
2 0.23437500000000008 0.4296875 0.21875000000000008 0.4296875 0.21875000000000008 0.49375 0.23437500000000008 0.49375
0 0.61875 0.22031250000000008 0.609375 0.22031250000000008 0.609375 0.23593750000000008 0.61875 0.23593750000000008
2 0.08281250000000007 0.5109375 0.05937500000000007 0.5109375 0.05937500000000007 0.596875 0.08281250000000007 0.596875
2 0.446875 0.51875 0.425 0.51875 0.425 0.584375 0.446875 0.584375
2 0.7640625 0.41406250000000017 0.7375 0.41406250000000017 0.7375 0.4703125000000002 0.7640625 0.4703125000000002