2 0.1828125000000001 0.5734375 0.1531250000000001 0.5734375 0.1531250000000001 0.70625 0.1828125000000001 0.70625
2 0.19687500000000005 0.271875 0.17656250000000004 0.271875 0.17656250000000004 0.3859375 0.19687500000000005 0.3859375
0 0.7015625 0.521875 0.6890625 0.521875 0.6890625 0.546875 0.7015625 0.546875
2 0.5359375000000002 0.8234375 0.49218750000000017 0.8234375 0.49218750000000017 0.9921875 0.5359375000000002 0.9921875
2 0.06875000000000006 0.3953125 0.03906250000000004 0.3953125 0.039062500000000056 0.50625 0.06875000000000006 0.50625
2 0.7453125 0.4234375000000001 0.7109375 0.4234375 0.7109375 0.5375000000000001 0.7453125 0.5375000000000002
2 0.06718750000000007 0.5 0.032812500000000064 0.5 0.03281250000000007 0.628125 0.06718750000000007 0.628125
2 0.6656250000000001 0.6140625 0.6296875 0.6140625 0.6296875000000001 0.753125 0.6656250000000001 0.753125
2 0.6078125 0.2671875000000001 0.5765625 0.2671875000000001 0.5765625 0.36406250000000007 0.6078125 0.36406250000000007
2 0.803125 0.6281250000000002 0.7515625 0.6281250000000002 0.7515625000000001 0.7609375000000002 0.803125 0.7609375000000002
2 0.16718750000000004 0.24375 0.14531250000000004 0.24375 0.14531250000000004 0.3375 0.16718750000000004 0.3375
2 0.43281250000000016 0.7375 0.3968750000000001 0.7375 0.3968750000000001 0.9015625 0.43281250000000016 0.9015625