2 0.7078125 0.3140625000000001 0.6875 0.3140625000000001 0.6875 0.4125 0.7078125 0.4125
2 0.5265625 0.5125 0.5015625 0.5125 0.5015625 0.6375 0.5265625 0.6375
2 0.03437500000000005 0.34375 0.007812500000000042 0.34375 0.007812500000000049 0.4453125 0.03437500000000006 0.4453125
0 0.19218750000000004 0.2796875 0.18281250000000004 0.2796875 0.18281250000000004 0.29375 0.19218750000000004 0.29375
2 0.13281250000000006 0.4421875 0.09531250000000005 0.4421875 0.09531250000000005 0.5546875 0.13281250000000008 0.5546875
2 0.8109375 0.2328125000000001 0.78125 0.2328125000000001 0.78125 0.3140625000000001 0.8109375 0.3140625000000001
2 0.89375 0.1671875000000001 0.86875 0.1671875000000001 0.86875 0.23593750000000008 0.89375 0.23593750000000008
2 0.209375 0.2171875 0.17812500000000003 0.2171875 0.17812500000000003 0.2890625 0.209375 0.2890625
2 0.7078125 0.4265625 0.6765625 0.4265625 0.6765625 0.528125 0.7078125 0.528125
2 0.6921875 0.3671875000000001 0.66875 0.3671875000000001 0.66875 0.4578125 0.6921875 0.4578125
3 0.3921875 0.13125000000000003 0.3703125 0.13125000000000003 0.3703125 0.20468750000000008 0.3921875 0.20468750000000008
3 0.4078125 0.3781250000000001 0.3750000000000001 0.3781250000000001 0.3750000000000001 0.478125 0.4078125 0.478125
2 0.5484375 0.55 0.515625 0.55 0.515625 0.6765625 0.5484375 0.6765625