2 0.7015625 0.5046875 0.653125 0.5046875 0.653125 0.625 0.7015625 0.625
2 0.13125000000000003 0.3078125 0.10156250000000004 0.3078125 0.10156250000000004 0.434375 0.13125000000000003 0.434375
1 0.9046875 0.3968750000000001 0.871875 0.3968750000000001 0.871875 0.5140625000000002 0.9046875 0.5140625000000002
2 0.023437500000000045 0.3015625 3.693075503678737e-17 0.3015625 4.343669115725768e-17 0.4078125 0.02343750000000005 0.4078125
2 0.0750000000000001 0.6953125 0.02656250000000009 0.6953125 0.026562500000000093 0.8546875 0.07500000000000011 0.8546875
2 0.878125 0.5062500000000002 0.8421875 0.5062500000000002 0.8421875 0.6406250000000002 0.878125 0.6406250000000002
2 0.88125 0.5625000000000002 0.8359375 0.5625000000000002 0.8359375 0.7234375000000002 0.88125 0.7234375000000002
2 0.453125 0.2765625000000001 0.421875 0.2765625000000001 0.421875 0.3843750000000001 0.453125 0.3843750000000001
2 0.653125 0.3843750000000001 0.6125 0.3843750000000001 0.6125 0.503125 0.653125 0.503125
2 0.5265625 0.4703125 0.478125 0.4703125 0.478125 0.6046875 0.5265625 0.6046875
2 0.4234375 0.3109375000000001 0.3859375 0.3109375000000001 0.38593750000000004 0.4203125 0.4234375 0.4203125
2 0.5484375000000001 0.7171875 0.5078125 0.7171875 0.5078125000000001 0.8921875 0.5484375000000001 0.8921875
2 0.54375 0.4015625 0.515625 0.4015625 0.515625 0.5296875 0.54375 0.5296875
0 0.38593750000000004 0.3515625000000001 0.3765625 0.3515625000000001 0.3765625 0.3703125000000001 0.3859375000000001 0.3703125000000001
2 0.4078125 0.26250000000000007 0.371875 0.26250000000000007 0.37187500000000007 0.36406250000000007 0.4078125 0.36406250000000007
2 0.6796875 0.415625 0.6515625 0.415625 0.6515625 0.5328125 0.6796875 0.5328125
2 0.8203125 0.6296875000000002 0.7734375 0.6296875000000002 0.7734375000000001 0.7812500000000002 0.8203125 0.7812500000000002