2 0.6140625 0.30156250000000007 0.5828125 0.30156250000000007 0.5828125 0.3812500000000001 0.6140625 0.3812500000000001
2 0.9984375 0.5734375000000002 0.971875 0.5734375000000002 0.971875 0.7156250000000002 0.9984375 0.7156250000000002
2 0.7640625 0.4437500000000001 0.7140625 0.44375 0.7140625 0.5437500000000001 0.7640625 0.5437500000000002
2 0.3937500000000001 0.5265625 0.3546875000000001 0.5265625 0.3546875000000001 0.6328125 0.3937500000000001 0.6328125
3 0.696875 0.5515625 0.6671875 0.5515625 0.6671875 0.6734375 0.696875 0.6734375
3 0.803125 0.0906250000000001 0.784375 0.0906250000000001 0.784375 0.15625000000000008 0.803125 0.15625000000000008
2 0.3437500000000001 0.7734375 0.2984375000000001 0.7734375 0.2984375000000001 0.915625 0.3437500000000001 0.915625
2 0.05625000000000008 0.5296875 0.012500000000000067 0.5296875 0.012500000000000072 0.6453125 0.05625000000000009 0.6453125
2 0.8390625 0.7890625000000002 0.7890625000000002 0.7890625000000002 0.7890625000000002 0.95625 0.8390625 0.95625
2 0.596875 0.4453125 0.5578125 0.4453125 0.5578125 0.5265625 0.596875 0.5265625
2 0.15937500000000007 0.50625 0.12031250000000004 0.50625 0.12031250000000007 0.628125 0.1593750000000001 0.628125
1 0.14375000000000004 0.296875 0.11875000000000005 0.296875 0.11875000000000005 0.3765625 0.14375000000000004 0.3765625
0 0.621875 0.55625 0.6109375 0.55625 0.6109375 0.5734375 0.621875 0.5734375
2 0.2968750000000001 0.6359375 0.2609375000000001 0.6359375 0.2609375000000001 0.7578125 0.2968750000000001 0.7578125
2 0.6765625 0.3593750000000001 0.6328125 0.3593750000000001 0.6328125 0.4453125 0.6765625 0.4453125
2 0.634375 0.48125 0.5890625 0.48125 0.5890625 0.578125 0.634375 0.578125
2 0.953125 0.18125000000000013 0.9296875 0.18125000000000013 0.9296875 0.26250000000000007 0.953125 0.26250000000000007
2 0.8421875 0.5828125000000002 0.8078125 0.5828125000000002 0.8078125 0.7140625000000002 0.8421875 0.7140625000000002