2 0.6484375 0.2515625000000001 0.621875 0.2515625000000001 0.621875 0.3390625000000001 0.6484375 0.3390625000000001
2 0.615625 0.2218750000000001 0.5953125 0.2218750000000001 0.5953125 0.2984375000000001 0.615625 0.2984375000000001
2 0.5046875 0.21250000000000008 0.4828125 0.21250000000000008 0.4828125 0.2968750000000001 0.5046875 0.2968750000000001
2 0.1515625000000001 0.640625 0.11250000000000009 0.640625 0.11250000000000009 0.7734375 0.1515625000000001 0.7734375
2 0.10468750000000007 0.4796875 0.07031250000000007 0.4796875 0.07031250000000007 0.6046875 0.10468750000000009 0.6046875
2 0.4328125 0.2000000000000001 0.4109375 0.2000000000000001 0.4109375 0.2828125000000001 0.4328125 0.2828125000000001
2 0.31250000000000006 0.3421875 0.2859375 0.3421875 0.28593750000000007 0.44375 0.3125000000000001 0.44375
2 0.9671875 0.3515625000000001 0.940625 0.3515625000000001 0.940625 0.4656250000000002 0.9671875 0.4656250000000002
2 0.8796875 0.40625000000000017 0.8484375 0.40625000000000017 0.8484375 0.5218750000000002 0.8796875 0.5218750000000002
2 0.34375000000000006 0.3140625 0.31875 0.3140625 0.31875000000000003 0.4171875 0.3437500000000001 0.4171875
2 0.7875 0.2000000000000001 0.765625 0.2000000000000001 0.765625 0.2843750000000001 0.7875 0.2843750000000001
0 0.10937500000000004 0.3046875 0.10000000000000005 0.3046875 0.10000000000000005 0.321875 0.10937500000000004 0.321875
2 0.5046875 0.17968750000000006 0.4875 0.17968750000000006 0.4875 0.2328125000000001 0.5046875 0.2328125000000001
2 0.5140625 0.13906250000000003 0.5 0.13906250000000003 0.5 0.2093750000000001 0.5140625 0.2093750000000001
2 1 0.3109375000000001 0.9875 0.3109375000000001 0.9875 0.4046875000000002 1 0.4046875000000002
2 0.1890625 0.10156250000000003 0.16875 0.1015625 0.16875 0.1765625 0.1890625 0.17656250000000004
2 0.9375 0.25468750000000007 0.915625 0.25468750000000007 0.915625 0.3437500000000001 0.9375 0.3437500000000001
2 0.709375 0.2750000000000001 0.678125 0.2750000000000001 0.678125 0.3578125000000001 0.709375 0.3578125000000001
2 0.6859375 0.5 0.6546875 0.5 0.6546875 0.6328125 0.6859375 0.6328125
2 0.10312500000000005 0.2359375 0.08125000000000002 0.2359375 0.08125000000000003 0.3234375 0.10312500000000005 0.3234375