2 0.7328125 0.18750000000000008 0.7171875 0.18750000000000008 0.7171875 0.23437500000000008 0.7328125 0.23437500000000008
3 0.5125 0.14375000000000004 0.5 0.14375000000000004 0.5 0.18750000000000006 0.5125 0.18750000000000006
2 0.9609375 0.3781250000000001 0.940625 0.3781250000000001 0.940625 0.44843750000000016 0.9609375 0.44843750000000016
2 0.728125 0.2687500000000001 0.7125 0.2687500000000001 0.7125 0.3281250000000001 0.728125 0.3281250000000001
2 0.5375 0.3140625000000001 0.521875 0.3140625000000001 0.521875 0.3734375000000001 0.5375 0.3734375000000001
2 0.4453125 0.2250000000000001 0.428125 0.2250000000000001 0.428125 0.2828125000000001 0.4453125 0.2828125000000001
2 0.2890625000000001 0.4421875 0.2656250000000001 0.4421875 0.2656250000000001 0.515625 0.2890625000000001 0.515625
2 0.5359375 0.446875 0.5125 0.446875 0.5125 0.528125 0.5359375 0.528125
1 0.21093750000000006 0.3234375 0.18906250000000005 0.3234375 0.18906250000000005 0.3828125 0.21093750000000008 0.3828125
2 0.9609375 0.5359375000000002 0.9359375 0.5359375000000002 0.9359375 0.6203125000000002 0.9609375 0.6203125000000002
2 0.9328125 0.32500000000000007 0.9125 0.32500000000000007 0.9125 0.3859375000000001 0.9328125 0.3859375000000001
2 0.8671875 0.6484375000000002 0.8421875 0.6484375000000002 0.8421875 0.7328125000000002 0.8671875 0.7328125000000002
0 0.1437500000000001 0.696875 0.13281250000000008 0.696875 0.13281250000000008 0.7171875 0.1437500000000001 0.7171875
2 0.5609375 0.5390625 0.540625 0.5390625 0.540625 0.60625 0.5609375 0.60625
3 0.8859375 0.37187500000000007 0.86875 0.37187500000000007 0.86875 0.43750000000000017 0.8859375 0.43750000000000017
2 0.12343750000000009 0.6890625 0.08906250000000009 0.6890625 0.08906250000000009 0.7796875 0.12343750000000009 0.7796875
2 0.9109375 0.6078125000000002 0.8875 0.6078125000000002 0.8875 0.6859375000000002 0.9109375 0.6859375000000002