2 0.6765625 0.4046875 0.6546875 0.4046875 0.6546875 0.471875 0.6765625 0.471875
2 0.8421875 0.4828125000000002 0.8125 0.4828125000000002 0.8125 0.5578125000000002 0.8421875 0.5578125000000002
2 0.5359375000000002 0.834375 0.49218750000000017 0.834375 0.49218750000000017 0.9453125 0.5359375000000002 0.9453125
2 0.628125 0.5046875 0.603125 0.5046875 0.603125 0.58125 0.628125 0.58125
2 0.840625 0.6921875000000002 0.809375 0.6921875000000002 0.809375 0.7890625000000002 0.840625 0.7890625000000002
2 0.10625000000000007 0.4859375 0.08125000000000007 0.4859375 0.08125000000000007 0.5734375 0.1062500000000001 0.5734375
2 0.4937500000000001 0.646875 0.4671875 0.646875 0.4671875000000001 0.73125 0.4937500000000002 0.73125
2 0.2578125000000001 0.403125 0.2312500000000001 0.403125 0.2312500000000001 0.46875 0.2578125000000001 0.46875
2 0.959375 0.44843750000000016 0.9296875 0.44843750000000016 0.9296875 0.5328125000000001 0.959375 0.5328125000000001
2 0.26250000000000007 0.3640625 0.2406250000000001 0.3640625 0.2406250000000001 0.425 0.26250000000000007 0.425
2 0.4203125 0.19375000000000003 0.40625 0.19375000000000003 0.40625 0.2375000000000001 0.4203125 0.2375000000000001
2 0.4078125 0.45625 0.3828125000000001 0.45625 0.3828125000000001 0.53125 0.4078125 0.53125
2 0.1218750000000001 0.5890625 0.10000000000000009 0.5890625 0.10000000000000009 0.65 0.1218750000000001 0.65
2 0.5515625 0.5203125 0.525 0.5203125 0.525 0.596875 0.5515625 0.596875
2 0.3906250000000001 0.603125 0.36406250000000007 0.603125 0.36406250000000007 0.690625 0.3906250000000001 0.690625
2 0.9359375 0.5593750000000002 0.9015625 0.5593750000000002 0.9015625 0.6421875000000001 0.9359375 0.6421875000000001
2 0.11875000000000009 0.6265625 0.07812500000000007 0.6265625 0.07812500000000008 0.7109375 0.11875000000000009 0.7109375
2 0.3531250000000001 0.721875 0.3125000000000001 0.721875 0.3125000000000001 0.81875 0.3531250000000001 0.81875
2 0.7078125000000002 0.815625 0.6625000000000002 0.815625 0.6625000000000002 0.9140625 0.7078125000000002 0.9140625
2 0.525 0.2843750000000001 0.5 0.2843750000000001 0.5 0.3453125000000001 0.525 0.3453125000000001
0 0.521875 0.3343750000000001 0.5140625 0.3343750000000001 0.5140625 0.3515625000000001 0.521875 0.3515625000000001
2 0.41875000000000007 0.690625 0.38750000000000007 0.690625 0.38750000000000007 0.775 0.4187500000000002 0.775
2 0.09843750000000012 0.9390625 0.07031250000000011 0.9390625 0.07031250000000012 1 0.09843750000000014 1