2 0.16562500000000005 0.3234375 0.13906250000000003 0.3234375 0.13906250000000003 0.425 0.16562500000000005 0.425
2 0.653125 0.4125 0.615625 0.4125 0.615625 0.5015625 0.653125 0.5015625
2 0.7171875 0.40625 0.6875 0.40625 0.6875 0.5125 0.7171875 0.5125
2 0.99375 0.3625000000000001 0.971875 0.3625000000000001 0.971875 0.4781250000000002 0.99375 0.4781250000000002
2 0.2093750000000001 0.759375 0.17343750000000008 0.759375 0.17343750000000008 0.9 0.2093750000000001 0.9
2 0.4328125000000001 0.7109375 0.3984375000000001 0.7109375 0.3984375000000001 0.8578125 0.43281250000000016 0.8578125
2 0.2875000000000001 0.49375 0.2578125000000001 0.49375 0.2578125000000001 0.603125 0.2875000000000001 0.603125
2 0.2609375 0.240625 0.2375 0.240625 0.2375 0.334375 0.2609375 0.334375
2 0.6734375000000001 0.621875 0.6359375 0.621875 0.6359375 0.7546875 0.6734375000000001 0.7546875
2 0.6828125 0.5078125 0.64375 0.5078125 0.64375 0.6109375 0.6828125 0.6109375
2 0.10000000000000005 0.38125 0.07500000000000004 0.38125 0.07500000000000005 0.4953125 0.10000000000000005 0.4953125
2 0.31093750000000003 0.3453125 0.290625 0.3453125 0.290625 0.4265625 0.3109375000000001 0.4265625
0 0.6515625 0.5703125 0.640625 0.5703125 0.640625 0.5875 0.6515625 0.5875
3 0.2468750000000001 0.471875 0.2171875000000001 0.471875 0.2171875000000001 0.5875 0.2468750000000001 0.5875
2 0.6484375 0.2640625000000001 0.628125 0.2640625000000001 0.628125 0.3546875000000001 0.6484375 0.3546875000000001
2 0.3671875000000001 0.496875 0.34062500000000007 0.496875 0.34062500000000007 0.6125 0.3671875000000001 0.6125
3 0.359375 0.10156250000000004 0.340625 0.10156250000000004 0.340625 0.17343750000000005 0.359375 0.17343750000000005
2 0.3156250000000001 0.41875 0.2890625000000001 0.41875 0.2890625000000001 0.5328125 0.3156250000000001 0.5328125
2 0.95 0.2296875000000001 0.928125 0.2296875000000001 0.928125 0.3140625000000001 0.95 0.3140625000000001