2 0.16250000000000003 0.334375 0.13281250000000006 0.334375 0.13281250000000006 0.4375 0.16250000000000003 0.4375
2 0.6328125 0.4421875 0.59375 0.4421875 0.59375 0.553125 0.6328125 0.553125
2 0.771875 0.2390625000000001 0.75 0.2390625000000001 0.75 0.3265625000000001 0.771875 0.3265625000000001
2 0.1453125000000001 0.546875 0.1140625000000001 0.546875 0.1140625000000001 0.6703125 0.1453125000000001 0.6703125
2 0.4203125 0.2796875000000001 0.3890625 0.2796875000000001 0.38906250000000003 0.37187500000000007 0.4203125 0.37187500000000007
2 0.90625 0.3281250000000001 0.8796875 0.3281250000000001 0.8796875 0.4265625000000002 0.90625 0.4265625000000002
2 0.6046875 0.020312500000000074 0.5921875 0.020312500000000074 0.5921875 0.07812500000000007 0.6046875 0.07812500000000007
2 0.7109375000000002 0.7453125 0.6578125000000001 0.7453125 0.6578125000000001 0.8875 0.7109375000000002 0.8875
2 0.5578125000000002 0.865625 0.5140625000000002 0.865625 0.5140625000000002 0.9984375 0.5578125000000002 0.9984375
0 0.15781250000000008 0.65 0.1453125000000001 0.65 0.1453125000000001 0.671875 0.15781250000000008 0.671875
2 0.903125 0.07500000000000011 0.8828125 0.07500000000000011 0.8828125 0.13281250000000008 0.903125 0.13281250000000008
2 0.509375 0.13437500000000005 0.4890625 0.13437500000000005 0.4890625 0.2062500000000001 0.509375 0.2062500000000001
2 0.721875 0.69375 0.6875 0.69375 0.6875000000000001 0.8078125 0.7218750000000002 0.8078125
2 0.8015625 0.2796875000000001 0.765625 0.2796875000000001 0.765625 0.3765625000000001 0.8015625 0.3765625000000001
2 0.35625000000000007 0.5859375 0.3156250000000001 0.5859375 0.3156250000000001 0.6921875 0.35625000000000007 0.6921875
2 0.521875 0.415625 0.478125 0.415625 0.478125 0.5125 0.521875 0.5125
2 0.790625 0.4781250000000002 0.7453125 0.4781250000000002 0.7453125 0.5843750000000002 0.790625 0.5843750000000002