2 0.4078125 0.5828125 0.3750000000000001 0.5828125 0.3750000000000001 0.6484375 0.4078125 0.6484375
2 0.8890625 0.5234375000000002 0.85 0.5234375000000002 0.85 0.6203125000000002 0.8890625 0.6203125000000002
2 0.534375 0.4390625 0.5109375 0.4390625 0.5109375 0.5296875 0.534375 0.5296875
3 0.7453125 9.022202590593392e-17 0.728125 8.916959506291665e-17 0.728125 0.03906250000000009 0.7453125 0.03906250000000009
2 0.3312500000000001 0.6171875 0.3000000000000001 0.6171875 0.3000000000000001 0.6984375 0.3312500000000001 0.6984375
2 0.503125 0.4109375 0.478125 0.4109375 0.478125 0.5 0.503125 0.5
3 0.7203125 0.40625 0.7 0.40625 0.7 0.48125 0.7203125 0.48125
2 0.5828125 0.2453125000000001 0.5609375 0.2453125000000001 0.5609375 0.31718750000000007 0.5828125 0.31718750000000007
2 0.7375 0.2515625000000001 0.7125 0.2515625000000001 0.7125 0.31718750000000007 0.7375 0.31718750000000007
2 0.7437500000000001 0.86875 0.7093750000000002 0.86875 0.7093750000000002 0.990625 0.7437500000000001 0.990625
1 0.17187500000000003 0.16875 0.1453125 0.16875 0.1453125 0.234375 0.17187500000000006 0.234375
2 0.7109375 0.4296875 0.6828125 0.4296875 0.6828125 0.515625 0.7109375 0.515625
2 0.5328125 0.55625 0.49375 0.55625 0.49375 0.653125 0.5328125 0.653125
2 0.5765625 0.6359375 0.5421875 0.6359375 0.5421875 0.7171875 0.5765625 0.7171875
2 0.6875 0.1468750000000001 0.665625 0.1468750000000001 0.665625 0.21093750000000008 0.6875 0.21093750000000008
0 0.2953125000000001 0.6875 0.2843750000000001 0.6875 0.2843750000000001 0.709375 0.2953125000000001 0.709375
2 0.953125 0.6359375000000002 0.9125 0.6359375000000002 0.9125 0.7437500000000001 0.953125 0.7437500000000001
2 0.6484375000000001 0.653125 0.6140625 0.653125 0.6140625000000001 0.7546875 0.6484375000000002 0.7546875