2 0.9578125 0.20312500000000008 0.93125 0.20312500000000008 0.93125 0.31718750000000007 0.9578125 0.31718750000000007
2 0.4953125 0.2328125000000001 0.4515625 0.2328125000000001 0.4515625 0.3437500000000001 0.4953125 0.3437500000000001
0 0.5125 0.31718750000000007 0.5 0.31718750000000007 0.5 0.3437500000000001 0.5125 0.3437500000000001
2 0.459375 0.5484375 0.4109375 0.5484375 0.4109375 0.7 0.459375 0.7
2 0.26406250000000003 0.325 0.2328125 0.325 0.23281250000000003 0.453125 0.2640625000000001 0.453125
2 0.721875 0.13437500000000008 0.6921875 0.13437500000000008 0.6921875 0.2328125000000001 0.721875 0.2328125000000001
2 0.7484375 0.3765625000000001 0.7125 0.3765625000000001 0.7125 0.5156250000000001 0.7484375 0.5156250000000002
2 0.646875 0.446875 0.6078125 0.446875 0.6078125 0.58125 0.646875 0.58125
2 0.6 0.2734375000000001 0.5703125 0.2734375000000001 0.5703125 0.4015625 0.6 0.4015625
2 0.11562500000000005 0.284375 0.07656250000000005 0.284375 0.07656250000000005 0.44375 0.11562500000000005 0.44375
2 0.9953125 0.34062500000000007 0.959375 0.34062500000000007 0.959375 0.4593750000000002 0.9953125 0.4593750000000002
2 0.5578125 0.6984375 0.5234375 0.6984375 0.5234375000000001 0.8671875 0.5578125000000002 0.8671875