3 0.08281250000000004 0.2796875 0.06406250000000005 0.2796875 0.06406250000000005 0.3453125 0.08281250000000004 0.3453125
2 0.5390625 0.3625000000000001 0.5109375 0.3625000000000001 0.5109375 0.4296875 0.5390625 0.4296875
2 0.8890625 0.6453125000000002 0.8625 0.6453125000000002 0.8625 0.7500000000000002 0.8890625 0.7500000000000002
2 0.39375000000000004 0.3531250000000001 0.3703125 0.3531250000000001 0.37031250000000004 0.4140625 0.3937500000000001 0.4140625
2 0.5796875 0.409375 0.5515625 0.409375 0.5515625 0.4859375 0.5796875 0.4859375
2 0.6250000000000001 0.7109375 0.5984375 0.7109375 0.5984375000000001 0.8171875 0.6250000000000002 0.8171875
2 0.965625 0.7015625000000002 0.9359375 0.7015625000000002 0.9359375 0.8109375 0.965625 0.8109375
2 0.4265625 0.31718750000000007 0.409375 0.31718750000000007 0.409375 0.3812500000000001 0.4265625 0.3812500000000001
2 0.775 0.3765625000000001 0.746875 0.3765625000000001 0.746875 0.4578125000000002 0.775 0.4578125000000002
2 0.8859375 0.5468750000000002 0.853125 0.5468750000000002 0.853125 0.6406250000000002 0.8859375 0.6406250000000002
0 0.5015625 0.34062500000000007 0.496875 0.34062500000000007 0.496875 0.3531250000000001 0.5015625 0.3531250000000001
2 0.4390625 0.4546875 0.4171875 0.4546875 0.4171875 0.5390625 0.4390625 0.5390625
2 0.22812500000000008 0.596875 0.20312500000000008 0.596875 0.20312500000000008 0.6921875 0.22812500000000008 0.6921875
2 0.3609375000000001 0.3984375 0.34062500000000007 0.3984375 0.34062500000000007 0.471875 0.3609375000000001 0.471875
2 0.3187500000000001 0.653125 0.2953125000000001 0.653125 0.2953125000000001 0.75 0.3187500000000001 0.75
2 0.671875 0.3078125000000001 0.65 0.3078125000000001 0.65 0.37968750000000007 0.671875 0.37968750000000007
2 0.09843750000000005 0.4328125 0.07500000000000004 0.4328125 0.07500000000000005 0.5171875 0.09843750000000007 0.5171875
2 0.50625 0.2906250000000001 0.484375 0.2906250000000001 0.484375 0.3500000000000001 0.50625 0.3500000000000001
2 0.640625 0.565625 0.6109375 0.565625 0.6109375 0.6640625 0.640625 0.6640625
2 0.10625000000000011 0.8203125 0.07812500000000011 0.8203125 0.07812500000000011 0.9359375 0.10625000000000014 0.9359375
3 0.634375 0.4265625 0.6140625 0.4265625 0.6140625 0.5015625 0.634375 0.5015625