2 0.7593750000000001 0.4859375000000001 0.665625 0.4859375 0.6656250000000001 0.934375 0.7593750000000001 0.934375
2 0.796875 0.3468750000000001 0.703125 0.3468750000000001 0.703125 0.5921875000000001 0.796875 0.5921875000000002
2 0.5921875000000002 0.759375 0.5031250000000002 0.759375 0.5031250000000002 0.9984375 0.5921875000000002 0.9984375
2 0.7375000000000002 0.846875 0.6437500000000002 0.846875 0.6437500000000002 0.996875 0.7375000000000002 0.996875
2 0.5781250000000001 0.5453125 0.4609375 0.5453125 0.4609375000000001 0.865625 0.5781250000000002 0.865625
2 0.853125 0.5046875000000002 0.75 0.5046875000000002 0.7500000000000001 0.9296875 0.853125 0.9296875
2 0.478125 0.33281250000000007 0.365625 0.33281250000000007 0.36562500000000003 0.7125 0.478125 0.7125
2 0.578125 0.4046875 0.459375 0.4046875 0.459375 0.6953125 0.578125 0.6953125
0 0.6203125 0.09062500000000007 0.571875 0.09062500000000007 0.571875 0.16562500000000008 0.6203125 0.16562500000000008
2 0.5375000000000002 0.80625 0.4671875000000002 0.80625 0.4671875000000002 1 0.5375000000000002 1
2 0.91875 0.9 0.859375 0.9 0.859375 1 0.91875 1
2 0.7156250000000002 0.784375 0.6218750000000002 0.784375 0.6218750000000002 0.99375 0.7156250000000002 0.99375