2 0.49375 0.3468750000000001 0.46875 0.3468750000000001 0.46875 0.4234375 0.49375 0.4234375
2 0.11562500000000005 0.4109375 0.09375000000000004 0.4109375 0.09375000000000006 0.4953125 0.11562500000000005 0.4953125
3 0.56875 0.4171875 0.5484375 0.4171875 0.5484375 0.490625 0.56875 0.490625
2 0.04218750000000005 0.3984375 0.01562500000000005 0.3984375 0.015625000000000056 0.4828125 0.04218750000000006 0.4828125
2 0.38750000000000007 0.3218750000000001 0.36875 0.3218750000000001 0.36875 0.3859375000000001 0.38750000000000007 0.3859375000000001
0 0.4734375 0.2890625000000001 0.465625 0.2890625000000001 0.465625 0.30156250000000007 0.4734375 0.30156250000000007
2 0.5625 0.4703125 0.5421875 0.4703125 0.5421875 0.55 0.5625 0.55
2 0.6875000000000001 0.63125 0.65625 0.63125 0.6562500000000001 0.728125 0.6875000000000002 0.728125
2 0.4296875 0.26250000000000007 0.4109375 0.26250000000000007 0.4109375 0.3156250000000001 0.4296875 0.3156250000000001
2 0.2484375000000001 0.6546875 0.22031250000000008 0.6546875 0.22031250000000008 0.7671875 0.2484375000000001 0.7671875
2 0.3234375000000001 0.471875 0.30156250000000007 0.471875 0.30156250000000007 0.5484375 0.3234375000000001 0.5484375
2 0.34843750000000007 0.4796875 0.3203125000000001 0.4796875 0.3203125000000001 0.5671875 0.34843750000000007 0.5671875
2 0.86875 0.4906250000000002 0.834375 0.4906250000000002 0.834375 0.5875000000000001 0.86875 0.5875000000000001
2 0.8921875 0.5515625000000002 0.865625 0.5515625000000002 0.865625 0.6578125000000001 0.8921875 0.6578125000000001
2 0.5781250000000001 0.678125 0.5484375 0.678125 0.5484375000000001 0.784375 0.5781250000000002 0.784375
2 0.37812500000000004 0.3609375 0.3578125 0.3609375 0.35781250000000003 0.4390625 0.3781250000000001 0.4390625
2 0.7203125 0.3625000000000001 0.6984375 0.3625000000000001 0.6984375 0.4390625 0.7203125 0.4390625
2 0.534375 0.2734375000000001 0.50625 0.2734375000000001 0.50625 0.3390625000000001 0.534375 0.3390625000000001
2 0.3375 0.3078125 0.3109375 0.3078125 0.31093750000000003 0.375 0.3375000000000001 0.375
2 0.9296875 0.6468750000000002 0.8984375 0.6468750000000002 0.8984375 0.7515625000000001 0.9296875 0.7515625000000001