2 0.13750000000000004 0.415625 0.11093750000000005 0.415625 0.11093750000000005 0.509375 0.13750000000000004 0.509375
2 0.475 0.3140625000000001 0.45 0.3140625000000001 0.45 0.4015625 0.475 0.4015625
2 0.3765625 0.35781250000000003 0.346875 0.3578125 0.34687500000000004 0.4328125 0.3765625000000001 0.4328125
2 0.25468750000000007 0.59375 0.2015625000000001 0.59375 0.2015625000000001 0.7 0.25468750000000007 0.7
2 0.4265625 0.34843750000000007 0.4 0.34843750000000007 0.4 0.4203125 0.4265625 0.4203125
2 0.34062500000000007 0.3046875 0.31875 0.3046875 0.31875000000000003 0.38125 0.34062500000000007 0.38125
2 0.5640625000000001 0.9109375 0.5343750000000002 0.9109375 0.5343750000000002 1 0.5640625000000001 1
2 0.40625 0.3468750000000001 0.38125 0.3468750000000001 0.38125000000000003 0.421875 0.40625 0.421875
2 0.6109375 0.55625 0.584375 0.55625 0.584375 0.6625 0.6109375 0.6625
2 0.4984375 0.50625 0.46875 0.50625 0.46875 0.6140625 0.4984375 0.6140625
0 0.3500000000000001 0.3890625 0.3421875000000001 0.3890625 0.3421875000000001 0.40625 0.3500000000000001 0.40625
2 0.04531250000000005 0.3578125 0.014062500000000044 0.3578125 0.01406250000000005 0.45625 0.045312500000000054 0.45625