2 0.6140625 0.3531250000000001 0.5625 0.3531250000000001 0.5625 0.553125 0.6140625 0.553125
2 0.3921875 0.25625000000000003 0.246875 0.25625 0.24687500000000004 0.8984375 0.3921875000000001 0.8984375
2 0.7265625 0.3453125000000001 0.678125 0.3453125000000001 0.678125 0.5406250000000001 0.7265625 0.5406250000000001
2 0.5671875 0.3531250000000001 0.5109375 0.3531250000000001 0.5109375 0.5625 0.5671875 0.5625
2 0.9 0.36406250000000007 0.8546875 0.36406250000000007 0.8546875 0.5515625000000002 0.9 0.5515625000000002
2 0.6828125 0.35625000000000007 0.6296875 0.35625000000000007 0.6296875 0.5890625 0.6828125 0.5890625
2 0.809375 0.3531250000000001 0.765625 0.3531250000000001 0.765625 0.5546875000000002 0.809375 0.5546875000000002
2 0.25781250000000006 0.3359375 0.17343750000000005 0.3359375 0.17343750000000008 0.6828125 0.2578125000000001 0.6828125
0 0.6546875000000002 0.7625 0.6031250000000001 0.7625 0.6031250000000001 0.85 0.6546875000000002 0.85
2 0.50625 0.3437500000000001 0.43125 0.3437500000000001 0.43125 0.6296875 0.50625 0.6296875
2 0.7703125 0.36406250000000007 0.734375 0.36406250000000007 0.734375 0.5343750000000002 0.7703125 0.5343750000000002
2 0.6484375 0.3453125000000001 0.609375 0.3453125000000001 0.609375 0.5453125 0.6484375 0.5453125
2 0.96875 0.3500000000000001 0.9203125 0.3500000000000001 0.9203125 0.5500000000000002 0.96875 0.5500000000000002