2 0.17343750000000008 0.4609375 0.13750000000000004 0.4609375 0.13750000000000007 0.5890625 0.17343750000000008 0.5890625
2 0.7640625000000001 0.6109375000000001 0.7125 0.6109375 0.7125000000000001 0.7609375 0.7640625000000002 0.7609375000000002
0 0.7109375 0.51875 0.696875 0.51875 0.696875 0.5453125 0.7109375 0.5453125
2 0.14531250000000004 0.36875 0.11093750000000005 0.36875 0.11093750000000005 0.484375 0.14531250000000004 0.484375
2 0.5296875000000002 0.7390625 0.4890625000000002 0.7390625 0.4890625000000002 0.9078125 0.5296875000000002 0.9078125
2 0.33281250000000007 0.2484375 0.30625 0.2484375 0.30625 0.371875 0.33281250000000007 0.371875
2 0.7484375 0.2500000000000001 0.71875 0.2500000000000001 0.71875 0.35625000000000007 0.7484375 0.35625000000000007
2 0.2812500000000001 0.525 0.24218750000000008 0.525 0.24218750000000008 0.640625 0.2812500000000001 0.640625
2 0.6171875000000002 0.853125 0.5828125000000002 0.853125 0.5828125000000002 1 0.6171875000000002 1
2 0.2765625 0.19687500000000005 0.2515625 0.19687500000000005 0.2515625 0.2984375 0.2765625 0.2984375
2 0.8265625 0.5968750000000002 0.7828125 0.5968750000000002 0.7828125000000001 0.7437500000000001 0.8265625 0.7437500000000001
2 0.753125 0.42656250000000007 0.7140625 0.4265625 0.7140625 0.5468750000000001 0.753125 0.5468750000000002