2 0.10312500000000005 0.359375 0.08593750000000004 0.359375 0.08593750000000004 0.434375 0.10312500000000005 0.434375
2 0.5203125 0.4578125 0.5015625 0.4578125 0.5015625 0.54375 0.5203125 0.54375
2 0.5359375 0.578125 0.5234375 0.578125 0.5234375 0.665625 0.5359375 0.665625
2 0.2140625000000001 0.3734375 0.19843750000000004 0.3734375 0.19843750000000004 0.4484375 0.2140625000000001 0.4484375
2 0.35781250000000003 0.328125 0.34375 0.328125 0.34375000000000006 0.4 0.3578125000000001 0.4
2 0.07343750000000006 0.4328125 0.050000000000000044 0.4328125 0.05000000000000006 0.5234375 0.07343750000000007 0.5234375
2 0.5 0.4375 0.478125 0.4375 0.478125 0.5546875 0.5 0.5546875
2 0.19531250000000006 0.2984375 0.17968750000000006 0.2984375 0.17968750000000006 0.36875 0.19531250000000006 0.36875
2 0.690625 0.3765625000000001 0.678125 0.3765625000000001 0.678125 0.4515625 0.690625 0.4515625
2 0.94375 0.3703125000000001 0.928125 0.3703125000000001 0.928125 0.4500000000000002 0.94375 0.4500000000000002
2 0.5953125 0.2250000000000001 0.5796875 0.2250000000000001 0.5796875 0.2765625000000001 0.5953125 0.2765625000000001
2 0.5203125000000001 0.640625 0.496875 0.640625 0.49687500000000007 0.75625 0.5203125000000002 0.75625
2 0.5578125 0.6546875 0.5296875 0.6546875 0.5296875000000001 0.7671875 0.5578125000000002 0.7671875
2 0.22812500000000008 0.421875 0.2093750000000001 0.421875 0.2093750000000001 0.50625 0.22812500000000008 0.50625
0 0.5015625 0.425 0.49375 0.425 0.49375 0.4375 0.5015625 0.4375
3 0.7203125 0.4734375 0.696875 0.4734375 0.696875 0.559375 0.7203125 0.559375
2 0.49375 0.3671875000000001 0.475 0.3671875000000001 0.475 0.440625 0.49375 0.440625
2 0.04843750000000007 0.534375 0.025000000000000067 0.534375 0.02500000000000007 0.625 0.04843750000000008 0.625
2 0.4921875 0.3046875000000001 0.4765625 0.3046875000000001 0.4765625 0.3687500000000001 0.4921875 0.3687500000000001
2 0.5109375 0.29375000000000007 0.4953125 0.29375000000000007 0.4953125 0.3578125000000001 0.5109375 0.3578125000000001
3 0.253125 0.2015625 0.2390625 0.2015625 0.2390625 0.253125 0.253125 0.253125