2 0.84375 0.41406250000000017 0.8140625 0.41406250000000017 0.8140625 0.5109375000000002 0.84375 0.5109375000000002
2 0.2734375 0.28125 0.253125 0.28125 0.253125 0.35625 0.2734375 0.35625
2 0.61875 0.4125 0.5890625 0.4125 0.5890625 0.5078125 0.61875 0.5078125
2 0.646875 0.2656250000000001 0.621875 0.2656250000000001 0.621875 0.34062500000000007 0.646875 0.34062500000000007
2 0.9578125 0.5734375000000002 0.93125 0.5734375000000002 0.93125 0.6796875000000002 0.9578125 0.6796875000000002
2 0.409375 0.534375 0.3921875000000001 0.534375 0.3921875000000001 0.6234375 0.409375 0.6234375
2 0.746875 0.3218750000000001 0.725 0.3218750000000001 0.725 0.3984375000000001 0.746875 0.3984375000000001
2 0.43125 0.54375 0.409375 0.54375 0.409375 0.6296875 0.43125 0.6296875
2 0.75 0.5687500000000001 0.7234375 0.56875 0.7234375 0.6781250000000001 0.75 0.6781250000000002
3 0.715625 0.39531250000000007 0.69375 0.39531250000000007 0.69375 0.4765625 0.715625 0.4765625
2 0.8109375 0.7031250000000002 0.771875 0.7031250000000002 0.7718750000000001 0.825 0.8109375 0.825
2 0.8625 0.5421875000000002 0.8359375 0.5421875000000002 0.8359375 0.6484375000000002 0.8625 0.6484375000000002
2 0.7421875 0.3062500000000001 0.7265625 0.3062500000000001 0.7265625 0.37187500000000007 0.7421875 0.37187500000000007
2 0.36875 0.35625000000000007 0.346875 0.35625 0.34687500000000004 0.4359375 0.3687500000000001 0.4359375
2 0.496875 0.3281250000000001 0.471875 0.3281250000000001 0.471875 0.4046875 0.496875 0.4046875
2 0.3921875 0.2468750000000001 0.375 0.2468750000000001 0.375 0.30937500000000007 0.3921875 0.30937500000000007
2 0.07031250000000006 0.4234375 0.04375000000000005 0.4234375 0.04375000000000006 0.5171875 0.07031250000000007 0.5171875
2 0.3375000000000001 0.4390625 0.3187500000000001 0.4390625 0.3187500000000001 0.5296875 0.3375000000000001 0.5296875
2 0.07031250000000003 0.2421875 0.048437500000000036 0.2421875 0.048437500000000036 0.3140625 0.07031250000000004 0.3140625
0 0.14062500000000006 0.503125 0.12968750000000004 0.503125 0.12968750000000004 0.5234375 0.14062500000000006 0.5234375