2 0.7609375 0.6218750000000001 0.725 0.621875 0.7250000000000001 0.7546875000000001 0.7609375000000002 0.7546875000000002
2 0.36250000000000004 0.340625 0.340625 0.340625 0.34062500000000007 0.428125 0.3625000000000001 0.428125
2 0.6203125 0.4421875 0.590625 0.4421875 0.590625 0.5578125 0.6203125 0.5578125
2 0.953125 0.6125000000000002 0.928125 0.6125000000000002 0.928125 0.6781250000000002 0.953125 0.6781250000000002
0 0.20312500000000008 0.434375 0.19375000000000003 0.434375 0.19375000000000003 0.4515625 0.20312500000000008 0.4515625
2 0.7140625 0.5671875 0.6796875 0.5671875 0.6796875 0.7046875 0.7140625 0.7046875
2 0.33906250000000004 0.30625 0.3125 0.30625 0.31250000000000006 0.390625 0.3390625000000001 0.390625
2 0.14843750000000006 0.3421875 0.12343750000000005 0.3421875 0.12343750000000005 0.440625 0.14843750000000006 0.440625
2 0.7578125 0.5015625000000001 0.7140625 0.5015625 0.7140625 0.6171875000000001 0.7578125 0.6171875000000002
2 0.9671875 0.6593750000000002 0.9359375 0.6593750000000002 0.9359375 0.7875000000000002 0.9671875 0.7875000000000002
2 0.9984375 0.7046875000000001 0.984375 0.7046875000000001 0.984375 0.84375 0.9984375 0.84375
2 0.4375 0.5734375 0.40625 0.5734375 0.40625 0.7015625 0.4375 0.7015625
2 0.3781250000000001 0.43125 0.3421875000000001 0.43125 0.3421875000000001 0.525 0.3781250000000001 0.525
2 0.896875 0.6031250000000001 0.865625 0.6031250000000001 0.865625 0.7375000000000002 0.896875 0.7375000000000002
2 0.19687500000000008 0.6171875 0.1703125000000001 0.6171875 0.1703125000000001 0.7546875 0.19687500000000008 0.7546875
2 0.8296875 0.5390625000000002 0.79375 0.5390625000000002 0.79375 0.6578125000000001 0.8296875 0.6578125000000001
2 0.946875 0.6437500000000002 0.90625 0.6437500000000002 0.90625 0.803125 0.946875 0.803125
2 0.659375 0.465625 0.628125 0.465625 0.628125 0.5859375 0.659375 0.5859375
2 0.9171875 0.5812500000000002 0.8875 0.5812500000000002 0.8875 0.7109375000000002 0.9171875 0.7109375000000002
2 0.2296875000000001 0.4921875 0.20312500000000008 0.4921875 0.20312500000000008 0.6171875 0.2296875000000001 0.6171875
2 0.4828125 0.578125 0.45625 0.578125 0.45625 0.7109375 0.4828125 0.7109375