2 0.19687500000000005 0.4453125 0.17187500000000006 0.4453125 0.17187500000000006 0.534375 0.19687500000000005 0.534375
2 0.6515625 0.50625 0.6203125 0.50625 0.6203125 0.603125 0.6515625 0.603125
2 0.03437500000000005 0.38125 0.006250000000000047 0.38125 0.006250000000000052 0.4703125 0.03437500000000006 0.4703125
2 0.09687500000000007 0.5125 0.07187500000000006 0.5125 0.07187500000000006 0.6109375 0.09687500000000007 0.6109375
2 0.14687500000000003 0.271875 0.12968750000000004 0.271875 0.12968750000000004 0.34375 0.14687500000000003 0.34375
2 0.3921875 0.3000000000000001 0.3703125 0.3000000000000001 0.37031250000000004 0.3781250000000001 0.3921875000000001 0.3781250000000001
2 0.5734375 0.44375 0.553125 0.44375 0.553125 0.5421875 0.5734375 0.5421875
2 0.6234375 0.2890625000000001 0.5875 0.2890625000000001 0.5875 0.34843750000000007 0.6234375 0.34843750000000007
2 0.778125 0.3390625000000001 0.7546875 0.3390625000000001 0.7546875 0.41718750000000016 0.778125 0.41718750000000016
2 0.9578125 0.5171875000000001 0.9296875 0.5171875000000001 0.9296875 0.6234375000000002 0.9578125 0.6234375000000002
2 0.4125 0.3109375000000001 0.3921875 0.3109375000000001 0.3921875 0.3859375000000001 0.4125 0.3859375000000001
2 0.11718750000000004 0.2515625 0.10156250000000004 0.2515625 0.10156250000000004 0.325 0.11718750000000004 0.325
2 0.8734375 0.29375000000000007 0.85625 0.29375000000000007 0.85625 0.37187500000000007 0.8734375 0.37187500000000007
2 0.565625 0.3062500000000001 0.5453125 0.3062500000000001 0.5453125 0.3750000000000001 0.565625 0.3750000000000001
3 0.3343750000000001 0.365625 0.3078125000000001 0.365625 0.3078125000000001 0.45 0.3343750000000001 0.45
3 0.05000000000000003 0.2375 0.029687500000000033 0.2375 0.029687500000000033 0.3 0.050000000000000044 0.3