2 0.409375 0.27031250000000007 0.3875 0.27031250000000007 0.38750000000000007 0.3687500000000001 0.409375 0.3687500000000001
2 0.4546875 0.24218750000000008 0.434375 0.24218750000000008 0.434375 0.3312500000000001 0.4546875 0.3312500000000001
2 0.3031250000000001 0.5859375 0.2828125000000001 0.5859375 0.2828125000000001 0.6828125 0.3031250000000001 0.6828125
3 0.5203125 0.4390625 0.4875 0.4390625 0.4875 0.5484375 0.5203125 0.5484375
2 0.76875 0.07187500000000009 0.75 0.07187500000000009 0.75 0.14062500000000008 0.76875 0.14062500000000008
2 0.4234375 0.50625 0.3968750000000001 0.50625 0.3968750000000001 0.6046875 0.4234375 0.6046875
2 0.796875 0.3812500000000001 0.7703125 0.3812500000000001 0.7703125 0.4906250000000002 0.796875 0.4906250000000002
3 0.7890625 0.0328125000000001 0.775 0.0328125000000001 0.775 0.09218750000000009 0.7890625 0.09218750000000009
2 0.678125 0.2593750000000001 0.65625 0.2593750000000001 0.65625 0.34843750000000007 0.678125 0.34843750000000007
2 0.6328125 0.13281250000000008 0.6140625 0.13281250000000008 0.6140625 0.21093750000000008 0.6328125 0.21093750000000008
2 0.46875 0.2453125000000001 0.45 0.2453125000000001 0.45 0.3343750000000001 0.46875 0.3343750000000001
2 0.29375000000000007 0.584375 0.2750000000000001 0.584375 0.2750000000000001 0.640625 0.29375000000000007 0.640625
1 0.2015625 0.17187500000000003 0.18125 0.171875 0.18125000000000002 0.253125 0.2015625 0.253125
2 0.9734375 0.17812500000000014 0.9484375 0.17812500000000014 0.9484375 0.2671875000000001 0.9734375 0.2671875000000001
2 0.9265625 0.43750000000000017 0.896875 0.43750000000000017 0.896875 0.5468750000000002 0.9265625 0.5468750000000002
2 0.971875 0.5562500000000001 0.9375 0.5562500000000001 0.9375 0.6828125000000002 0.971875 0.6828125000000002
2 0.3000000000000001 0.6171875 0.2687500000000001 0.6171875 0.2687500000000001 0.75625 0.3000000000000001 0.75625
2 0.3859375000000001 0.428125 0.3531250000000001 0.428125 0.3531250000000001 0.534375 0.3859375000000001 0.534375
2 0.784375 0.20468750000000008 0.759375 0.20468750000000008 0.759375 0.29375000000000007 0.784375 0.29375000000000007
2 0.453125 0.534375 0.4125 0.534375 0.4125 0.64375 0.453125 0.64375