0 0.871875 0.6187500000000001 0.8609375 0.6187500000000001 0.8609375 0.6312500000000002 0.871875 0.6312500000000002
2 0.2234375 0.25625 0.2046875 0.25625 0.2046875 0.325 0.2234375 0.325
2 0.8765625 0.6125000000000002 0.85625 0.6125000000000002 0.85625 0.7328125000000002 0.8765625 0.7328125000000002
2 0.7296875 0.5453125000000001 0.709375 0.5453125 0.709375 0.6359375 0.7296875 0.6359375000000002
2 0.7984375 0.5156250000000002 0.7703125 0.5156250000000002 0.7703125 0.6046875000000002 0.7984375 0.6046875000000002
2 0.08281250000000008 0.5671875 0.06093750000000007 0.5671875 0.060937500000000075 0.6609375 0.0828125000000001 0.6609375
2 0.4234375 0.3984375000000001 0.4046875 0.3984375000000001 0.4046875 0.48125 0.4234375 0.48125
2 0.07500000000000005 0.390625 0.05468750000000004 0.390625 0.054687500000000056 0.471875 0.07500000000000007 0.471875
2 0.42656250000000007 0.6484375 0.39531250000000007 0.6484375 0.39531250000000007 0.74375 0.4265625000000002 0.74375
2 0.16093750000000004 0.3375 0.14218750000000005 0.3375 0.14218750000000005 0.415625 0.16093750000000004 0.415625
2 0.4 0.39531250000000007 0.37968750000000007 0.39531250000000007 0.37968750000000007 0.478125 0.4 0.478125
2 0.3937500000000001 0.6515625 0.3671875000000001 0.6515625 0.3671875000000001 0.7484375 0.3937500000000001 0.7484375
2 0.03906250000000012 0.8890625 0.004687500000000108 0.8890625 0.004687500000000115 1 0.039062500000000125 1
2 0.7640625 0.4359375000000002 0.74375 0.4359375000000002 0.74375 0.5218750000000002 0.7640625 0.5218750000000002
2 0.4796875 0.2921875000000001 0.4625 0.2921875000000001 0.4625 0.3703125000000001 0.4796875 0.3703125000000001
2 0.853125 0.4281250000000002 0.8265625 0.4281250000000002 0.8265625 0.5140625000000002 0.853125 0.5140625000000002
1 0.6453125 0.2093750000000001 0.6296875 0.2093750000000001 0.6296875 0.2718750000000001 0.6453125 0.2718750000000001
3 0.2156250000000001 0.48125 0.19218750000000004 0.48125 0.19218750000000007 0.575 0.2156250000000001 0.575