2 0.16562500000000005 0.3234375 0.13906250000000003 0.3234375 0.13906250000000003 0.425 0.16562500000000005 0.425
2 0.6546875 0.4125 0.615625 0.4125 0.615625 0.5015625 0.6546875 0.5015625
2 0.7171875 0.40625 0.6875 0.40625 0.6875 0.5125 0.7171875 0.5125
2 0.99375 0.3625000000000001 0.971875 0.3625000000000001 0.971875 0.4781250000000002 0.99375 0.4781250000000002
2 0.2078125000000001 0.7578125 0.17187500000000008 0.7578125 0.17187500000000008 0.9 0.2078125000000001 0.9
2 0.43437500000000007 0.7125 0.3984375000000001 0.7125 0.3984375000000001 0.859375 0.4343750000000002 0.859375
2 0.2875000000000001 0.4953125 0.2578125000000001 0.4953125 0.2578125000000001 0.603125 0.2875000000000001 0.603125
2 0.2609375 0.240625 0.2359375 0.240625 0.2359375 0.334375 0.2609375 0.334375
2 0.6734375000000001 0.6234375 0.634375 0.6234375 0.6343750000000001 0.75625 0.6734375000000001 0.75625
2 0.6828125 0.509375 0.64375 0.509375 0.64375 0.6125 0.6828125 0.6125
2 0.10000000000000005 0.3828125 0.07500000000000004 0.3828125 0.07500000000000005 0.496875 0.10000000000000005 0.496875
2 0.31093750000000003 0.3453125 0.290625 0.3453125 0.290625 0.428125 0.3109375000000001 0.428125
0 0.6515625 0.571875 0.6421875 0.571875 0.6421875 0.5890625 0.6515625 0.5890625
2 0.2453125000000001 0.471875 0.2156250000000001 0.471875 0.2156250000000001 0.5875 0.2453125000000001 0.5875
2 0.6484375 0.2640625000000001 0.6265625 0.2640625000000001 0.6265625 0.3531250000000001 0.6484375 0.3531250000000001
2 0.3671875000000001 0.4953125 0.34062500000000007 0.4953125 0.34062500000000007 0.6109375 0.3671875000000001 0.6109375
2 0.3609375 0.10156250000000004 0.340625 0.10156250000000004 0.340625 0.17343750000000005 0.3609375 0.17343750000000005
2 0.3156250000000001 0.41875 0.2890625000000001 0.41875 0.2890625000000001 0.5328125 0.3156250000000001 0.5328125
2 0.9484375 0.2296875000000001 0.9265625 0.2296875000000001 0.9265625 0.3140625000000001 0.9484375 0.3140625000000001