2 0.85 0.7000000000000002 0.815625 0.7000000000000002 0.815625 0.8171875 0.85 0.8171875
2 0.64375 0.4546875 0.6203125 0.4546875 0.6203125 0.5484375 0.64375 0.5484375
2 0.628125 0.4734375 0.609375 0.4734375 0.609375 0.575 0.628125 0.575
2 0.2453125000000001 0.7703125 0.2140625000000001 0.7703125 0.2140625000000001 0.909375 0.2453125000000001 0.909375
2 0.378125 0.28437500000000004 0.359375 0.284375 0.359375 0.35781250000000003 0.378125 0.3578125000000001
2 0.6 0.3843750000000001 0.5796875 0.3843750000000001 0.5796875 0.4734375 0.6 0.4734375
2 0.428125 0.5234375 0.40625 0.5234375 0.40625 0.634375 0.428125 0.634375
2 0.48125 0.3421875000000001 0.446875 0.3421875000000001 0.446875 0.4203125 0.48125 0.4203125
2 0.715625 0.3312500000000001 0.696875 0.3312500000000001 0.696875 0.4203125 0.715625 0.4203125
0 0.3140625000000001 0.484375 0.3046875000000001 0.484375 0.3046875000000001 0.5015625 0.3140625000000001 0.5015625
3 0.5125 0.09687500000000007 0.496875 0.09687500000000007 0.496875 0.15000000000000005 0.5125 0.15000000000000005
2 0.3046875000000001 0.41875 0.27812500000000007 0.41875 0.27812500000000007 0.5140625 0.3046875000000001 0.5140625
2 0.6328125 0.2453125000000001 0.6171875 0.2453125000000001 0.6171875 0.3156250000000001 0.6328125 0.3156250000000001
2 0.6984375 0.2843750000000001 0.675 0.2843750000000001 0.675 0.3546875000000001 0.6984375 0.3546875000000001
2 0.9984375 0.2218750000000001 0.9828125 0.2218750000000001 0.9828125 0.29375000000000007 0.9984375 0.29375000000000007
2 0.925 0.3265625000000001 0.903125 0.3265625000000001 0.903125 0.40937500000000016 0.925 0.40937500000000016
2 0.6296875 0.1703125000000001 0.6140625 0.1703125000000001 0.6140625 0.2312500000000001 0.6296875 0.2312500000000001
2 0.8265625 0.2093750000000001 0.8078125 0.2093750000000001 0.8078125 0.2796875000000001 0.8265625 0.2796875000000001