0 0.4328125 0.10000000000000005 0.4234375 0.10000000000000005 0.4234375 0.11875000000000005 0.4328125 0.11875000000000005
2 0.3703125 0.22500000000000003 0.35 0.225 0.35 0.30781250000000004 0.3703125 0.3078125000000001
2 0.5265625 0.3421875000000001 0.4953125 0.3421875000000001 0.4953125 0.425 0.5265625 0.425
2 0.4984375 0.3281250000000001 0.4671875 0.3281250000000001 0.4671875 0.4125 0.4984375 0.4125
2 0.43125 0.2828125000000001 0.3984375 0.2828125000000001 0.39843750000000006 0.3687500000000001 0.43125 0.3687500000000001
1 0.7171875 0.2968750000000001 0.690625 0.2968750000000001 0.690625 0.38750000000000007 0.7171875 0.38750000000000007
2 0.509375 0.3187500000000001 0.4890625 0.3187500000000001 0.4890625 0.3812500000000001 0.509375 0.3812500000000001
2 0.07500000000000004 0.2421875 0.048437500000000036 0.2421875 0.048437500000000036 0.334375 0.07500000000000004 0.334375
2 0.4734375 0.2390625000000001 0.45 0.2390625000000001 0.45 0.31718750000000007 0.4734375 0.31718750000000007
2 0.11562500000000005 0.375 0.08906250000000004 0.375 0.08906250000000006 0.475 0.11562500000000005 0.475
2 0.27812500000000007 0.28125 0.2546875 0.28125 0.25468750000000007 0.365625 0.27812500000000007 0.365625
2 0.315625 0.16718750000000004 0.2953125 0.16718750000000004 0.2953125 0.24375 0.315625 0.24375
2 0.31875 0.08593750000000004 0.2984375 0.08593750000000004 0.2984375 0.16875000000000004 0.31875 0.16875000000000004
2 0.19687500000000008 0.596875 0.16406250000000008 0.596875 0.16406250000000008 0.7171875 0.19687500000000008 0.7171875
2 0.4578125 0.4484375 0.4203125 0.4484375 0.4203125 0.553125 0.4578125 0.553125
3 0.12031250000000004 0.1859375 0.09218750000000002 0.1859375 0.09218750000000002 0.2703125 0.12031250000000004 0.2703125
2 0.2171875 0.06562500000000002 0.19375 0.06562500000000002 0.19375 0.13750000000000004 0.2171875 0.13750000000000004
2 0.18593750000000003 0.12500000000000003 0.1625 0.125 0.16250000000000003 0.2171875 0.18593750000000003 0.2171875