2 0.5828125 0.26250000000000007 0.5625 0.26250000000000007 0.5625 0.3234375000000001 0.5828125 0.3234375000000001
2 0.521875 0.5671875 0.5 0.5671875 0.5 0.6515625 0.521875 0.6515625
2 0.6078125 0.3078125000000001 0.5890625 0.3078125000000001 0.5890625 0.3687500000000001 0.6078125 0.3687500000000001
0 0.3515625000000001 0.3890625 0.3421875000000001 0.3890625 0.3421875000000001 0.403125 0.3515625000000001 0.403125
2 0.553125 0.4265625 0.53125 0.4265625 0.53125 0.5046875 0.553125 0.5046875
3 0.3609375 0.2359375 0.3453125 0.2359375 0.3453125 0.2890625 0.3609375 0.2890625
2 0.3453125 0.3421875 0.3234375 0.3421875 0.32343750000000004 0.4015625 0.3453125000000001 0.4015625
2 0.90625 0.3687500000000001 0.884375 0.3687500000000001 0.884375 0.44531250000000017 0.90625 0.44531250000000017
2 0.4015625000000001 0.640625 0.37187500000000007 0.640625 0.37187500000000007 0.734375 0.40156250000000016 0.734375
2 0.628125 0.40625 0.6109375 0.40625 0.6109375 0.4859375 0.628125 0.4859375
2 0.684375 0.4109375 0.6609375 0.4109375 0.6609375 0.4859375 0.684375 0.4859375
3 0.7515625 0.4437500000000002 0.7328125 0.4437500000000002 0.7328125 0.5250000000000001 0.7515625 0.5250000000000001
2 0.1375000000000001 0.6953125 0.11093750000000009 0.6953125 0.11093750000000009 0.7984375 0.1375000000000001 0.7984375
2 0.5718750000000001 0.815625 0.5453125000000002 0.815625 0.5453125000000002 0.9234375 0.5718750000000001 0.9234375
2 0.915625 0.5921875000000002 0.89375 0.5921875000000002 0.89375 0.6828125000000002 0.915625 0.6828125000000002
2 0.18437500000000004 0.4484375 0.16406250000000006 0.4484375 0.16406250000000006 0.534375 0.18437500000000004 0.534375
2 0.8703125 0.44062500000000016 0.8453125 0.44062500000000016 0.8453125 0.5203125000000002 0.8703125 0.5203125000000002
2 0.9265625 0.7734375000000002 0.896875 0.7734375000000002 0.896875 0.8875 0.9265625 0.8875
2 0.853125 0.5562500000000001 0.8296875 0.5562500000000001 0.8296875 0.6515625000000002 0.853125 0.6515625000000002
2 0.98125 0.5921875000000002 0.953125 0.5921875000000002 0.953125 0.6890625000000001 0.98125 0.6890625000000001