2 0.1531250000000001 0.615625 0.12656250000000008 0.615625 0.12656250000000008 0.7140625 0.1531250000000001 0.7140625
2 0.9328125 0.5671875000000002 0.9078125 0.5671875000000002 0.9078125 0.6703125000000002 0.9328125 0.6703125000000002
2 0.8265625 0.5125000000000002 0.80625 0.5125000000000002 0.80625 0.6000000000000002 0.8265625 0.6000000000000002
3 0.390625 0.14687500000000003 0.3765625 0.14687500000000003 0.3765625 0.2000000000000001 0.390625 0.2000000000000001
2 0.3671875000000001 0.425 0.3437500000000001 0.425 0.3437500000000001 0.5046875 0.3671875000000001 0.5046875
2 0.6015625 0.4609375 0.58125 0.4609375 0.58125 0.546875 0.6015625 0.546875
2 0.2750000000000001 0.36875 0.2562500000000001 0.36875 0.2562500000000001 0.4453125 0.2750000000000001 0.4453125
2 0.446875 0.540625 0.421875 0.540625 0.421875 0.6125 0.446875 0.6125
2 0.5828125 0.2953125000000001 0.5671875 0.2953125000000001 0.5671875 0.3609375000000001 0.5828125 0.3609375000000001
2 0.6671875 0.19531250000000008 0.6546875 0.19531250000000008 0.6546875 0.2578125000000001 0.6671875 0.2578125000000001
2 0.5875 0.5921875 0.5609375 0.5921875 0.5609375 0.6875 0.5875 0.6875
2 0.4375000000000001 0.6828125 0.40625 0.6828125 0.4062500000000001 0.78125 0.43750000000000017 0.78125
2 0.6390625 0.2875000000000001 0.621875 0.2875000000000001 0.621875 0.34843750000000007 0.6390625 0.34843750000000007
2 0.8390625 0.2953125000000001 0.8234375 0.2953125000000001 0.8234375 0.3656250000000001 0.8390625 0.3656250000000001
2 0.3625 0.25625 0.346875 0.25625 0.346875 0.3140625 0.3625 0.3140625
2 0.496875 0.596875 0.4578125 0.596875 0.4578125 0.684375 0.496875 0.684375
2 0.4609375 0.3656250000000001 0.44375 0.3656250000000001 0.44375 0.4375 0.4609375 0.4375
2 0.15468750000000006 0.490625 0.13437500000000005 0.490625 0.13437500000000008 0.5828125 0.1546875000000001 0.5828125
3 0.3359375000000001 0.4734375 0.3187500000000001 0.4734375 0.3187500000000001 0.55 0.3359375000000001 0.55
2 0.21093750000000008 0.5296875 0.18906250000000005 0.5296875 0.18906250000000008 0.61875 0.21093750000000008 0.61875
0 0.46875 0.659375 0.4609375 0.659375 0.4609375 0.678125 0.46875 0.678125
2 0.45625 0.2640625000000001 0.440625 0.2640625000000001 0.440625 0.3218750000000001 0.45625 0.3218750000000001
2 0.5796875000000001 0.696875 0.55625 0.696875 0.5562500000000001 0.7984375 0.5796875000000001 0.7984375