2 0.4125 0.2484375000000001 0.3875 0.2484375000000001 0.3875 0.3234375000000001 0.4125 0.3234375000000001
2 0.2562500000000001 0.371875 0.2218750000000001 0.371875 0.2218750000000001 0.4609375 0.2562500000000001 0.4609375
2 0.25625 0.2796875 0.2296875 0.2796875 0.2296875 0.3515625 0.25625 0.3515625
0 0.7625 0.6968750000000001 0.753125 0.6968750000000001 0.753125 0.7187500000000002 0.7625 0.7187500000000002
2 0.546875 0.421875 0.5125 0.421875 0.5125 0.5140625 0.546875 0.5140625
2 0.15625000000000008 0.70625 0.1218750000000001 0.70625 0.1218750000000001 0.8296875 0.15625000000000008 0.8296875
2 0.665625 0.4 0.640625 0.4 0.640625 0.4984375 0.665625 0.4984375
2 0.07343750000000007 0.515625 0.025000000000000067 0.515625 0.02500000000000007 0.6125 0.07343750000000007 0.6125
2 0.7875000000000001 0.6265625000000001 0.7421875 0.6265625000000001 0.7421875000000001 0.7343750000000002 0.7875000000000002 0.7343750000000002
2 0.13281250000000008 0.55625 0.09843750000000007 0.55625 0.09843750000000008 0.6671875 0.13281250000000008 0.6671875
2 0.6250000000000001 0.684375 0.56875 0.684375 0.5687500000000001 0.8125 0.6250000000000002 0.8125
2 0.021875000000000044 0.334375 4.0949127346489623e-17 0.334375 4.582857943684235e-17 0.4140625 0.02187500000000005 0.4140625