0 0.4203125000000002 0.8140625 0.40625000000000017 0.8140625 0.40625000000000017 0.840625 0.4203125000000002 0.840625
2 0.728125 0.4593750000000001 0.6984375 0.459375 0.6984375 0.5750000000000001 0.728125 0.5750000000000002
2 0.6671875 0.2750000000000001 0.6328125 0.2750000000000001 0.6328125 0.36406250000000007 0.6671875 0.36406250000000007
2 0.31718750000000007 0.44375 0.2875000000000001 0.44375 0.2875000000000001 0.5671875 0.31718750000000007 0.5671875
2 0.6765625 0.23593750000000008 0.6546875 0.23593750000000008 0.6546875 0.3234375000000001 0.6765625 0.3234375000000001
2 0.8359375 0.3000000000000001 0.8109375 0.3000000000000001 0.8109375 0.3968750000000001 0.8359375 0.3968750000000001
2 0.17187500000000008 0.578125 0.13281250000000008 0.578125 0.13281250000000008 0.70625 0.17187500000000008 0.70625
2 0.1296875000000001 0.5875 0.09062500000000007 0.5875 0.09062500000000008 0.721875 0.1296875000000001 0.721875
2 0.303125 0.24375 0.271875 0.24375 0.271875 0.328125 0.303125 0.328125
2 0.9 0.1062500000000001 0.878125 0.1062500000000001 0.878125 0.1765625000000001 0.9 0.1765625000000001
2 0.3984375000000001 0.690625 0.36406250000000007 0.690625 0.36406250000000007 0.8015625 0.3984375000000001 0.8015625
2 0.41875000000000007 0.7 0.3828125000000001 0.7 0.3828125000000001 0.81875 0.4187500000000002 0.81875
2 0.496875 0.446875 0.4609375 0.446875 0.4609375 0.5578125 0.496875 0.5578125
2 0.3531250000000001 0.5421875 0.3125000000000001 0.5421875 0.3125000000000001 0.665625 0.3531250000000001 0.665625
2 0.58125 0.2984375000000001 0.5515625 0.2984375000000001 0.5515625 0.3968750000000001 0.58125 0.3968750000000001
2 0.3781250000000001 0.4109375 0.34843750000000007 0.4109375 0.34843750000000007 0.5265625 0.3781250000000001 0.5265625
2 0.79375 0.3125000000000001 0.771875 0.3125000000000001 0.771875 0.4109375000000002 0.79375 0.4109375000000002
2 0.63125 0.3203125000000001 0.609375 0.3203125000000001 0.609375 0.4265625 0.63125 0.4265625
2 0.5796875 0.4109375 0.5546875 0.4109375 0.5546875 0.51875 0.5796875 0.51875