2 0.703125 0.3000000000000001 0.6828125 0.3000000000000001 0.6828125 0.3765625000000001 0.703125 0.3765625000000001
2 0.3625000000000001 0.8296875 0.3187500000000001 0.8296875 0.3187500000000001 0.9640625 0.3625000000000001 0.9640625
2 0.9625 0.2375000000000001 0.940625 0.2375000000000001 0.940625 0.3109375000000001 0.9625 0.3109375000000001
2 0.6140625 0.6 0.5875 0.6 0.5875 0.7171875 0.6140625 0.7171875
2 0.428125 0.3296875000000001 0.40625 0.3296875000000001 0.40625 0.4109375 0.428125 0.4109375
3 0.9 0.3546875000000001 0.8734375 0.3546875000000001 0.8734375 0.44843750000000016 0.9 0.44843750000000016
2 0.73125 0.32500000000000007 0.7125 0.32500000000000007 0.7125 0.41093750000000007 0.73125 0.4109375000000002
0 0.3921875 0.3390625000000001 0.384375 0.3390625000000001 0.384375 0.3546875000000001 0.3921875 0.3546875000000001
2 0.3828125 0.2875000000000001 0.3640625 0.2875000000000001 0.3640625 0.3625000000000001 0.3828125 0.3625000000000001
2 0.64375 0.1843750000000001 0.6265625 0.1843750000000001 0.6265625 0.2468750000000001 0.64375 0.2468750000000001
2 0.571875 0.3843750000000001 0.5515625 0.3843750000000001 0.5515625 0.4734375 0.571875 0.4734375
3 0.521875 0.12187500000000004 0.503125 0.12187500000000004 0.503125 0.17968750000000006 0.521875 0.17968750000000006
2 0.3500000000000001 0.515625 0.3218750000000001 0.515625 0.3218750000000001 0.6296875 0.3500000000000001 0.6296875
2 0.628125 0.41875 0.6015625 0.41875 0.6015625 0.5171875 0.628125 0.5171875
2 0.9265625 0.6625000000000002 0.8953125 0.6625000000000002 0.8953125 0.7796875000000002 0.9265625 0.7796875000000002
2 0.2906250000000001 0.4546875 0.25468750000000007 0.4546875 0.25468750000000007 0.5546875 0.2906250000000001 0.5546875
2 0.6640625 0.26250000000000007 0.6453125 0.26250000000000007 0.6453125 0.3390625000000001 0.6640625 0.3390625000000001