2 0.703125 0.3218750000000001 0.6765625 0.3218750000000001 0.6765625 0.4359375 0.703125 0.4359375
0 0.2765625000000001 0.378125 0.2640625000000001 0.378125 0.2640625000000001 0.3984375 0.2765625000000001 0.3984375
2 0.3218750000000001 0.578125 0.2828125000000001 0.578125 0.2828125000000001 0.7203125 0.3218750000000001 0.7203125
2 1 0.2312500000000001 0.978125 0.2312500000000001 0.978125 0.3375000000000001 1 0.3375000000000001
2 0.3984375 0.18593750000000003 0.371875 0.18593750000000003 0.371875 0.2734375000000001 0.3984375 0.2734375000000001
2 0.8265625 0.30156250000000007 0.796875 0.30156250000000007 0.796875 0.4000000000000002 0.8265625 0.4000000000000002
2 0.4234375 0.10781250000000005 0.396875 0.10781250000000005 0.396875 0.17812500000000003 0.4234375 0.17812500000000003
2 0.95625 0.20468750000000008 0.921875 0.20468750000000008 0.921875 0.3062500000000001 0.95625 0.3062500000000001
2 0.4578125 0.22812500000000008 0.43125 0.22812500000000008 0.43125 0.31718750000000007 0.4578125 0.31718750000000007
2 0.4375 0.440625 0.3890625000000001 0.440625 0.3890625000000001 0.5734375 0.4375 0.5734375
2 0.85625 0.48750000000000016 0.8046875 0.48750000000000016 0.8046875 0.6156250000000002 0.85625 0.6156250000000002
2 0.26406250000000003 0.3 0.2375 0.3 0.23750000000000004 0.4015625 0.2640625000000001 0.4015625
2 0.84375 0.2062500000000001 0.8125 0.2062500000000001 0.8125 0.2953125000000001 0.84375 0.2953125000000001
2 0.934375 0.16718750000000013 0.9140625 0.16718750000000013 0.9140625 0.2593750000000001 0.934375 0.2593750000000001