2 0.6390625000000002 0.9609375 0.6078125000000002 0.9609375 0.6078125000000002 1 0.6390625000000002 1
2 0.6125 0.07343750000000007 0.5921875 0.07343750000000007 0.5921875 0.1296875000000001 0.6125 0.1296875000000001
2 0.3734375000000001 0.45 0.3421875000000001 0.45 0.3421875000000001 0.5578125 0.3734375000000001 0.5578125
2 0.9546875 0.9359375 0.903125 0.9359375 0.903125 0.9984375 0.9546875 0.9984375
2 0.5546875000000001 0.6515625 0.5203125 0.6515625 0.5203125000000001 0.79375 0.5546875000000002 0.79375
2 0.384375 0.03125000000000004 0.3671875 0.03125000000000004 0.3671875 0.08750000000000005 0.384375 0.08750000000000005
2 0.5015625 0.4203125 0.4671875 0.4203125 0.4671875 0.5140625 0.5015625 0.5140625
2 0.014062500000000052 0.36875 4.5158850718558645e-17 0.36875 5.223884002612928e-17 0.484375 0.014062500000000061 0.484375
2 0.9640625 0.17500000000000013 0.94375 0.17500000000000013 0.94375 0.2453125000000001 0.9640625 0.2453125000000001
2 0.46875000000000017 0.8171875 0.42968750000000017 0.8171875 0.42968750000000017 0.98125 0.46875000000000017 0.98125
2 0.6828125000000002 0.7515625 0.6437500000000002 0.7515625 0.6437500000000002 0.9015625 0.6828125000000002 0.9015625
2 0.271875 0.215625 0.2453125 0.215625 0.2453125 0.2984375 0.271875 0.2984375
2 0.6390625 0.3265625000000001 0.609375 0.3265625000000001 0.609375 0.415625 0.6390625 0.415625
2 0.225 0.15468750000000003 0.2046875 0.15468750000000003 0.2046875 0.2171875 0.225 0.2171875
2 1 0.2312500000000001 0.9796875 0.2312500000000001 0.9796875 0.3140625000000001 1 0.3140625000000001
2 0.740625 0.18750000000000008 0.7109375 0.18750000000000008 0.7109375 0.25468750000000007 0.740625 0.25468750000000007
2 0.3109375000000001 0.5453125 0.2765625000000001 0.5453125 0.2765625000000001 0.65625 0.3109375000000001 0.65625
2 0.596875 0.38750000000000007 0.5625 0.38750000000000007 0.5625 0.484375 0.596875 0.484375
2 0.903125 0.3890625000000001 0.8734375 0.3890625000000001 0.8734375 0.5000000000000002 0.903125 0.5000000000000002
0 0.4796875 0.4859375 0.4671875 0.4859375 0.4671875 0.50625 0.4796875 0.50625
2 0.490625 0.3187500000000001 0.45625 0.3187500000000001 0.45625 0.4015625 0.490625 0.4015625