1 0.7625 0.1843750000000001 0.7421875 0.1843750000000001 0.7421875 0.2593750000000001 0.7625 0.2593750000000001
2 0.3390625 0.2234375 0.3140625 0.2234375 0.3140625 0.296875 0.3390625 0.296875
2 0.5375 0.3187500000000001 0.5109375 0.3187500000000001 0.5109375 0.3968750000000001 0.5375 0.3968750000000001
2 0.5203125000000001 0.721875 0.4734375 0.721875 0.47343750000000007 0.8390625 0.5203125000000002 0.8390625
3 0.2593750000000001 0.403125 0.23437500000000008 0.403125 0.23437500000000008 0.5 0.2593750000000001 0.5
2 0.515625 0.5859375 0.4921875 0.5859375 0.4921875 0.70625 0.515625 0.70625
2 0.6140625 0.465625 0.5828125 0.465625 0.5828125 0.5609375 0.6140625 0.5609375
2 0.846875 0.5828125000000002 0.8171875 0.5828125000000002 0.8171875 0.6937500000000002 0.846875 0.6937500000000002
2 0.54375 0.609375 0.5140625 0.609375 0.5140625 0.7140625 0.54375 0.7140625
2 0.3156250000000001 0.496875 0.2734375000000001 0.496875 0.2734375000000001 0.590625 0.3156250000000001 0.590625
2 0.2671875000000001 0.6640625 0.2250000000000001 0.6640625 0.2250000000000001 0.7671875 0.2671875000000001 0.7671875
2 0.40625 0.2250000000000001 0.3859375 0.2250000000000001 0.3859375 0.3046875000000001 0.40625 0.3046875000000001
2 0.8203125 0.5125000000000002 0.7921875 0.5125000000000002 0.7921875 0.6171875000000002 0.8203125 0.6171875000000002
2 0.765625 0.4781250000000002 0.7328125 0.4781250000000002 0.7328125 0.5781250000000002 0.765625 0.5781250000000002
2 0.6359375 0.603125 0.60625 0.603125 0.60625 0.7015625 0.6359375 0.7015625
2 0.03906250000000005 0.3984375 0.01250000000000005 0.3984375 0.012500000000000056 0.4921875 0.039062500000000056 0.4921875
2 0.08437500000000006 0.4796875 0.039062500000000056 0.4796875 0.03906250000000006 0.5859375 0.08437500000000006 0.5859375
2 0.5828125000000002 0.815625 0.5546875000000002 0.815625 0.5546875000000002 0.9453125 0.5828125000000002 0.9453125