2 0.4859375 0.23593750000000008 0.4609375 0.23593750000000008 0.4609375 0.33281250000000007 0.4859375 0.33281250000000007
2 0.775 0.30156250000000007 0.7484375 0.30156250000000007 0.7484375 0.40156250000000016 0.775 0.40156250000000016
3 0.4046875 0.035937500000000046 0.3875 0.035937500000000046 0.3875 0.10468750000000004 0.4046875 0.10468750000000004
2 0.39375000000000004 0.353125 0.359375 0.353125 0.35937500000000006 0.45625 0.3937500000000001 0.45625
2 0.6953125 0.10156250000000008 0.678125 0.10156250000000008 0.678125 0.17968750000000008 0.6953125 0.17968750000000008
2 0.965625 0.8484375 0.8953125 0.8484375 0.8953125 1 0.965625 1
2 0.721875 0.44375 0.6875 0.44375 0.6875 0.5609375 0.721875 0.5609375
2 0.3031250000000001 0.578125 0.2718750000000001 0.578125 0.2718750000000001 0.703125 0.3031250000000001 0.703125
2 0.6109375 0.4515625 0.5875 0.4515625 0.5875 0.5734375 0.6109375 0.5734375
0 0.34062500000000007 0.6890625 0.3265625000000001 0.6890625 0.3265625000000001 0.7140625 0.34062500000000007 0.7140625
2 0.2453125 0.19687500000000005 0.2234375 0.19687500000000005 0.2234375 0.2859375 0.2453125 0.2859375
3 0.896875 0.2093750000000001 0.871875 0.2093750000000001 0.871875 0.3000000000000001 0.896875 0.3000000000000001
2 0.5046875 0.3671875000000001 0.475 0.3671875000000001 0.475 0.4734375 0.5046875 0.4734375
2 0.7296875 0.565625 0.7046875 0.565625 0.7046875 0.6875000000000001 0.7296875 0.6875000000000002