2 0.60625 0.5203125 0.584375 0.5203125 0.584375 0.609375 0.60625 0.609375
2 0.7796875 0.42968750000000017 0.74375 0.42968750000000017 0.74375 0.5062500000000002 0.7796875 0.5062500000000002
2 1 0.7062500000000002 0.9875 0.7062500000000002 0.9875 0.7859375000000002 1 0.7859375000000002
2 0.5953125 0.2078125000000001 0.5703125 0.2078125000000001 0.5703125 0.2687500000000001 0.5953125 0.2687500000000001
2 0.06718750000000004 0.2671875 0.040625000000000036 0.2671875 0.040625000000000036 0.3390625 0.06718750000000004 0.3390625
2 0.7875000000000001 0.7234375000000002 0.7609375 0.7234375000000002 0.7609375 0.821875 0.7875000000000002 0.821875
2 0.16875 0.1 0.1546875 0.1 0.1546875 0.153125 0.16875 0.153125
2 0.11093750000000006 0.5078125 0.07500000000000007 0.5078125 0.07500000000000007 0.590625 0.11093750000000009 0.590625
2 0.24531250000000004 0.3203125 0.2203125 0.3203125 0.22031250000000005 0.390625 0.2453125000000001 0.390625
2 0.45625000000000016 0.7640625 0.42187500000000017 0.7640625 0.42187500000000017 0.8703125 0.45625000000000016 0.8703125
0 0.7609375 0.6000000000000002 0.7515625 0.6000000000000002 0.7515625 0.6203125000000002 0.7609375 0.6203125000000002
2 0.20312500000000008 0.4171875 0.17343750000000005 0.4171875 0.17343750000000005 0.5 0.20312500000000008 0.5
2 0.25 0.221875 0.2375 0.221875 0.2375 0.2828125 0.25 0.2828125
2 0.7890625 0.22812500000000008 0.7671875 0.22812500000000008 0.7671875 0.3000000000000001 0.7890625 0.3000000000000001
2 0.2828125 0.19062500000000004 0.265625 0.19062500000000004 0.265625 0.2515625 0.2828125 0.2515625
2 0.12500000000000006 0.45 0.10312500000000005 0.45 0.10312500000000005 0.5328125 0.12500000000000006 0.5328125