2 0.6109375 0.3593750000000001 0.5859375 0.3593750000000001 0.5859375 0.4390625 0.6109375 0.4390625
2 0.5125000000000002 0.7390625 0.4781250000000002 0.7390625 0.4781250000000002 0.83125 0.5125000000000002 0.83125
2 0.35625000000000007 0.4609375 0.3218750000000001 0.4609375 0.3218750000000001 0.553125 0.35625000000000007 0.553125
2 0.7640625000000001 0.6437500000000002 0.7296875 0.6437500000000002 0.7296875 0.7359375000000001 0.7640625000000002 0.7359375000000001
2 0.5578125 0.3781250000000001 0.528125 0.3781250000000001 0.528125 0.4625 0.5578125 0.4625
2 0.9640625 0.14062500000000014 0.9390625 0.14062500000000014 0.9390625 0.21250000000000008 0.9640625 0.21250000000000008
2 0.3140625 0.17031250000000003 0.3 0.17031250000000003 0.3 0.2328125 0.3140625 0.2328125
2 0.2562500000000001 0.5515625 0.2250000000000001 0.5515625 0.2250000000000001 0.6359375 0.2562500000000001 0.6359375
2 0.07656250000000006 0.41875 0.051562500000000046 0.41875 0.05156250000000005 0.50625 0.07656250000000006 0.50625
2 0.58125 0.540625 0.5515625 0.540625 0.5515625 0.6296875 0.58125 0.6296875
2 0.525 0.19218750000000004 0.503125 0.19218750000000004 0.503125 0.2640625000000001 0.525 0.2640625000000001
2 0.409375 0.27812500000000007 0.3890625 0.27812500000000007 0.3890625 0.3500000000000001 0.409375 0.3500000000000001
2 0.7078125000000002 0.7796875 0.6687500000000002 0.7796875 0.6687500000000002 0.8875 0.7078125000000002 0.8875
2 0.4578125 0.2062500000000001 0.4328125 0.2062500000000001 0.4328125 0.2718750000000001 0.4578125 0.2718750000000001
2 0.2203125 0.14843750000000006 0.2 0.14843750000000006 0.2 0.2203125 0.2203125 0.2203125
2 0.40625 0.515625 0.3625000000000001 0.515625 0.3625000000000001 0.6046875 0.40625 0.6046875
2 0.8953125 0.7546875000000002 0.859375 0.7546875000000002 0.859375 0.8625 0.8953125 0.8625
2 0.3703125 0.27031250000000007 0.353125 0.2703125 0.353125 0.3453125 0.3703125 0.3453125000000001
0 0.5312500000000002 0.8328125 0.5187500000000002 0.8328125 0.5187500000000002 0.853125 0.5312500000000002 0.853125
2 0.4609375 0.61875 0.434375 0.61875 0.434375 0.715625 0.4609375 0.715625