2 0.8375 0.5781250000000002 0.8015625 0.5781250000000002 0.8015625 0.7187500000000002 0.8375 0.7187500000000002
2 0.4984375 0.17500000000000004 0.4734375 0.17500000000000004 0.4734375 0.2671875000000001 0.4984375 0.2671875000000001
2 0.41875 0.45 0.37968750000000007 0.45 0.37968750000000007 0.5578125 0.41875 0.5578125
2 0.13437500000000005 0.3140625 0.10000000000000005 0.3140625 0.10000000000000005 0.434375 0.13437500000000005 0.434375
1 0.99375 0.26250000000000007 0.959375 0.26250000000000007 0.959375 0.37187500000000007 0.99375 0.37187500000000007
2 0.7968750000000001 0.5953125000000001 0.753125 0.5953125000000001 0.753125 0.7375000000000002 0.7968750000000002 0.7375000000000002
0 0.678125 0.50625 0.6640625 0.50625 0.6640625 0.5296875 0.678125 0.5296875
3 0.021875000000000082 0.5796875 7.099124413807313e-17 0.5796875 8.046312172522843e-17 0.734375 0.02187500000000009 0.734375
2 0.3187500000000001 0.50625 0.2828125000000001 0.50625 0.2828125000000001 0.63125 0.3187500000000001 0.63125
2 0.7359375 0.4125000000000001 0.684375 0.4125 0.684375 0.534375 0.7359375 0.5343750000000002
2 0.5109375 0.27031250000000007 0.48125 0.27031250000000007 0.48125 0.3765625000000001 0.5109375 0.3765625000000001
2 0.7625000000000002 0.859375 0.7093750000000002 0.859375 0.7093750000000002 1 0.7625000000000002 1
2 0.30781250000000004 0.3578125 0.2625 0.3578125 0.26250000000000007 0.4734375 0.3078125000000001 0.4734375
2 0.6750000000000002 0.7515625 0.6140625000000002 0.7515625 0.6140625000000002 0.915625 0.6750000000000002 0.915625