2 0.9421875 0.6546875000000002 0.9109375 0.6546875000000002 0.9109375 0.7562500000000002 0.9421875 0.7562500000000002
2 0.5265625 0.2250000000000001 0.5109375 0.2250000000000001 0.5109375 0.28593750000000007 0.5265625 0.28593750000000007
2 0.371875 0.24062500000000003 0.35 0.240625 0.35 0.30625 0.371875 0.3062500000000001
2 0.4125 0.2609375000000001 0.3921875 0.2609375000000001 0.3921875 0.3234375000000001 0.4125 0.3234375000000001
2 0.5640625 0.3281250000000001 0.5421875 0.3281250000000001 0.5421875 0.3968750000000001 0.5640625 0.3968750000000001
2 0.3734375000000001 0.440625 0.3453125000000001 0.440625 0.3453125000000001 0.521875 0.3734375000000001 0.521875
0 0.5703125000000002 0.7875 0.5578125000000002 0.7875 0.5578125000000002 0.809375 0.5703125000000002 0.809375
2 0.33281250000000007 0.684375 0.30156250000000007 0.684375 0.30156250000000007 0.7859375 0.33281250000000007 0.7859375
2 0.896875 0.2609375000000001 0.8765625 0.2609375000000001 0.8765625 0.3281250000000001 0.896875 0.3281250000000001
2 0.3437500000000001 0.4890625 0.3218750000000001 0.4890625 0.3218750000000001 0.5734375 0.3437500000000001 0.5734375
2 0.1843750000000001 0.6265625 0.1531250000000001 0.6265625 0.1531250000000001 0.7265625 0.1843750000000001 0.7265625
2 0.6953125 0.1312500000000001 0.671875 0.1312500000000001 0.671875 0.1906250000000001 0.6953125 0.1906250000000001
2 0.18125000000000008 0.5453125 0.1531250000000001 0.5453125 0.1531250000000001 0.6296875 0.18125000000000008 0.6296875
2 0.4015625 0.571875 0.36406250000000007 0.571875 0.36406250000000007 0.646875 0.4015625 0.646875
3 0.421875 0.3968750000000001 0.3968750000000001 0.3968750000000001 0.3968750000000001 0.4734375 0.421875 0.4734375
1 0.10937500000000003 0.1671875 0.09218750000000002 0.1671875 0.09218750000000002 0.2390625 0.10937500000000004 0.2390625
2 0.42656250000000007 0.6359375 0.3890625000000001 0.6359375 0.3890625000000001 0.7265625 0.4265625000000002 0.7265625
2 0.42968750000000017 0.73125 0.39531250000000007 0.73125 0.39531250000000007 0.828125 0.42968750000000017 0.828125
2 0.4578125 0.17500000000000004 0.4390625 0.17500000000000004 0.4390625 0.2312500000000001 0.4578125 0.2312500000000001
3 0.5671875 0.01406250000000007 0.5515625 0.014062500000000066 0.5515625 0.05937500000000007 0.5671875 0.05937500000000007
2 0.25312500000000004 0.3359375 0.2296875 0.3359375 0.22968750000000004 0.4046875 0.2531250000000001 0.4046875
2 0.5109375 0.715625 0.471875 0.715625 0.4718750000000001 0.796875 0.5109375000000002 0.796875
2 0.27187500000000003 0.3453125 0.2515625 0.3453125 0.2515625 0.4171875 0.2718750000000001 0.4171875