2 0.865625 0.15781250000000008 0.85 0.15781250000000008 0.85 0.2250000000000001 0.865625 0.2250000000000001
2 0.415625 0.2609375000000001 0.4 0.2609375000000001 0.4 0.2906250000000001 0.415625 0.2906250000000001
1 0.16718750000000004 0.203125 0.14687500000000003 0.203125 0.14687500000000003 0.28125 0.16718750000000004 0.28125
2 0.41875 0.2687500000000001 0.4 0.2687500000000001 0.4 0.36406250000000007 0.41875 0.36406250000000007
2 0.37343750000000003 0.290625 0.3546875 0.290625 0.35468750000000004 0.37968750000000007 0.3734375000000001 0.37968750000000007
2 0.45625 0.3265625000000001 0.434375 0.3265625000000001 0.434375 0.41875 0.45625 0.41875
2 0.5859375 0.2890625000000001 0.5671875 0.2890625000000001 0.5671875 0.3703125000000001 0.5859375 0.3703125000000001
0 0.8734375 0.22656250000000008 0.865625 0.22656250000000008 0.865625 0.23593750000000008 0.8734375 0.23593750000000008
3 0.5015625 0.2875000000000001 0.4875 0.2875000000000001 0.4875 0.3687500000000001 0.5015625 0.3687500000000001
2 0.4734375 0.27031250000000007 0.4578125 0.27031250000000007 0.4578125 0.3546875000000001 0.4734375 0.3546875000000001
3 0.7046875 0.08593750000000008 0.6890625 0.08593750000000008 0.6890625 0.14218750000000008 0.7046875 0.14218750000000008
2 0.8734375 0.23437500000000008 0.8546875 0.23437500000000008 0.8546875 0.30937500000000007 0.8734375 0.30937500000000007
2 0.3875 0.2531250000000001 0.3765625 0.2531250000000001 0.3765625 0.3359375000000001 0.3875 0.3359375000000001
2 0.496875 0.2578125000000001 0.48125 0.2578125000000001 0.48125 0.3437500000000001 0.496875 0.3437500000000001
2 0.3953125 0.2656250000000001 0.38125 0.2656250000000001 0.38125 0.3500000000000001 0.3953125 0.3500000000000001
2 0.35000000000000003 0.290625 0.33125 0.290625 0.33125000000000004 0.38125 0.3500000000000001 0.38125
2 0.4703125 0.2296875000000001 0.45625 0.2296875000000001 0.45625 0.2765625000000001 0.4703125 0.2765625000000001
2 0.571875 0.2078125000000001 0.5515625 0.2078125000000001 0.5515625 0.27812500000000007 0.571875 0.27812500000000007
2 0.690625 0.17187500000000008 0.6765625 0.17187500000000008 0.6765625 0.24218750000000008 0.690625 0.24218750000000008
2 0.95 0.17656250000000012 0.9296875 0.17656250000000012 0.9296875 0.2484375000000001 0.95 0.2484375000000001
2 0.4390625 0.24375000000000008 0.4234375 0.24375000000000008 0.4234375 0.32500000000000007 0.4390625 0.32500000000000007