2 0.2406250000000001 0.603125 0.2015625000000001 0.603125 0.2015625000000001 0.721875 0.2406250000000001 0.721875
2 0.603125 0.40625 0.5765625 0.40625 0.5765625 0.509375 0.603125 0.509375
2 0.4546875 0.525 0.4203125 0.525 0.4203125 0.64375 0.4546875 0.64375
2 0.5203125 0.4359375 0.4890625 0.4359375 0.4890625 0.5515625 0.5203125 0.5515625
2 0.3625 0.24375 0.3375 0.24375 0.3375 0.33125 0.3625 0.33125
2 0.3437500000000001 0.7109375 0.2828125000000001 0.7109375 0.2828125000000001 0.8390625 0.3437500000000001 0.8390625
2 0.434375 0.3906250000000001 0.409375 0.3906250000000001 0.409375 0.5015625 0.434375 0.5015625
2 0.3125000000000001 0.5921875 0.2765625000000001 0.5921875 0.2765625000000001 0.725 0.3125000000000001 0.725
2 0.9359375 0.11250000000000013 0.9234375 0.11250000000000013 0.9234375 0.18437500000000012 0.9359375 0.18437500000000012
2 0.6265625 0.2984375000000001 0.6015625 0.2984375000000001 0.6015625 0.3859375000000001 0.6265625 0.3859375000000001
2 0.7125 0.23593750000000008 0.690625 0.23593750000000008 0.690625 0.3234375000000001 0.7125 0.3234375000000001
2 0.684375 0.2750000000000001 0.6625 0.2750000000000001 0.6625 0.3203125000000001 0.684375 0.3203125000000001
2 0.3812500000000001 0.4203125 0.35625000000000007 0.4203125 0.35625000000000007 0.53125 0.3812500000000001 0.53125
2 0.8640625 0.30156250000000007 0.8375 0.30156250000000007 0.8375 0.39531250000000007 0.8640625 0.39531250000000007
2 0.3906250000000001 0.725 0.3546875000000001 0.725 0.3546875000000001 0.84375 0.3906250000000001 0.84375
2 0.825 0.3046875000000001 0.7984375 0.3046875000000001 0.7984375 0.3968750000000001 0.825 0.3968750000000001
2 0.7328125 0.4390625000000001 0.703125 0.4390625 0.703125 0.55 0.7328125 0.5500000000000002
2 0.6796875 0.31718750000000007 0.6578125 0.31718750000000007 0.6578125 0.409375 0.6796875 0.409375