2 0.409375 0.4734375 0.37968750000000007 0.4734375 0.37968750000000007 0.5984375 0.409375 0.5984375
2 0.3828125 0.25468750000000007 0.3625 0.2546875 0.3625 0.34843750000000007 0.3828125 0.34843750000000007
2 0.921875 0.48750000000000016 0.8953125 0.48750000000000016 0.8953125 0.6218750000000002 0.921875 0.6218750000000002
2 0.32656250000000003 0.3109375 0.3 0.3109375 0.30000000000000004 0.421875 0.3265625000000001 0.421875
2 0.1453125000000001 0.5828125 0.11093750000000009 0.5828125 0.11093750000000009 0.734375 0.1453125000000001 0.734375
2 0.715625 0.2296875000000001 0.690625 0.2296875000000001 0.690625 0.3234375000000001 0.715625 0.3234375000000001
2 0.946875 0.4187500000000002 0.915625 0.4187500000000002 0.915625 0.5468750000000002 0.946875 0.5468750000000002
2 0.6296875 0.5828125 0.5953125 0.5828125 0.5953125 0.715625 0.6296875 0.715625
2 0.8421875 0.3125000000000001 0.8078125 0.3125000000000001 0.8078125 0.4234375000000002 0.8421875 0.4234375000000002
2 0.7515625 0.2906250000000001 0.725 0.2906250000000001 0.725 0.3890625000000001 0.7515625 0.3890625000000001
2 0.659375 0.06093750000000009 0.6390625 0.06093750000000009 0.6390625 0.1359375000000001 0.659375 0.1359375000000001
2 0.4296875 0.3109375000000001 0.403125 0.3109375000000001 0.403125 0.4171875 0.4296875 0.4171875
2 0.6078125 0.3609375000000001 0.58125 0.3609375000000001 0.58125 0.475 0.6078125 0.475
2 0.5703125 0.1453125000000001 0.55 0.1453125000000001 0.55 0.2296875000000001 0.5703125 0.2296875000000001
0 0.9234375 0.2578125000000001 0.9140625 0.2578125000000001 0.9140625 0.27812500000000007 0.9234375 0.27812500000000007
2 0.80625 0.3531250000000001 0.7765625 0.3531250000000001 0.7765625 0.45625000000000016 0.80625 0.45625000000000016
2 0.4921875 0.3468750000000001 0.465625 0.3468750000000001 0.465625 0.4625 0.4921875 0.4625
2 0.753125 0.08125000000000009 0.728125 0.08125000000000009 0.728125 0.1609375000000001 0.753125 0.1609375000000001
2 0.9796875 0.17656250000000012 0.9484375 0.17656250000000012 0.9484375 0.2640625000000001 0.9796875 0.2640625000000001
2 0.22656250000000008 0.3859375 0.19531250000000006 0.3859375 0.19531250000000006 0.50625 0.22656250000000008 0.50625