1 0.46875 0.17812500000000003 0.425 0.17812500000000003 0.425 0.2843750000000001 0.46875 0.2843750000000001
2 0.81875 0.36406250000000007 0.790625 0.36406250000000007 0.790625 0.4890625000000002 0.81875 0.4890625000000002
2 0.6109375 0.3734375000000001 0.5921875 0.3734375000000001 0.5921875 0.4890625 0.6109375 0.4890625
2 0.58125 0.37187500000000007 0.5625 0.37187500000000007 0.5625 0.490625 0.58125 0.490625
2 0.6406250000000002 0.853125 0.6031250000000001 0.853125 0.6031250000000001 0.990625 0.6406250000000002 0.990625
2 0.3734375000000001 0.4921875 0.3468750000000001 0.4921875 0.3468750000000001 0.6109375 0.3734375000000001 0.6109375
2 0.6453125 0.3703125000000001 0.6234375 0.3703125000000001 0.6234375 0.49375 0.6453125 0.49375
2 0.5640625 0.37968750000000007 0.5453125 0.37968750000000007 0.5453125 0.4890625 0.5640625 0.4890625
2 0.5953125 0.3734375000000001 0.578125 0.3734375000000001 0.578125 0.484375 0.5953125 0.484375
2 0.3187500000000001 0.3671875 0.2796875000000001 0.3671875 0.2796875000000001 0.4890625 0.3187500000000001 0.4890625
2 0.4578125 0.3671875000000001 0.4328125 0.3671875000000001 0.4328125 0.4859375 0.4578125 0.4859375
2 0.5046875 0.3671875000000001 0.484375 0.3671875000000001 0.484375 0.484375 0.5046875 0.484375
2 0.775 0.5312500000000002 0.75 0.5312500000000002 0.75 0.6500000000000001 0.775 0.6500000000000001
0 0.6421875 0.6109375 0.628125 0.6109375 0.628125 0.63125 0.6421875 0.63125
2 0.6015625 0.5359375 0.5625 0.5359375 0.5625 0.6578125 0.6015625 0.6578125
3 0.6125 0.625 0.5765625 0.625 0.5765625000000001 0.759375 0.6125000000000002 0.759375
2 0.3656250000000001 0.37343750000000003 0.3265625000000001 0.3734375 0.3265625000000001 0.5 0.3656250000000001 0.5
2 0.6265625 0.38750000000000007 0.603125 0.38750000000000007 0.603125 0.4890625 0.6265625 0.4890625
2 0.3468750000000001 0.3734375 0.3187500000000001 0.3734375 0.3187500000000001 0.4921875 0.3468750000000001 0.4921875
2 0.39531250000000007 0.3859375000000001 0.3671875000000001 0.3859375000000001 0.3671875000000001 0.4890625 0.39531250000000007 0.4890625
2 0.8640625 0.3734375000000001 0.8296875 0.3734375000000001 0.8296875 0.48750000000000016 0.8640625 0.48750000000000016
2 0.5515625 0.3828125000000001 0.5140625 0.3828125000000001 0.5140625 0.490625 0.5515625 0.490625
2 0.3375000000000001 0.36875 0.31718750000000007 0.36875 0.31718750000000007 0.49375 0.3375000000000001 0.49375