2 0.759375 0.2812500000000001 0.7328125 0.2812500000000001 0.7328125 0.35625000000000007 0.759375 0.35625000000000007
3 0.5 0.056250000000000064 0.4859375 0.056250000000000064 0.4859375 0.10312500000000005 0.5 0.10312500000000005
2 0.35156250000000006 0.29375 0.3265625 0.29375 0.32656250000000003 0.3640625 0.3515625000000001 0.3640625
2 0.5453125 0.2296875000000001 0.5140625 0.2296875000000001 0.5140625 0.2890625000000001 0.5453125 0.2890625000000001
2 0.828125 0.840625 0.7703125000000002 0.840625 0.7703125000000002 0.996875 0.828125 0.996875
2 0.5640625 0.4640625 0.534375 0.4640625 0.534375 0.5640625 0.5640625 0.5640625
2 0.4187500000000002 0.7484375 0.3687500000000001 0.7484375 0.3687500000000001 0.8734375 0.4187500000000002 0.8734375
2 0.17343750000000005 0.4296875 0.14375000000000004 0.4296875 0.14375000000000004 0.5234375 0.17343750000000005 0.5234375
3 0.740625 0.3625000000000001 0.71875 0.3625000000000001 0.71875 0.4531250000000001 0.740625 0.45312500000000017
2 0.4859375 0.19687500000000005 0.4578125 0.19687500000000005 0.4578125 0.26250000000000007 0.4859375 0.26250000000000007
2 0.8640625 0.4281250000000002 0.8390625 0.4281250000000002 0.8390625 0.5250000000000001 0.8640625 0.5250000000000001
2 0.5859375 0.34843750000000007 0.5578125 0.34843750000000007 0.5578125 0.4234375 0.5859375 0.4234375
2 1 0.19531250000000014 0.971875 0.19531250000000014 0.971875 0.2656250000000001 1 0.2656250000000001
2 0.7296875 0.5140625000000001 0.69375 0.5140625 0.69375 0.6203125 0.7296875 0.6203125000000002
2 0.7750000000000001 0.6562500000000002 0.7265625 0.6562500000000002 0.7265625000000001 0.7515625000000001 0.7750000000000001 0.7515625000000001
2 0.5890625 0.3984375000000001 0.5546875 0.3984375000000001 0.5546875 0.4796875 0.5890625 0.4796875
2 0.3265625000000001 0.5640625 0.2921875000000001 0.5640625 0.2921875000000001 0.678125 0.3265625000000001 0.678125
0 0.5625 0.4109375 0.55625 0.4109375 0.55625 0.4203125 0.5625 0.4203125