2 0.3890625000000001 0.38281250000000006 0.3625000000000001 0.3828125 0.3625000000000001 0.5125 0.3890625000000001 0.5125
2 0.596875 0.6953125 0.5578125 0.6953125 0.5578125 0.796875 0.5968750000000002 0.796875
2 0.2921875000000001 0.4984375 0.2531250000000001 0.4984375 0.2531250000000001 0.640625 0.2921875000000001 0.640625
0 0.734375 0.5843750000000001 0.7203125 0.584375 0.7203125 0.6187500000000001 0.734375 0.6187500000000001
2 0.78125 0.1921875000000001 0.75625 0.1921875000000001 0.75625 0.3031250000000001 0.78125 0.3031250000000001
2 0.2140625000000001 0.50625 0.17968750000000006 0.50625 0.17968750000000006 0.6484375 0.2140625000000001 0.6484375
2 0.9171875 0.014062500000000111 0.9 0.014062500000000111 0.9 0.09375000000000011 0.9171875 0.09375000000000011
2 0.75625 0.2812500000000001 0.7171875 0.2812500000000001 0.7171875 0.4000000000000001 0.75625 0.4000000000000002
2 0.63125 0.4578125 0.6015625 0.4578125 0.6015625 0.5734375 0.63125 0.5734375
2 0.8265625 0.45312500000000017 0.7953125 0.45312500000000017 0.7953125 0.5953125000000001 0.8265625 0.5953125000000001
2 0.6078125 0.5046875 0.5671875 0.5046875 0.5671875 0.628125 0.6078125 0.628125
2 0.6843750000000001 0.6453125 0.6453125 0.6453125 0.6453125000000001 0.778125 0.6843750000000002 0.778125
2 0.17343750000000002 0.15 0.1484375 0.15 0.14843750000000003 0.2515625 0.17343750000000005 0.2515625
2 0.3906250000000001 0.653125 0.3515625000000001 0.653125 0.3515625000000001 0.8078125 0.3906250000000001 0.8078125
2 0.5046875 0.2687500000000001 0.4796875 0.2687500000000001 0.4796875 0.38750000000000007 0.5046875 0.38750000000000007
2 0.4125000000000001 0.590625 0.3859375000000001 0.590625 0.3859375000000001 0.75 0.4125000000000002 0.75