2 0.6125 0.3218750000000001 0.58125 0.3218750000000001 0.58125 0.428125 0.6125 0.428125
2 0.33125000000000004 0.28125 0.2984375 0.28125 0.2984375 0.3953125 0.3312500000000001 0.3953125
2 0.17343750000000005 0.2703125 0.14687500000000003 0.2703125 0.14687500000000003 0.371875 0.17343750000000005 0.371875
2 0.11250000000000004 0.35625 0.07187500000000005 0.35625 0.07187500000000005 0.471875 0.11250000000000004 0.471875
2 0.2984375 0.16250000000000003 0.2734375 0.16250000000000003 0.2734375 0.2578125 0.2984375 0.2578125
2 0.8171875 0.6812500000000001 0.765625 0.6812500000000001 0.7656250000000001 0.840625 0.8171875 0.840625
3 0.434375 0.010937500000000051 0.4140625 0.01093750000000005 0.4140625 0.08281250000000004 0.434375 0.08281250000000004
2 0.38750000000000007 0.6 0.3515625000000001 0.6 0.3515625000000001 0.7453125 0.38750000000000007 0.7453125
2 0.7875 0.3437500000000001 0.765625 0.3437500000000001 0.765625 0.4578125000000002 0.7875 0.4578125000000002
2 0.7921875 0.20312500000000008 0.765625 0.20312500000000008 0.765625 0.3046875000000001 0.7921875 0.3046875000000001
2 0.5359375 0.50625 0.509375 0.50625 0.509375 0.6453125 0.5359375 0.6453125
2 0.7265625 0.5250000000000001 0.6953125 0.525 0.6953125 0.6609375000000001 0.7265625 0.6609375000000002
2 0.34062500000000007 0.428125 0.3046875000000001 0.428125 0.3046875000000001 0.5484375 0.34062500000000007 0.5484375
2 0.2468750000000001 0.5203125 0.21250000000000008 0.5203125 0.21250000000000008 0.6546875 0.2468750000000001 0.6546875
3 0.3890625000000001 0.39843750000000006 0.3593750000000001 0.3984375 0.3593750000000001 0.5140625 0.3890625000000001 0.5140625
2 0.4796875000000001 0.6953125 0.446875 0.6953125 0.4468750000000001 0.8453125 0.47968750000000016 0.8453125
0 0.73125 0.6093750000000001 0.71875 0.609375 0.71875 0.6328125000000001 0.73125 0.6328125000000002