2 0.34062500000000007 0.4515625 0.3187500000000001 0.4515625 0.3187500000000001 0.5078125 0.34062500000000007 0.5078125
2 0.3531250000000001 0.6171875 0.31718750000000007 0.6171875 0.31718750000000007 0.7046875 0.3531250000000001 0.7046875
2 0.521875 0.3625000000000001 0.4984375 0.3625000000000001 0.4984375 0.421875 0.521875 0.421875
2 0.56875 0.3265625000000001 0.54375 0.3265625000000001 0.54375 0.3968750000000001 0.56875 0.3968750000000001
2 0.2140625000000001 0.3765625 0.19531250000000006 0.3765625 0.19531250000000006 0.4515625 0.2140625000000001 0.4515625
2 0.3937500000000001 0.3843750000000001 0.3734375000000001 0.3843750000000001 0.3734375000000001 0.434375 0.3937500000000001 0.434375
2 0.95625 0.4234375000000002 0.934375 0.4234375000000002 0.934375 0.5015625000000001 0.95625 0.5015625000000001
2 0.7875 0.2750000000000001 0.7671875 0.2750000000000001 0.7671875 0.3437500000000001 0.7875 0.3437500000000001
2 0.33125000000000004 0.315625 0.3109375 0.315625 0.31093750000000003 0.3859375 0.3312500000000001 0.3859375
0 0.453125 0.4234375 0.44375 0.4234375 0.44375 0.4390625 0.453125 0.4390625
2 0.8640625 0.34062500000000007 0.840625 0.34062500000000007 0.840625 0.4156250000000002 0.8640625 0.4156250000000002
2 0.896875 0.38750000000000007 0.8671875 0.38750000000000007 0.8671875 0.46875000000000017 0.896875 0.46875000000000017
2 0.4390625 0.2796875000000001 0.4203125 0.2796875000000001 0.4203125 0.3390625000000001 0.4390625 0.3390625000000001
2 0.928125 0.3109375000000001 0.909375 0.3109375000000001 0.909375 0.3781250000000001 0.928125 0.3781250000000001
2 0.5734375 0.5703125 0.5390625 0.5703125 0.5390625 0.6578125 0.5734375 0.6578125
2 0.4703125 0.3625000000000001 0.45 0.3625000000000001 0.45 0.4328125 0.4703125 0.4328125
2 0.3546875000000001 0.4125 0.3359375000000001 0.4125 0.3359375000000001 0.4765625 0.3546875000000001 0.4765625
2 0.6078125 0.3312500000000001 0.5890625 0.3312500000000001 0.5890625 0.4015625 0.6078125 0.4015625
2 0.428125 0.3906250000000001 0.409375 0.3906250000000001 0.409375 0.4421875 0.428125 0.4421875
3 0.6078125 0.428125 0.5921875 0.428125 0.5921875 0.509375 0.6078125 0.509375
3 0.2765625 0.234375 0.2625 0.234375 0.2625 0.2875 0.2765625 0.2875
2 0.4125 0.3156250000000001 0.3875 0.3156250000000001 0.38750000000000007 0.3828125000000001 0.4125 0.3828125000000001