2 0.7515625000000001 0.7562500000000001 0.7109375000000002 0.75625 0.7109375000000002 0.859375 0.7515625000000001 0.859375
2 0.8671875 0.4750000000000002 0.8375 0.4750000000000002 0.8375 0.5562500000000001 0.8671875 0.5562500000000001
2 0.4250000000000001 0.6890625 0.4 0.6890625 0.4000000000000001 0.778125 0.42500000000000016 0.778125
2 0.815625 0.6078125000000002 0.7875 0.6078125000000002 0.7875 0.7000000000000002 0.815625 0.7000000000000002
2 0.471875 0.2968750000000001 0.440625 0.2968750000000001 0.440625 0.3609375000000001 0.471875 0.3609375000000001
2 0.19375000000000003 0.4078125 0.17343750000000005 0.4078125 0.17343750000000005 0.4796875 0.19375000000000003 0.4796875
2 0.5875 0.4484375 0.5640625 0.4484375 0.5640625 0.51875 0.5875 0.51875
2 0.7484375 0.44218750000000007 0.725 0.4421875 0.725 0.5171875000000001 0.7484375 0.5171875000000001
2 0.37968750000000007 0.5796875 0.3437500000000001 0.5796875 0.3437500000000001 0.6609375 0.37968750000000007 0.6609375
3 0.278125 0.2171875 0.2640625 0.2171875 0.2640625 0.2578125 0.278125 0.2578125
2 0.3421875000000001 0.7265625 0.3109375000000001 0.7265625 0.3109375000000001 0.821875 0.3421875000000001 0.821875
2 0.8328125 0.3937500000000001 0.8109375 0.3937500000000001 0.8109375 0.46875000000000017 0.8328125 0.46875000000000017
2 0.08593750000000008 0.6140625 0.05156250000000007 0.6140625 0.05156250000000008 0.7046875 0.08593750000000008 0.7046875
3 0.5078125 0.4890625 0.4828125 0.4890625 0.4828125 0.5640625 0.5078125 0.5640625
2 0.38750000000000007 0.6234375 0.3609375000000001 0.6234375 0.3609375000000001 0.7046875 0.38750000000000007 0.7046875
2 0.19062500000000004 0.365625 0.17187500000000006 0.365625 0.17187500000000006 0.4296875 0.19062500000000004 0.4296875
2 0.6 0.3578125000000001 0.5703125 0.3578125000000001 0.5703125 0.4171875 0.6 0.4171875
2 0.3750000000000001 0.415625 0.34843750000000007 0.415625 0.34843750000000007 0.4875 0.3750000000000001 0.4875
2 0.5828125000000002 0.778125 0.5437500000000002 0.778125 0.5437500000000002 0.8859375 0.5828125000000002 0.8859375
2 0.028125000000000074 0.5125 6.276314845630185e-17 0.5125 6.802530267138814e-17 0.5984375 0.028125000000000077 0.5984375
2 0.057812500000000086 0.678125 0.021875000000000082 0.678125 0.02187500000000009 0.7703125 0.057812500000000086 0.7703125
0 0.471875 0.34843750000000007 0.465625 0.34843750000000007 0.465625 0.3625000000000001 0.471875 0.3625000000000001