3 0.8890625 0.0953125000000001 0.8640625 0.0953125000000001 0.8640625 0.1765625000000001 0.8890625 0.1765625000000001
2 0.3515625000000001 0.571875 0.3109375000000001 0.571875 0.3109375000000001 0.70625 0.3515625000000001 0.70625
2 0.9171875 0.17656250000000012 0.8953125 0.1765625000000001 0.8953125 0.27031250000000007 0.9171875 0.27031250000000007
1 0.36250000000000004 0.278125 0.3328125 0.278125 0.33281250000000007 0.4046875 0.3625000000000001 0.4046875
2 0.34843750000000007 0.4515625 0.31718750000000007 0.4515625 0.31718750000000007 0.5703125 0.34843750000000007 0.5703125
2 0.6921875 0.3765625000000001 0.665625 0.3765625000000001 0.665625 0.4859375 0.6921875 0.4859375
2 0.590625 0.2296875000000001 0.5671875 0.2296875000000001 0.5671875 0.3343750000000001 0.590625 0.3343750000000001
2 0.19843750000000004 0.378125 0.16875000000000004 0.378125 0.16875000000000004 0.4984375 0.19843750000000004 0.4984375
2 0.871875 0.5953125000000001 0.8171875 0.5953125000000001 0.8171875 0.7234375000000002 0.871875 0.7234375000000002
0 0.2218750000000001 0.4671875 0.2078125000000001 0.4671875 0.2078125000000001 0.4921875 0.2218750000000001 0.4921875
2 0.79375 0.26250000000000007 0.76875 0.26250000000000007 0.76875 0.37187500000000007 0.79375 0.37187500000000007
2 0.6734375 0.4234375 0.6390625 0.4234375 0.6390625 0.5421875 0.6734375 0.5421875
2 0.978125 0.29375000000000007 0.953125 0.29375000000000007 0.953125 0.4046875000000002 0.978125 0.4046875000000002