2 0.3375 0.215625 0.30625 0.215625 0.30625 0.3171875 0.3375 0.3171875
2 0.46875 0.17187500000000006 0.4328125 0.17187500000000006 0.4328125 0.28593750000000007 0.46875 0.28593750000000007
2 0.7046875 0.425 0.6640625 0.425 0.6640625 0.553125 0.7046875 0.553125
2 0.5234375 0.20312500000000008 0.4890625 0.20312500000000008 0.4890625 0.3000000000000001 0.5234375 0.3000000000000001
2 0.6328125 0.2984375000000001 0.6 0.2984375000000001 0.6 0.409375 0.6328125 0.409375
2 0.4265625 0.3656250000000001 0.38750000000000007 0.3656250000000001 0.38750000000000007 0.5046875 0.4265625 0.5046875
2 0.6328125 0.24375000000000008 0.59375 0.24375000000000008 0.59375 0.3453125000000001 0.6328125 0.3453125000000001
2 0.590625 0.2468750000000001 0.546875 0.2468750000000001 0.546875 0.3531250000000001 0.590625 0.3531250000000001
2 0.4703125 0.3203125000000001 0.434375 0.3203125000000001 0.434375 0.4328125 0.4703125 0.4328125
2 0.5015625 0.2296875000000001 0.4640625 0.2296875000000001 0.4640625 0.3390625000000001 0.5015625 0.3390625000000001
0 0.46875 0.26250000000000007 0.459375 0.26250000000000007 0.459375 0.2796875000000001 0.46875 0.2796875000000001
2 0.08906250000000006 0.340625 0.03750000000000005 0.340625 0.03750000000000005 0.465625 0.08906250000000007 0.465625
2 0.4375 0.2640625000000001 0.3859375 0.2640625000000001 0.38593750000000004 0.3656250000000001 0.4375 0.3656250000000001