2 0.7578125000000001 0.70625 0.7046875 0.70625 0.7046875000000001 0.84375 0.7578125000000002 0.84375
2 0.2609375 0.19843750000000004 0.2390625 0.19843750000000004 0.2390625 0.3046875 0.2609375 0.3046875
2 0.22812500000000008 0.64375 0.1921875000000001 0.64375 0.1921875000000001 0.790625 0.22812500000000008 0.790625
2 0.5765625 0.509375 0.546875 0.509375 0.546875 0.628125 0.5765625 0.628125
2 0.5953125 0.4453125 0.5703125 0.4453125 0.5703125 0.553125 0.5953125 0.553125
2 0.7203125000000001 0.678125 0.690625 0.678125 0.690625 0.734375 0.7203125000000001 0.734375
2 0.909375 0.3312500000000001 0.8828125 0.3312500000000001 0.8828125 0.4421875000000002 0.909375 0.4421875000000002
2 0.18593750000000003 0.4015625 0.15625000000000006 0.4015625 0.15625000000000006 0.5125 0.18593750000000003 0.5125
2 0.2984375000000001 0.609375 0.2687500000000001 0.609375 0.2687500000000001 0.74375 0.2984375000000001 0.74375
2 0.2890625 0.18906250000000005 0.26875 0.18906250000000005 0.26875 0.28125 0.2890625 0.28125
2 0.25468750000000007 0.315625 0.2296875 0.315625 0.22968750000000004 0.4265625 0.25468750000000007 0.4265625
2 0.3890625000000001 0.871875 0.3500000000000001 0.871875 0.3500000000000001 1 0.3890625000000001 1
2 0.6671875 0.2062500000000001 0.6421875 0.2062500000000001 0.6421875 0.2953125000000001 0.6671875 0.2953125000000001
0 0.565625 0.6171875 0.553125 0.6171875 0.553125 0.6390625 0.565625 0.6390625