2 0.14687500000000003 0.321875 0.12656250000000005 0.321875 0.12656250000000005 0.4015625 0.14687500000000003 0.4015625
2 0.884375 0.7031250000000002 0.853125 0.7031250000000002 0.853125 0.83125 0.884375 0.83125
2 0.045312500000000096 0.715625 0.014062500000000089 0.715625 0.014062500000000097 0.84375 0.0453125000000001 0.84375
2 0.6703125 0.5609375 0.6359375 0.5609375 0.6359375 0.659375 0.6703125 0.659375
2 0.19687500000000005 0.421875 0.16562500000000005 0.421875 0.16562500000000005 0.5203125 0.19687500000000005 0.5203125
0 0.678125 0.5578125 0.66875 0.5578125 0.66875 0.578125 0.678125 0.578125
2 0.59375 0.59375 0.5671875 0.59375 0.5671875 0.7046875 0.59375 0.7046875
2 0.5671875 0.4578125 0.5375 0.4578125 0.5375 0.55625 0.5671875 0.55625
2 0.16250000000000003 0.346875 0.14218750000000005 0.346875 0.14218750000000005 0.4296875 0.16250000000000003 0.4296875
2 0.3546875000000001 0.88125 0.3203125000000001 0.88125 0.3203125000000001 1 0.3546875000000001 1
2 0.3234375000000001 0.371875 0.2984375000000001 0.371875 0.2984375000000001 0.4609375 0.3234375000000001 0.4609375
2 0.30156250000000007 0.6140625 0.2718750000000001 0.6140625 0.2718750000000001 0.7296875 0.30156250000000007 0.7296875
2 0.18750000000000008 0.6671875 0.1609375000000001 0.6671875 0.1609375000000001 0.7953125 0.18750000000000008 0.7953125
2 0.78125 0.2890625000000001 0.7546875 0.2890625000000001 0.7546875 0.3609375000000001 0.78125 0.3609375000000001