2 0.8484375 0.5937500000000002 0.83125 0.5937500000000002 0.83125 0.6687500000000002 0.8484375 0.6687500000000002
2 0.746875 0.2687500000000001 0.7328125 0.2687500000000001 0.7328125 0.3140625000000001 0.746875 0.3140625000000001
2 0.3234375 0.275 0.309375 0.275 0.309375 0.3265625 0.3234375 0.3265625
2 0.6609375 0.4328125 0.6484375 0.4328125 0.6484375 0.503125 0.6609375 0.503125
2 0.7609375 0.3312500000000001 0.7484375 0.3312500000000001 0.7484375 0.3843750000000001 0.7609375 0.3843750000000001
2 0.690625 0.3828125000000001 0.678125 0.3828125000000001 0.678125 0.440625 0.690625 0.440625
2 0.5140625 0.4765625 0.5 0.4765625 0.5 0.5390625 0.5140625 0.5390625
2 0.5140625000000002 0.9125 0.48750000000000016 0.9125 0.48750000000000016 1 0.5140625000000002 1
2 0.5 0.2968750000000001 0.4875 0.2968750000000001 0.4875 0.3500000000000001 0.5 0.3500000000000001
2 0.3015625 0.221875 0.2890625 0.221875 0.2890625 0.2609375 0.3015625 0.2609375
2 0.509375 0.2812500000000001 0.5 0.2812500000000001 0.5 0.33281250000000007 0.509375 0.33281250000000007
2 0.4515625 0.3343750000000001 0.4375 0.3343750000000001 0.4375 0.3921875000000001 0.4515625 0.3921875000000001
2 0.5671875 0.3343750000000001 0.5546875 0.3343750000000001 0.5546875 0.3906250000000001 0.5671875 0.3906250000000001
2 0.509375 0.5390625 0.4953125 0.5390625 0.4953125 0.6140625 0.509375 0.6140625
2 0.5015625000000001 0.7140625 0.48125 0.7140625 0.48125000000000007 0.803125 0.5015625000000001 0.803125
2 0.5578125000000002 0.915625 0.5359375000000002 0.915625 0.5359375000000002 1 0.5578125000000002 1
2 0.853125 0.4156250000000002 0.8390625 0.4156250000000002 0.8390625 0.4781250000000002 0.853125 0.4781250000000002
2 0.4109375 0.4640625 0.3968750000000001 0.4640625 0.3968750000000001 0.5296875 0.4109375 0.5296875
2 0.17500000000000004 0.4484375 0.16093750000000004 0.4484375 0.16093750000000004 0.51875 0.17500000000000004 0.51875
2 0.5046875 0.22656250000000008 0.4921875 0.22656250000000008 0.4921875 0.2750000000000001 0.5046875 0.2750000000000001
2 0.27031250000000007 0.5296875 0.2531250000000001 0.5296875 0.2531250000000001 0.6046875 0.27031250000000007 0.6046875
2 0.2234375000000001 0.3640625 0.21093750000000008 0.3640625 0.21093750000000008 0.421875 0.2234375000000001 0.421875
2 0.39062500000000006 0.3515625000000001 0.378125 0.3515625000000001 0.37812500000000004 0.409375 0.3906250000000001 0.409375
2 0.5140625 0.3968750000000001 0.5015625 0.3968750000000001 0.5015625 0.453125 0.5140625 0.453125