2 0.9953125 0.19843750000000013 0.98125 0.19843750000000013 0.98125 0.24218750000000008 0.9953125 0.24218750000000008
2 0.05468750000000004 0.3734375 0.03750000000000005 0.3734375 0.03750000000000005 0.4359375 0.05468750000000004 0.4359375
0 0.21093750000000008 0.4796875 0.20312500000000008 0.4796875 0.20312500000000008 0.496875 0.21093750000000008 0.496875
2 0.8640625 0.7718750000000002 0.8375 0.7718750000000002 0.8375 0.86875 0.8640625 0.86875
2 0.36406250000000007 0.6421875 0.3390625000000001 0.6421875 0.3390625000000001 0.7265625 0.36406250000000007 0.7265625
2 0.8859375 0.3312500000000001 0.8640625 0.3312500000000001 0.8640625 0.3921875000000001 0.8859375 0.3921875000000001
2 0.7296875000000002 0.9375 0.7000000000000002 0.9375 0.7000000000000002 0.9984375 0.7296875000000002 0.9984375
2 0.9953125 0.3687500000000001 0.978125 0.3687500000000001 0.978125 0.4390625000000002 0.9953125 0.4390625000000002
2 0.9703125 0.27812500000000007 0.9484375 0.27812500000000007 0.9484375 0.3390625000000001 0.9703125 0.3390625000000001
2 0.5515625 0.4421875 0.5265625 0.4421875 0.5265625 0.5171875 0.5515625 0.5171875
2 0.5296875 0.14375000000000004 0.5171875 0.14375000000000004 0.5171875 0.18281250000000004 0.5296875 0.18281250000000004
2 0.746875 0.4937500000000001 0.721875 0.49375 0.721875 0.565625 0.746875 0.5656250000000002
2 0.9265625 0.4046875000000002 0.9046875 0.4046875000000002 0.9046875 0.4671875000000002 0.9265625 0.4671875000000002
2 0.8546875 0.4046875000000002 0.8375 0.4046875000000002 0.8375 0.4703125000000002 0.8546875 0.4703125000000002
2 0.34062500000000007 0.675 0.3187500000000001 0.675 0.3187500000000001 0.7671875 0.34062500000000007 0.7671875
2 0.9640625 0.5937500000000002 0.9375 0.5937500000000002 0.9375 0.6812500000000001 0.9640625 0.6812500000000001
2 0.5671875 0.24218750000000008 0.5546875 0.24218750000000008 0.5546875 0.2953125000000001 0.5671875 0.2953125000000001
2 0.728125 0.32500000000000007 0.7078125 0.32500000000000007 0.7078125 0.3812500000000001 0.728125 0.3812500000000001