2 0.44375 0.2562500000000001 0.4140625 0.2562500000000001 0.4140625 0.3125000000000001 0.44375 0.3125000000000001
2 0.675 0.3062500000000001 0.6390625 0.3062500000000001 0.6390625 0.403125 0.675 0.403125
2 0.89375 0.5078125000000002 0.8578125 0.5078125000000002 0.8578125 0.6296875000000002 0.89375 0.6296875000000002
2 0.709375 0.1437500000000001 0.6734375 0.1437500000000001 0.6734375 0.22812500000000008 0.709375 0.22812500000000008
2 0.565625 0.584375 0.5234375 0.584375 0.5234375 0.7140625 0.565625 0.7140625
3 0.7375 0.5531250000000001 0.69375 0.553125 0.69375 0.6796875000000001 0.7375 0.6796875000000002
0 0.5734375 0.425 0.5609375 0.425 0.5609375 0.446875 0.5734375 0.446875
2 0.2375000000000001 0.4953125 0.18593750000000003 0.4953125 0.18593750000000006 0.63125 0.2375000000000001 0.63125
2 0.46875 0.30937500000000007 0.41875 0.30937500000000007 0.41875 0.3984375000000001 0.46875 0.3984375000000001
2 0.30156250000000007 0.334375 0.2578125 0.334375 0.25781250000000006 0.4375 0.30156250000000007 0.4375
3 0.39375 0.12187500000000004 0.3671875 0.12187500000000004 0.3671875 0.19062500000000004 0.39375 0.19062500000000004
2 0.6296875 0.3343750000000001 0.5890625 0.3343750000000001 0.5890625 0.4390625 0.6296875 0.4390625
2 1 0.3265625000000001 0.9859375 0.3265625000000001 0.9859375 0.44062500000000016 1 0.44062500000000016
2 0.2140625000000001 0.71875 0.1593750000000001 0.71875 0.1593750000000001 0.875 0.2140625000000001 0.875