2 0.478125 0.3265625000000001 0.45625 0.3265625000000001 0.45625 0.415625 0.478125 0.415625
2 0.6171875 0.4984375 0.575 0.4984375 0.575 0.5703125 0.6171875 0.5703125
2 0.3515625000000001 0.384375 0.3203125000000001 0.384375 0.3203125000000001 0.471875 0.3515625000000001 0.471875
1 0.11718750000000004 0.325 0.09218750000000005 0.325 0.09218750000000005 0.4125 0.11718750000000004 0.4125
2 0.3203125000000001 0.40625 0.2828125000000001 0.40625 0.2828125000000001 0.5015625 0.3203125000000001 0.5015625
2 0.6546875 0.465625 0.621875 0.465625 0.621875 0.534375 0.6546875 0.534375
2 0.7375 0.37968750000000007 0.7078125 0.37968750000000007 0.7078125 0.47343750000000007 0.7375 0.4734375000000002
2 0.2890625000000001 0.584375 0.2500000000000001 0.584375 0.2500000000000001 0.7078125 0.2890625000000001 0.7078125
0 0.6625 0.5625 0.6515625 0.5625 0.6515625 0.5828125 0.6625 0.5828125
2 0.11093750000000009 0.6984375 0.07343750000000009 0.6984375 0.0734375000000001 0.828125 0.11093750000000009 0.828125
2 0.7140625 0.25468750000000007 0.6796875 0.25468750000000007 0.6796875 0.33281250000000007 0.7140625 0.33281250000000007
2 0.29375000000000007 0.4828125 0.2687500000000001 0.4828125 0.2687500000000001 0.5265625 0.29375000000000007 0.5265625
2 0.596875 0.5671875 0.55625 0.5671875 0.55625 0.6828125 0.596875 0.6828125
3 0.76875 0.14218750000000008 0.7484375 0.14218750000000008 0.7484375 0.2140625000000001 0.76875 0.2140625000000001
3 0.5375000000000001 0.621875 0.5015625 0.621875 0.5015625000000001 0.7359375 0.5375000000000002 0.7359375
2 0.3031250000000001 0.74375 0.2562500000000001 0.74375 0.2562500000000001 0.865625 0.3031250000000001 0.865625
2 0.3000000000000001 0.50625 0.2765625000000001 0.50625 0.2765625000000001 0.609375 0.3000000000000001 0.609375
2 0.8875 0.6421875000000001 0.8390625 0.6421875000000001 0.8390625 0.7687500000000002 0.8875 0.7687500000000002
2 0.25468750000000007 0.8234375 0.2000000000000001 0.8234375 0.2000000000000001 0.9578125 0.25468750000000007 0.9578125
2 0.3828125000000001 0.5953125 0.3437500000000001 0.5953125 0.3437500000000001 0.7171875 0.3828125000000001 0.7171875