2 0.596875 0.20312500000000008 0.575 0.20312500000000008 0.575 0.2640625000000001 0.596875 0.2640625000000001
2 0.58125 0.3265625000000001 0.5640625 0.3265625000000001 0.5640625 0.3984375000000001 0.58125 0.3984375000000001
2 0.309375 0.215625 0.2921875 0.215625 0.2921875 0.2765625 0.309375 0.2765625
2 0.6828125 0.24218750000000008 0.6625 0.24218750000000008 0.6625 0.3000000000000001 0.6828125 0.3000000000000001
2 0.859375 0.47187500000000016 0.8375 0.47187500000000016 0.8375 0.5546875000000002 0.859375 0.5546875000000002
2 0.3750000000000001 0.4625 0.3500000000000001 0.4625 0.3500000000000001 0.534375 0.3750000000000001 0.534375
2 0.484375 0.12187500000000004 0.4671875 0.12187500000000004 0.4671875 0.17343750000000005 0.484375 0.17343750000000005
2 0.6578125 0.3984375000000001 0.6375 0.3984375000000001 0.6375 0.4734375 0.6578125 0.4734375
2 0.7515625 0.3812500000000001 0.7296875 0.3812500000000001 0.7296875 0.4578125000000002 0.7515625 0.4578125000000002
2 0.459375 0.3984375000000001 0.428125 0.3984375000000001 0.428125 0.46875 0.459375 0.46875
2 0.35625000000000007 0.2984375 0.3390625 0.2984375 0.33906250000000004 0.3703125 0.35625000000000007 0.3703125
0 0.3734375000000001 0.484375 0.3656250000000001 0.484375 0.3656250000000001 0.4984375 0.3734375000000001 0.4984375
2 0.7031250000000002 0.7921875 0.6765625000000002 0.7921875 0.6765625000000002 0.90625 0.7031250000000002 0.90625
2 0.446875 0.2890625000000001 0.4296875 0.2890625000000001 0.4296875 0.36406250000000007 0.446875 0.36406250000000007
2 0.9609375 0.22031250000000008 0.940625 0.22031250000000008 0.940625 0.27812500000000007 0.9609375 0.27812500000000007
2 0.10468750000000007 0.5375 0.06875000000000006 0.5375 0.06875000000000007 0.6390625 0.10468750000000009 0.6390625
2 0.11250000000000004 0.1953125 0.09843750000000002 0.1953125 0.09843750000000002 0.2578125 0.11250000000000004 0.2578125
2 0.2843750000000001 0.3796875 0.25468750000000007 0.3796875 0.25468750000000007 0.4515625 0.2843750000000001 0.4515625
2 0.6203125 0.1937500000000001 0.6 0.1937500000000001 0.6 0.25468750000000007 0.6203125 0.25468750000000007
2 0.5968750000000002 0.9359375 0.5703125000000002 0.9359375 0.5703125000000002 0.9984375 0.5968750000000002 0.9984375
2 0.728125 0.3343750000000001 0.7015625 0.3343750000000001 0.7015625 0.4015625000000001 0.728125 0.40156250000000016
2 0.503125 0.2843750000000001 0.48125 0.2843750000000001 0.48125 0.3453125000000001 0.503125 0.3453125000000001
2 0.55 0.559375 0.525 0.559375 0.525 0.6515625 0.55 0.6515625
2 0.018750000000000044 0.3296875 4.0375074159389303e-17 0.3296875 4.506317518737526e-17 0.40625 0.01875000000000005 0.40625