2 0.5859375 0.421875 0.565625 0.421875 0.565625 0.5140625 0.5859375 0.5140625
2 0.3859375000000001 0.6203125 0.3578125000000001 0.6203125 0.3578125000000001 0.7390625 0.3859375000000001 0.7390625
0 0.34687500000000004 0.3609375 0.3390625 0.3609375 0.33906250000000004 0.3765625 0.3468750000000001 0.3765625
2 0.31718750000000007 0.309375 0.2921875 0.309375 0.29218750000000004 0.3796875 0.31718750000000007 0.3796875
2 0.3765625000000001 0.5 0.3531250000000001 0.5 0.3531250000000001 0.59375 0.3765625000000001 0.59375
2 0.6765625000000001 0.640625 0.6484375 0.640625 0.6484375000000001 0.7671875 0.6765625000000002 0.7671875
2 0.9609375 0.6281250000000002 0.9359375 0.6281250000000002 0.9359375 0.7421875000000002 0.9609375 0.7421875000000002
2 0.709375 0.56875 0.6828125 0.56875 0.6828125 0.675 0.709375 0.675
2 0.421875 0.37968750000000007 0.4 0.37968750000000007 0.4 0.4609375 0.421875 0.4609375
2 0.2812500000000001 0.4703125 0.2593750000000001 0.4703125 0.2593750000000001 0.5609375 0.2812500000000001 0.5609375
2 0.4921875 0.3468750000000001 0.4703125 0.3468750000000001 0.4703125 0.4265625 0.4921875 0.4265625
2 0.4890625 0.2843750000000001 0.471875 0.2843750000000001 0.471875 0.3531250000000001 0.4890625 0.3531250000000001
3 0.61875 0.4046875 0.5984375 0.4046875 0.5984375 0.49375 0.61875 0.49375
2 0.7046875 0.3687500000000001 0.68125 0.3687500000000001 0.68125 0.4546875 0.7046875 0.4546875
2 0.5765625 0.29375000000000007 0.55625 0.29375000000000007 0.55625 0.3734375000000001 0.5765625 0.3734375000000001
2 0.575 0.40625 0.5578125 0.40625 0.5578125 0.4921875 0.575 0.4921875
2 0.7921875 0.4343750000000002 0.76875 0.4343750000000002 0.76875 0.5343750000000002 0.7921875 0.5343750000000002
2 0.7578125 0.4515625000000002 0.7375 0.4515625000000002 0.7375 0.5406250000000001 0.7578125 0.5406250000000001