2 0.26406250000000003 0.3546875 0.2328125 0.3546875 0.23281250000000003 0.4734375 0.2640625000000001 0.4734375
2 0.5140625 0.20312500000000008 0.4875 0.20312500000000008 0.4875 0.3109375000000001 0.5140625 0.3109375000000001
2 0.16406250000000003 0.1625 0.1390625 0.1625 0.13906250000000003 0.2609375 0.16406250000000006 0.2609375
2 0.2062500000000001 0.603125 0.1609375000000001 0.603125 0.1609375000000001 0.7484375 0.2062500000000001 0.7484375
2 0.3828125 0.19375000000000003 0.3578125 0.19375000000000003 0.3578125 0.29531250000000003 0.3828125 0.2953125000000001
2 0.7546875 0.4093750000000001 0.7171875 0.409375 0.7171875 0.55 0.7546875 0.5500000000000002
0 0.4734375000000002 0.778125 0.4593750000000002 0.778125 0.4593750000000002 0.8 0.4734375000000002 0.8
2 0.09843750000000004 0.2484375 0.07031250000000003 0.2484375 0.07031250000000003 0.353125 0.09843750000000004 0.353125
2 0.80625 0.1609375000000001 0.775 0.1609375000000001 0.775 0.2718750000000001 0.80625 0.2718750000000001
2 0.07812500000000006 0.365625 0.042187500000000044 0.365625 0.04218750000000005 0.4890625 0.07812500000000007 0.4890625
2 0.05625000000000001 0.009375000000000005 0.0296875 0.009375000000000003 0.029687500000000006 0.0953125 0.05625000000000002 0.0953125
2 0.4828125000000001 0.653125 0.4234375 0.653125 0.4234375000000001 0.7984375 0.4828125000000002 0.7984375
3 0.10156250000000004 0.3328125 0.07343750000000004 0.3328125 0.07343750000000004 0.4515625 0.10156250000000004 0.4515625
2 0.18125000000000002 0.1265625 0.1578125 0.1265625 0.15781250000000002 0.2234375 0.18125000000000005 0.2234375