2 0.5515625000000001 0.7203125 0.525 0.7203125 0.5250000000000001 0.8078125 0.5515625000000002 0.8078125
2 0.63125 0.415625 0.6109375 0.415625 0.6109375 0.4953125 0.63125 0.4953125
2 0.3906250000000001 0.44375 0.3687500000000001 0.44375 0.3687500000000001 0.51875 0.3906250000000001 0.51875
2 0.9890625 0.43281250000000016 0.9671875 0.43281250000000016 0.9671875 0.5046875000000002 0.9890625 0.5046875000000002
2 0.609375 0.2750000000000001 0.5890625 0.2750000000000001 0.5890625 0.3375000000000001 0.609375 0.3375000000000001
2 0.9703125 0.3046875000000001 0.95 0.3046875000000001 0.95 0.37187500000000007 0.9703125 0.37187500000000007
2 0.4859375 0.4171875 0.4609375 0.4171875 0.4609375 0.49375 0.4859375 0.49375
2 0.12031250000000004 0.440625 0.09531250000000005 0.440625 0.09531250000000005 0.5203125 0.12031250000000004 0.5203125
2 0.8234375 0.22656250000000008 0.803125 0.22656250000000008 0.803125 0.2843750000000001 0.8234375 0.2843750000000001
2 0.3656250000000001 0.74375 0.3312500000000001 0.74375 0.3312500000000001 0.846875 0.3656250000000001 0.846875
2 0.3140625000000001 0.8828125 0.27812500000000007 0.8828125 0.27812500000000007 0.975 0.3140625000000001 0.975
2 0.2828125000000001 0.521875 0.26250000000000007 0.521875 0.26250000000000007 0.6046875 0.2828125000000001 0.6046875
2 0.3453125000000001 0.7234375 0.3156250000000001 0.7234375 0.3156250000000001 0.815625 0.3453125000000001 0.815625
2 0.6000000000000002 0.9640625 0.5703125000000002 0.9640625 0.5703125000000002 0.9984375 0.6000000000000002 0.9984375
2 0.93125 0.2765625000000001 0.909375 0.2765625000000001 0.909375 0.3390625000000001 0.93125 0.3390625000000001
2 0.80625 0.7531250000000002 0.7765625000000002 0.7531250000000002 0.7765625000000002 0.8546875 0.80625 0.8546875
2 0.8015625 0.2671875000000001 0.7875 0.2671875000000001 0.7875 0.3281250000000001 0.8015625 0.3281250000000001
2 0.465625 0.3312500000000001 0.4453125 0.3312500000000001 0.4453125 0.3921875000000001 0.465625 0.3921875000000001
2 0.8921875 0.2062500000000001 0.871875 0.2062500000000001 0.871875 0.2640625000000001 0.8921875 0.2640625000000001
2 0.5265625 0.17968750000000006 0.509375 0.17968750000000006 0.509375 0.2328125000000001 0.5265625 0.2328125000000001
2 0.4046875 0.06718750000000004 0.390625 0.06718750000000004 0.390625 0.10781250000000005 0.4046875 0.10781250000000005
0 0.3781250000000001 0.8375 0.3687500000000001 0.8375 0.3687500000000001 0.8578125 0.3781250000000001 0.8578125
2 0.4515625 0.16562500000000005 0.434375 0.16562500000000005 0.434375 0.21875000000000008 0.4515625 0.21875000000000008
2 0.2921875 0.2625 0.275 0.2625 0.275 0.3234375 0.2921875 0.3234375
2 0.71875 0.6234375 0.684375 0.6234375 0.684375 0.69375 0.71875 0.69375