2 0.37187500000000007 0.37968750000000007 0.3468750000000001 0.3796875 0.3468750000000001 0.4796875 0.37187500000000007 0.4796875
2 0.7296875 0.3421875000000001 0.7046875 0.3421875000000001 0.7046875 0.4390625000000001 0.7296875 0.4390625000000002
2 0.0921875000000001 0.7296875 0.05156250000000009 0.7296875 0.0515625000000001 0.8765625 0.09218750000000012 0.8765625
2 0.4640625 0.2968750000000001 0.43125 0.2968750000000001 0.43125 0.3859375000000001 0.4640625 0.3859375000000001
2 0.515625 0.22656250000000008 0.49375 0.22656250000000008 0.49375 0.30156250000000007 0.515625 0.30156250000000007
3 0.615625 0.4953125 0.5875 0.4953125 0.5875 0.60625 0.615625 0.60625
2 0.21875000000000008 0.4875 0.18750000000000006 0.4875 0.18750000000000006 0.5984375 0.21875000000000008 0.5984375
3 0.66875 0.09687500000000009 0.65 0.09687500000000009 0.65 0.1671875000000001 0.66875 0.1671875000000001
2 0.709375 0.421875 0.665625 0.421875 0.665625 0.5109375 0.709375 0.5109375
2 0.8078125 0.1609375000000001 0.7890625 0.1609375000000001 0.7890625 0.24218750000000008 0.8078125 0.24218750000000008
2 0.5078125 0.2718750000000001 0.4875 0.2718750000000001 0.4875 0.3578125000000001 0.5078125 0.3578125000000001
2 0.6578125 0.2921875000000001 0.6265625 0.2921875000000001 0.6265625 0.3781250000000001 0.6578125 0.3781250000000001
2 0.8203125 0.5156250000000002 0.7734375 0.5156250000000002 0.7734375 0.6343750000000001 0.8203125 0.6343750000000001
0 0.728125 0.4250000000000001 0.71875 0.425 0.71875 0.4406250000000001 0.728125 0.44062500000000016
2 0.659375 0.3546875000000001 0.6296875 0.3546875000000001 0.6296875 0.4375 0.659375 0.4375
2 0.5546875000000002 0.803125 0.5140625000000002 0.803125 0.5140625000000002 0.9515625 0.5546875000000002 0.9515625
2 0.4718750000000001 0.596875 0.440625 0.596875 0.4406250000000001 0.7328125 0.47187500000000016 0.7328125
2 0.9140625 0.3578125000000001 0.8890625 0.3578125000000001 0.8890625 0.46093750000000017 0.9140625 0.46093750000000017
2 0.9875 0.4109375000000002 0.9578125 0.4109375000000002 0.9578125 0.5109375000000002 0.9875 0.5109375000000002
2 0.7734375 0.2390625000000001 0.7484375 0.2390625000000001 0.7484375 0.32500000000000007 0.7734375 0.32500000000000007