2 0.8890625 0.2078125000000001 0.8625 0.2078125000000001 0.8625 0.30156250000000007 0.8890625 0.30156250000000007
2 0.3375 0.2625 0.3125 0.2625 0.3125 0.346875 0.3375 0.346875
3 0.2484375 0.12812500000000004 0.21875 0.12812500000000004 0.21875 0.2078125 0.2484375 0.2078125
2 0.475 0.36406250000000007 0.4515625 0.36406250000000007 0.4515625 0.45 0.475 0.45
2 0.5078125 0.35625000000000007 0.465625 0.35625000000000007 0.465625 0.453125 0.5078125 0.453125
2 0.9875 0.4187500000000002 0.95 0.4187500000000002 0.95 0.5359375000000002 0.9875 0.5359375000000002
2 0.96875 0.3203125000000001 0.9296875 0.3203125000000001 0.9296875 0.4421875000000002 0.96875 0.4421875000000002
3 0.7546875 0.3234375000000001 0.728125 0.3234375000000001 0.728125 0.4281250000000002 0.7546875 0.4281250000000002
2 0.22343750000000004 0.328125 0.19062500000000004 0.328125 0.19062500000000004 0.428125 0.2234375000000001 0.428125
2 0.6453125 0.3828125000000001 0.615625 0.3828125000000001 0.615625 0.49375 0.6453125 0.49375
0 0.4125 0.4328125 0.4 0.4328125 0.4 0.4546875 0.4125 0.4546875
2 0.7984375 0.4750000000000002 0.7640625 0.4750000000000002 0.7640625 0.6031250000000001 0.7984375 0.6031250000000001
2 0.578125 0.2906250000000001 0.5484375 0.2906250000000001 0.5484375 0.38750000000000007 0.578125 0.38750000000000007
2 0.475 0.18593750000000003 0.4421875 0.18593750000000003 0.4421875 0.2796875000000001 0.475 0.2796875000000001
2 0.2656250000000001 0.478125 0.2296875000000001 0.478125 0.2296875000000001 0.5921875 0.2656250000000001 0.5921875
2 0.7515625 0.2593750000000001 0.725 0.2593750000000001 0.725 0.3593750000000001 0.7515625 0.3593750000000001