2 0.5765625 0.3625000000000001 0.5453125 0.3625000000000001 0.5453125 0.4421875 0.5765625 0.4421875
2 0.546875 0.2375000000000001 0.525 0.2375000000000001 0.525 0.3140625000000001 0.546875 0.3140625000000001
2 0.7828125 0.3656250000000001 0.7625 0.3656250000000001 0.7625 0.46406250000000016 0.7828125 0.46406250000000016
2 0.403125 0.37812500000000004 0.3546875000000001 0.378125 0.3546875000000001 0.4 0.403125 0.4
2 0.3781250000000001 0.403125 0.3515625000000001 0.403125 0.3515625000000001 0.490625 0.3781250000000001 0.490625
2 0.5453125 0.45625 0.51875 0.45625 0.51875 0.5671875 0.5453125 0.5671875
2 0.934375 0.4906250000000002 0.9078125 0.4906250000000002 0.9078125 0.6046875000000002 0.934375 0.6046875000000002
2 0.2296875000000001 0.4296875 0.21250000000000008 0.4296875 0.21250000000000008 0.5359375 0.2296875000000001 0.5359375
2 0.5375 0.4984375 0.503125 0.4984375 0.503125 0.609375 0.5375 0.609375
2 0.6640625 0.2796875000000001 0.6421875 0.2796875000000001 0.6421875 0.3671875000000001 0.6640625 0.3671875000000001
2 0.38593750000000004 0.33281250000000007 0.35625 0.3328125 0.35625000000000007 0.4125 0.3859375000000001 0.4125
2 0.7921875 0.48437500000000017 0.7671875 0.48437500000000017 0.7671875 0.5921875000000002 0.7921875 0.5921875000000002
2 0.6781250000000002 0.759375 0.6437500000000002 0.759375 0.6437500000000002 0.8984375 0.6781250000000002 0.8984375
0 0.3578125000000001 0.390625 0.34843750000000007 0.390625 0.34843750000000007 0.4046875 0.3578125000000001 0.4046875
2 0.2875000000000001 0.8640625 0.2531250000000001 0.8640625 0.2531250000000001 0.9984375 0.2875000000000001 0.9984375
2 0.2406250000000001 0.4265625 0.22812500000000008 0.4265625 0.22812500000000008 0.5140625 0.2406250000000001 0.5140625
2 0.7203125 0.3468750000000001 0.7 0.3468750000000001 0.7 0.44375 0.7203125 0.44375