2 0.5703125 0.18750000000000006 0.540625 0.18750000000000006 0.540625 0.29375000000000007 0.5703125 0.29375000000000007
2 0.3968750000000001 0.5953125 0.34062500000000007 0.5953125 0.34062500000000007 0.734375 0.3968750000000001 0.734375
2 0.45 0.2375000000000001 0.415625 0.2375000000000001 0.415625 0.34062500000000007 0.45 0.34062500000000007
2 0.5265625 0.3109375000000001 0.4875 0.3109375000000001 0.4875 0.43125 0.5265625 0.43125
2 0.6625 0.2906250000000001 0.6109375 0.2906250000000001 0.6109375 0.40625 0.6625 0.40625
2 0.12031250000000004 0.290625 0.08906250000000004 0.290625 0.08906250000000004 0.4109375 0.12031250000000004 0.4109375
2 0.17500000000000004 0.234375 0.13906250000000003 0.234375 0.13906250000000003 0.3375 0.17500000000000004 0.3375
2 0.08281250000000007 0.4640625 0.04218750000000006 0.4640625 0.042187500000000065 0.603125 0.08281250000000007 0.603125
2 0.17656250000000007 0.4890625 0.14062500000000006 0.4890625 0.14062500000000006 0.6125 0.1765625000000001 0.6125
2 0.4171875 0.22656250000000008 0.3875 0.22656250000000008 0.3875 0.3156250000000001 0.4171875 0.3156250000000001
2 0.35937500000000006 0.2890625 0.325 0.2890625 0.32500000000000007 0.403125 0.3593750000000001 0.403125
2 0.20000000000000004 0.296875 0.15937500000000004 0.296875 0.15937500000000004 0.4046875 0.2000000000000001 0.4046875
2 0.4390625 0.14531250000000004 0.409375 0.14531250000000004 0.409375 0.24375000000000008 0.4390625 0.24375000000000008