2 0.590625 0.3750000000000001 0.5703125 0.3750000000000001 0.5703125 0.41875 0.590625 0.41875
2 0.428125 0.4578125 0.403125 0.4578125 0.403125 0.5859375 0.428125 0.5859375
2 0.721875 0.3468750000000001 0.7 0.3468750000000001 0.7 0.4625 0.721875 0.4625
2 0.484375 0.3109375000000001 0.4625 0.3109375000000001 0.4625 0.4125 0.484375 0.4125
2 0.7078125 0.3546875000000001 0.6875 0.3546875000000001 0.6875 0.4625 0.7078125 0.4625
2 0.8515625 0.12343750000000009 0.8296875 0.12343750000000009 0.8296875 0.20312500000000008 0.8515625 0.20312500000000008
2 0.5296875 0.3671875000000001 0.503125 0.3671875000000001 0.503125 0.478125 0.5296875 0.478125
2 0.4515625 0.484375 0.4203125 0.484375 0.4203125 0.6078125 0.4515625 0.6078125
2 0.7390625 0.10000000000000009 0.71875 0.10000000000000009 0.71875 0.18750000000000008 0.7390625 0.18750000000000008
2 0.50625 0.3156250000000001 0.484375 0.3156250000000001 0.484375 0.4046875 0.50625 0.4046875
2 0.30937500000000007 0.3109375 0.284375 0.3109375 0.28437500000000004 0.4171875 0.30937500000000007 0.4171875
2 0.6859375 0.434375 0.65625 0.434375 0.65625 0.571875 0.6859375 0.571875
2 0.584375 0.4078125 0.559375 0.4078125 0.559375 0.53125 0.584375 0.53125
2 0.4390625 0.3140625000000001 0.409375 0.3140625000000001 0.409375 0.428125 0.4390625 0.428125
2 0.5 0.3656250000000001 0.4734375 0.3656250000000001 0.4734375 0.46875 0.5 0.46875
2 0.26250000000000007 0.353125 0.228125 0.353125 0.22812500000000005 0.46875 0.26250000000000007 0.46875
2 0.646875 0.4375 0.6125 0.4375 0.6125 0.55625 0.646875 0.55625
2 0.5984375 0.5375 0.56875 0.5375 0.56875 0.671875 0.5984375 0.671875
2 0.5609375 0.4015625 0.5296875 0.4015625 0.5296875 0.525 0.5609375 0.525
2 0.9328125 0.49218750000000017 0.9015625 0.49218750000000017 0.9015625 0.6171875000000002 0.9328125 0.6171875000000002
0 0.728125 0.18906250000000008 0.71875 0.18906250000000008 0.71875 0.20312500000000008 0.728125 0.20312500000000008
2 0.3656250000000001 0.37500000000000006 0.3312500000000001 0.375 0.3312500000000001 0.49375 0.3656250000000001 0.49375