2 0.509375 0.2484375000000001 0.4890625 0.2484375000000001 0.4890625 0.3421875000000001 0.509375 0.3421875000000001
3 0.9640625 0.26250000000000007 0.9390625 0.26250000000000007 0.9390625 0.35625000000000007 0.9640625 0.35625000000000007
2 0.16562500000000005 0.3546875 0.13437500000000005 0.3546875 0.13437500000000005 0.4734375 0.16562500000000005 0.4734375
3 0.525 0.10156250000000004 0.50625 0.10156250000000004 0.50625 0.17656250000000004 0.525 0.17656250000000004
2 0.09843750000000008 0.5921875 0.05156250000000007 0.5921875 0.05156250000000008 0.7296875 0.0984375000000001 0.7296875
2 0.76875 0.5671875000000002 0.728125 0.5671875000000002 0.728125 0.6921875000000002 0.76875 0.6921875000000002
0 0.14375000000000004 0.459375 0.13437500000000005 0.459375 0.13437500000000005 0.4796875 0.14375000000000004 0.4796875
2 0.84375 0.13281250000000008 0.825 0.13281250000000008 0.825 0.21093750000000008 0.84375 0.21093750000000008
2 0.99375 0.21093750000000008 0.9703125 0.21093750000000008 0.9703125 0.30156250000000007 0.99375 0.30156250000000007
2 0.7484375 0.2609375000000001 0.725 0.2609375000000001 0.725 0.3609375000000001 0.7484375 0.3609375000000001
2 0.825 0.2562500000000001 0.803125 0.2562500000000001 0.803125 0.3453125000000001 0.825 0.3453125000000001
2 0.778125 0.37187500000000007 0.7578125 0.37187500000000007 0.7578125 0.4734375000000002 0.778125 0.4734375000000002
2 0.4109375 0.18281250000000004 0.390625 0.18281250000000004 0.390625 0.2656250000000001 0.4109375 0.2656250000000001
2 0.59375 0.3765625000000001 0.565625 0.3765625000000001 0.565625 0.484375 0.59375 0.484375
2 0.478125 0.4 0.453125 0.4 0.453125 0.515625 0.478125 0.515625