2 0.4625 0.14687500000000003 0.4359375 0.14687500000000003 0.4359375 0.2453125000000001 0.4625 0.2453125000000001
2 0.440625 0.17656250000000004 0.4 0.17656250000000004 0.4 0.2609375000000001 0.440625 0.2609375000000001
2 0.5203125 0.16250000000000003 0.4859375 0.16250000000000003 0.4859375 0.2734375000000001 0.5203125 0.2734375000000001
2 0.7296875 0.4437500000000001 0.6890625 0.44375 0.6890625 0.5515625000000001 0.7296875 0.5515625000000002
2 0.7031250000000001 0.6671875 0.6515625 0.6671875 0.6515625 0.8125 0.7031250000000002 0.8125
2 0.696875 0.5203125 0.6390625 0.5203125 0.6390625 0.64375 0.696875 0.64375
2 0.771875 0.43750000000000017 0.7328125 0.43750000000000017 0.7328125 0.5578125000000002 0.771875 0.5578125000000002
2 0.3296875000000001 0.5390625 0.2890625000000001 0.5390625 0.2890625000000001 0.68125 0.3296875000000001 0.68125
0 0.68125 0.6046875 0.6671875 0.6046875 0.6671875 0.6265625 0.68125 0.6265625
2 0.1546875 0.07812500000000003 0.11875 0.07812500000000003 0.11875 0.1671875 0.1546875 0.1671875
2 0.5 0.2812500000000001 0.4703125 0.2812500000000001 0.4703125 0.4046875 0.5 0.4046875
2 0.0875000000000001 0.728125 0.04687500000000009 0.728125 0.0468750000000001 0.915625 0.0875000000000001 0.915625
2 0.871875 0.7015625000000002 0.8265625 0.7015625000000002 0.8265625 0.85625 0.871875 0.85625
2 0.565625 0.5546875 0.5171875 0.5546875 0.5171875 0.6875 0.565625 0.6875
2 0.12968750000000004 0.2265625 0.09531250000000002 0.2265625 0.09531250000000004 0.3453125 0.12968750000000004 0.3453125
2 0.5375 0.2218750000000001 0.503125 0.2218750000000001 0.503125 0.3281250000000001 0.5375 0.3281250000000001
2 0.40625 0.30156250000000007 0.3703125 0.30156250000000007 0.37031250000000004 0.425 0.40625 0.425
2 0.796875 0.11875000000000009 0.765625 0.11875000000000009 0.765625 0.2296875000000001 0.796875 0.2296875000000001
2 0.3765625 0.10937500000000004 0.3515625 0.10937500000000004 0.3515625 0.21250000000000005 0.3765625 0.21250000000000008
2 0.4046875 0.12343750000000005 0.36875 0.12343750000000005 0.36875 0.2312500000000001 0.4046875 0.2312500000000001