2 0.5390625000000002 0.7484375 0.5078125000000002 0.7484375 0.5078125000000002 0.9234375 0.5390625000000002 0.9234375
2 0.8015625 0.3859375000000001 0.7703125 0.3859375000000001 0.7703125 0.4859375000000002 0.8015625 0.4859375000000002
2 0.09531250000000005 0.3859375 0.07031250000000004 0.3859375 0.07031250000000006 0.5 0.09531250000000006 0.5
2 0.17187500000000008 0.59375 0.14218750000000008 0.59375 0.14218750000000008 0.71875 0.17187500000000008 0.71875
2 0.6140625 0.5765625 0.584375 0.5765625 0.584375 0.709375 0.6140625 0.709375
2 0.7140625 0.6125 0.6765625 0.6125 0.6765625000000001 0.740625 0.7140625000000002 0.740625
0 0.6640625 0.6078125 0.65 0.6078125 0.65 0.6296875 0.6640625 0.6296875
2 0.0671875000000001 0.7078125 0.02187500000000009 0.7078125 0.021875000000000096 0.8515625 0.06718750000000011 0.8515625
2 0.4125000000000001 0.70625 0.3750000000000001 0.70625 0.3750000000000001 0.8640625 0.4125000000000002 0.8640625
2 0.18593750000000003 0.2453125 0.16250000000000003 0.2453125 0.16250000000000003 0.353125 0.18593750000000003 0.353125
1 0.5734375 0.24375000000000008 0.5515625 0.24375000000000008 0.5515625 0.3359375000000001 0.5734375 0.3359375000000001
2 0.05156250000000007 0.4796875 0.012500000000000061 0.4796875 0.012500000000000067 0.6015625 0.05156250000000007 0.6015625
2 0.18750000000000006 0.2390625 0.17031250000000003 0.2390625 0.17031250000000003 0.3046875 0.18750000000000006 0.3046875