3 0.31250000000000006 0.3 0.29375 0.3 0.29375000000000007 0.3734375 0.3125000000000001 0.3734375
2 0.203125 0.2609375 0.18281250000000004 0.2609375 0.18281250000000004 0.3265625 0.203125 0.3265625
2 0.1171875 0.103125 0.1015625 0.103125 0.1015625 0.15625 0.1171875 0.15625
2 0.39375 0.2171875000000001 0.378125 0.2171875000000001 0.378125 0.2812500000000001 0.39375 0.2812500000000001
2 0.615625 0.64375 0.575 0.64375 0.575 0.725 0.615625 0.725
2 0.6828125 0.6234375 0.6546875 0.6234375 0.6546875 0.7203125 0.6828125 0.7203125
2 0.3015625 0.19531250000000006 0.2859375 0.19531250000000006 0.2859375 0.2609375 0.3015625 0.2609375
0 0.578125 0.7 0.565625 0.7 0.565625 0.7203125 0.578125 0.7203125
2 0.365625 0.28906250000000006 0.3484375 0.2890625 0.3484375 0.3609375 0.365625 0.3609375000000001
2 0.2984375 0.07968750000000005 0.2828125 0.07968750000000005 0.2828125 0.13281250000000006 0.2984375 0.13281250000000006
2 0.6453125 0.43125 0.6140625 0.43125 0.6140625 0.5015625 0.6453125 0.5015625
2 0.5953125 0.43125 0.5609375 0.43125 0.5609375 0.4984375 0.5953125 0.4984375
3 0.9984375 0.6578125000000001 0.9625 0.6578125000000001 0.9625 0.7546875000000002 0.9984375 0.7546875000000002
1 0.734375 0.1609375000000001 0.7125 0.1609375000000001 0.7125 0.22656250000000008 0.734375 0.22656250000000008
2 0.08593750000000006 0.4109375 0.059375000000000046 0.4109375 0.05937500000000005 0.496875 0.08593750000000007 0.496875
2 0.1468750000000001 0.6859375 0.10937500000000008 0.6859375 0.10937500000000008 0.796875 0.1468750000000001 0.796875
2 0.6265625 0.4734375 0.5984375 0.4734375 0.5984375 0.5640625 0.6265625 0.5640625
2 0.14062500000000006 0.259375 0.12187500000000004 0.259375 0.12187500000000004 0.3265625 0.14062500000000006 0.3265625
2 0.6015625 0.559375 0.5640625 0.559375 0.5640625 0.63125 0.6015625 0.63125
2 0.5421875 0.2500000000000001 0.521875 0.2500000000000001 0.521875 0.3187500000000001 0.5421875 0.3187500000000001
2 0.7015625 0.4421875 0.678125 0.4421875 0.678125 0.5171875 0.7015625 0.5171875
2 0.4421875 0.17031250000000003 0.421875 0.17031250000000003 0.421875 0.23593750000000008 0.4421875 0.23593750000000008