2 0.3078125000000001 0.4734375 0.2812500000000001 0.4734375 0.2812500000000001 0.5828125 0.3078125000000001 0.5828125
2 0.6828125 0.6390625 0.6515625 0.6390625 0.6515625 0.775 0.6828125000000002 0.775
2 0.6015625 0.3359375000000001 0.5765625 0.3359375000000001 0.5765625 0.4453125 0.6015625 0.4453125
2 0.7234375 0.559375 0.6953125 0.559375 0.6953125 0.678125 0.7234375 0.678125
2 0.471875 0.2609375000000001 0.4515625 0.2609375000000001 0.4515625 0.3296875000000001 0.471875 0.3296875000000001
2 0.48125 0.2890625000000001 0.4625 0.2890625000000001 0.4625 0.3687500000000001 0.48125 0.3687500000000001
2 0.7578125 0.4437500000000002 0.728125 0.4437500000000002 0.728125 0.5578125000000002 0.7578125 0.5578125000000002
2 0.4328125 0.3437500000000001 0.4078125 0.3437500000000001 0.4078125 0.440625 0.4328125 0.440625
2 0.703125 0.4671875 0.678125 0.4671875 0.678125 0.565625 0.703125 0.565625
2 0.409375 0.3421875000000001 0.3875 0.3421875000000001 0.38750000000000007 0.4390625 0.409375 0.4390625
2 0.24375000000000008 0.3859375 0.21875000000000008 0.3859375 0.21875000000000008 0.4828125 0.24375000000000008 0.4828125
2 0.10000000000000005 0.4234375 0.06562500000000004 0.4234375 0.06562500000000006 0.525 0.10000000000000005 0.525
0 0.28125 0.33125 0.271875 0.33125 0.271875 0.3515625 0.28125 0.3515625
2 0.30625 0.26875 0.284375 0.26875 0.284375 0.3484375 0.30625 0.3484375
2 0.3578125 0.271875 0.328125 0.271875 0.328125 0.3515625 0.3578125 0.3515625
2 0.965625 0.5984375000000002 0.9390625 0.5984375000000002 0.9390625 0.7234375000000002 0.965625 0.7234375000000002
3 0.5796875 0.3859375000000001 0.55625 0.3859375000000001 0.55625 0.4859375 0.5796875 0.4859375
2 0.2171875000000001 0.6890625 0.18125000000000008 0.6890625 0.18125000000000008 0.8296875 0.2171875000000001 0.8296875