2 0.7890625 0.4468750000000002 0.7671875 0.4468750000000002 0.7671875 0.5218750000000002 0.7890625 0.5218750000000002
2 0.3953125 0.2890625000000001 0.378125 0.2890625000000001 0.378125 0.3546875000000001 0.3953125 0.3546875000000001
2 0.12812500000000004 0.2078125 0.11093750000000005 0.2078125 0.11093750000000005 0.275 0.12812500000000004 0.275
2 0.12500000000000006 0.4328125 0.10000000000000005 0.4328125 0.10000000000000005 0.5265625 0.12500000000000006 0.5265625
0 0.18750000000000006 0.4578125 0.17812500000000003 0.4578125 0.17812500000000003 0.478125 0.18750000000000006 0.478125
2 0.990625 0.17500000000000013 0.9703125 0.17500000000000013 0.9703125 0.2375000000000001 0.990625 0.2375000000000001
2 0.7359375000000001 0.8125 0.7109375000000002 0.8125 0.7109375000000002 0.915625 0.7359375000000001 0.915625
2 0.5859375 0.07500000000000007 0.56875 0.07500000000000007 0.56875 0.1281250000000001 0.5859375 0.1281250000000001
2 0.7234375 0.465625 0.703125 0.465625 0.703125 0.5484375 0.7234375 0.5484375
2 0.4046875 0.3921875000000001 0.37968750000000007 0.3921875000000001 0.37968750000000007 0.471875 0.4046875 0.471875
2 0.6203125 0.2328125000000001 0.60625 0.2328125000000001 0.60625 0.2906250000000001 0.6203125 0.2906250000000001
2 0.91875 0.30156250000000007 0.8984375 0.30156250000000007 0.8984375 0.3734375000000001 0.91875 0.3734375000000001
2 0.5796875 0.23437500000000008 0.559375 0.23437500000000008 0.559375 0.3046875000000001 0.5796875 0.3046875000000001
2 0.3296875 0.2734375 0.309375 0.2734375 0.309375 0.34375 0.3296875 0.34375
2 0.8046875 0.1218750000000001 0.7921875 0.1218750000000001 0.7921875 0.1828125000000001 0.8046875 0.1828125000000001
2 0.9953125 0.22656250000000008 0.98125 0.22656250000000008 0.98125 0.2890625000000001 0.9953125 0.2890625000000001