2 0.734375 0.5046875000000001 0.7046875 0.5046875 0.7046875 0.5906250000000001 0.734375 0.5906250000000002
2 0.23125 0.2578125 0.2140625 0.2578125 0.2140625 0.3265625 0.23125 0.3265625
2 0.4265625 0.3843750000000001 0.409375 0.3843750000000001 0.409375 0.465625 0.4265625 0.465625
2 0.484375 0.29375000000000007 0.46875 0.29375000000000007 0.46875 0.3703125000000001 0.484375 0.3703125000000001
2 0.4171875000000001 0.628125 0.3968750000000001 0.628125 0.3968750000000001 0.7265625 0.41718750000000016 0.7265625
2 0.8890625 0.4359375000000002 0.865625 0.4359375000000002 0.865625 0.5218750000000002 0.8890625 0.5218750000000002
0 0.8828125 0.6156250000000002 0.8703125 0.6156250000000002 0.8703125 0.6312500000000002 0.8828125 0.6312500000000002
2 0.684375 0.5609375 0.6484375 0.5609375 0.6484375 0.6390625 0.684375 0.6390625
2 0.4109375 0.3781250000000001 0.3937500000000001 0.3781250000000001 0.3937500000000001 0.4609375 0.4109375 0.4609375
2 0.09375000000000007 0.5453125 0.07187500000000006 0.5453125 0.07187500000000006 0.6328125 0.09375000000000007 0.6328125
2 0.4390625000000001 0.6296875 0.415625 0.6296875 0.4156250000000001 0.734375 0.4390625000000002 0.734375
2 0.7765625 0.44062500000000016 0.7546875 0.44062500000000016 0.7546875 0.5265625000000002 0.7765625 0.5265625000000002
3 0.2375000000000001 0.4875 0.21093750000000008 0.4875 0.21093750000000008 0.578125 0.2375000000000001 0.578125
1 0.6484375 0.2156250000000001 0.6328125 0.2156250000000001 0.6328125 0.2765625000000001 0.6484375 0.2765625000000001
2 0.07968750000000012 0.88125 0.04843750000000011 0.88125 0.04843750000000012 1 0.07968750000000013 1
2 0.10312500000000005 0.3953125 0.08281250000000004 0.3953125 0.08281250000000005 0.478125 0.10312500000000005 0.478125
2 0.8828125 0.6156250000000002 0.8609375 0.6156250000000002 0.8609375 0.7265625000000002 0.8828125 0.7265625000000002
2 0.17656250000000004 0.328125 0.15625000000000006 0.328125 0.15625000000000006 0.4015625 0.17656250000000004 0.4015625