2 0.509375 0.48125 0.46875 0.48125 0.46875 0.578125 0.509375 0.578125
2 0.671875 0.4546875 0.6265625 0.4546875 0.6265625 0.5421875 0.671875 0.5421875
2 0.503125 0.6703125 0.46875 0.6703125 0.4687500000000001 0.790625 0.5031250000000002 0.790625
2 0.5328125 0.30937500000000007 0.50625 0.30937500000000007 0.50625 0.3890625000000001 0.5328125 0.3890625000000001
0 0.5453125 0.521875 0.5328125 0.521875 0.5328125 0.54375 0.5453125 0.54375
2 0.26250000000000007 0.565625 0.23593750000000008 0.565625 0.23593750000000008 0.6890625 0.26250000000000007 0.6890625
2 0.07812500000000004 0.353125 0.05312500000000005 0.353125 0.05312500000000005 0.440625 0.07812500000000004 0.440625
2 0.2562500000000001 0.4546875 0.2218750000000001 0.4546875 0.2218750000000001 0.546875 0.2562500000000001 0.546875
2 0.35937500000000006 0.3 0.3296875 0.3 0.3296875 0.384375 0.3593750000000001 0.384375
2 0.8375 0.6031250000000001 0.80625 0.6031250000000001 0.80625 0.7140625000000002 0.8375 0.7140625000000002
2 0.4078125 0.4296875 0.3859375000000001 0.4296875 0.3859375000000001 0.50625 0.4078125 0.50625
2 0.2093750000000001 0.784375 0.16406250000000008 0.784375 0.1640625000000001 0.9171875 0.2093750000000001 0.9171875
2 0.6234375 0.4078125 0.59375 0.4078125 0.59375 0.5 0.6234375 0.5
2 0.3687500000000001 0.39843750000000006 0.3375000000000001 0.3984375 0.3375000000000001 0.490625 0.3687500000000001 0.490625
2 0.28593750000000007 0.3578125 0.2515625 0.3578125 0.2515625 0.4453125 0.28593750000000007 0.4453125
2 0.4375 0.24218750000000008 0.4078125 0.24218750000000008 0.4078125 0.30937500000000007 0.4375 0.30937500000000007
2 0.5625 0.440625 0.51875 0.440625 0.51875 0.525 0.5625 0.525
2 0.7656250000000002 0.8234375 0.7312500000000002 0.8234375 0.7312500000000002 0.9578125 0.7656250000000002 0.9578125
2 0.26562500000000006 0.3 0.2390625 0.3 0.23906250000000004 0.371875 0.2656250000000001 0.371875
2 0.4765625 0.3625000000000001 0.4546875 0.3625000000000001 0.4546875 0.446875 0.4765625 0.446875