2 0.07187500000000009 0.6953125 0.04062500000000009 0.6953125 0.04062500000000009 0.8015625 0.07187500000000009 0.8015625
2 0.11250000000000011 0.8859375 0.08125000000000011 0.8859375 0.08125000000000011 0.99375 0.11250000000000013 0.99375
2 0.18125000000000005 0.2859375 0.15937500000000004 0.2859375 0.15937500000000004 0.3421875 0.18125000000000005 0.3421875
2 0.81875 0.5781250000000002 0.79375 0.5781250000000002 0.79375 0.6765625000000002 0.81875 0.6765625000000002
2 0.471875 0.3156250000000001 0.4546875 0.3156250000000001 0.4546875 0.3734375000000001 0.471875 0.3734375000000001
2 0.13906250000000012 0.89375 0.10781250000000009 0.89375 0.10781250000000012 0.9953125 0.13906250000000014 0.9953125
2 0.65 0.2968750000000001 0.6296875 0.2968750000000001 0.6296875 0.3625000000000001 0.65 0.3625000000000001
2 0.09843750000000008 0.575 0.07343750000000007 0.575 0.07343750000000007 0.671875 0.0984375000000001 0.671875
2 0.4703125 0.3703125000000001 0.45 0.3703125000000001 0.45 0.4453125 0.4703125 0.4453125
2 0.07656250000000007 0.5734375 0.04687500000000007 0.5734375 0.04687500000000007 0.6703125 0.07656250000000009 0.6703125
2 0.68125 0.3671875000000001 0.659375 0.3671875000000001 0.659375 0.4375 0.68125 0.4375
2 0.5546875 0.453125 0.5328125 0.453125 0.5328125 0.528125 0.5546875 0.528125
2 0.2093750000000001 0.396875 0.18437500000000004 0.396875 0.18437500000000004 0.4671875 0.2093750000000001 0.4671875
2 0.7109375 0.3968750000000001 0.6890625 0.3968750000000001 0.6890625 0.471875 0.7109375 0.471875
2 0.534375 0.440625 0.509375 0.440625 0.509375 0.5203125 0.534375 0.5203125
0 0.64375 0.3546875000000001 0.6359375 0.3546875000000001 0.6359375 0.36406250000000007 0.64375 0.36406250000000007
2 0.53125 0.3203125000000001 0.5109375 0.3203125000000001 0.5109375 0.3656250000000001 0.53125 0.3656250000000001
2 0.3687500000000001 0.5046875 0.3468750000000001 0.5046875 0.3468750000000001 0.5796875 0.3687500000000001 0.5796875
2 0.4046875 0.5515625 0.3828125000000001 0.5515625 0.3828125000000001 0.628125 0.4046875 0.628125