2 0.253125 0.17656250000000004 0.2296875 0.17656250000000004 0.2296875 0.2609375 0.253125 0.2609375
0 0.7765625 0.2765625000000001 0.7671875 0.2765625000000001 0.7671875 0.2921875000000001 0.7765625 0.2921875000000001
2 0.95625 0.3125000000000001 0.9328125 0.3125000000000001 0.9328125 0.40937500000000016 0.95625 0.40937500000000016
2 0.03593750000000004 0.265625 0.010937500000000034 0.265625 0.01093750000000004 0.3515625 0.035937500000000046 0.3515625
2 0.4796875 0.27031250000000007 0.4609375 0.27031250000000007 0.4609375 0.3578125000000001 0.4796875 0.3578125000000001
2 0.1609375 0.11875 0.14375 0.11875 0.14375000000000002 0.1890625 0.16093750000000004 0.1890625
2 0.5328125 0.12656250000000005 0.5140625 0.12656250000000005 0.5140625 0.2015625000000001 0.5328125 0.2015625000000001
2 0.890625 0.6312500000000002 0.8578125 0.6312500000000002 0.8578125 0.7671875000000001 0.890625 0.7671875000000001
3 0.46875 0.36406250000000007 0.4453125 0.36406250000000007 0.4453125 0.4625 0.46875 0.4625
2 0.4 0.5265625 0.3609375000000001 0.5265625 0.3609375000000001 0.6515625 0.4 0.6515625
2 0.11875000000000005 0.415625 0.08906250000000004 0.415625 0.08906250000000006 0.5375 0.11875000000000005 0.5375
2 0.009375000000000033 0.2375 2.9085361479749636e-17 0.2375 3.358211144536883e-17 0.3109375 0.00937500000000004 0.3109375
1 0.7984375 0.21093750000000008 0.778125 0.21093750000000008 0.778125 0.2984375000000001 0.7984375 0.2984375000000001
2 0.2578125000000001 0.4484375 0.22812500000000008 0.4484375 0.22812500000000008 0.5640625 0.2578125000000001 0.5640625
2 0.7640625 0.2593750000000001 0.7421875 0.2593750000000001 0.7421875 0.34843750000000007 0.7640625 0.34843750000000007
2 0.5046875 0.2984375000000001 0.4828125 0.2984375000000001 0.4828125 0.3890625000000001 0.5046875 0.3890625000000001