2 0.321875 0.2953125 0.29375 0.2953125 0.29375000000000007 0.375 0.3218750000000001 0.375
2 0.590625 0.465625 0.5625 0.465625 0.5625 0.571875 0.590625 0.571875
3 0.5265625 0.09687500000000007 0.5078125 0.09687500000000007 0.5078125 0.15937500000000004 0.5265625 0.15937500000000004
2 0.17656250000000007 0.5 0.14687500000000003 0.5 0.14687500000000006 0.60625 0.1765625000000001 0.60625
3 0.6671875 0.4109375 0.6359375 0.4109375 0.6359375 0.509375 0.6671875 0.509375
2 0.8671875 0.4265625000000002 0.8390625 0.4265625000000002 0.8390625 0.5234375000000002 0.8671875 0.5234375000000002
2 0.6156250000000002 0.8 0.5703125000000002 0.8 0.5703125000000002 0.953125 0.6156250000000002 0.953125
2 0.715625 0.5328125 0.6875 0.5328125 0.6875 0.6546875 0.715625 0.6546875
2 0.19218750000000004 0.396875 0.15156250000000004 0.396875 0.15156250000000004 0.4859375 0.19218750000000004 0.4859375
2 0.5718750000000001 0.7265625 0.5390625000000002 0.7265625 0.5390625000000002 0.8640625 0.5718750000000001 0.8640625
0 0.740625 0.4203125000000002 0.7328125 0.4203125000000002 0.7328125 0.4343750000000002 0.740625 0.4343750000000002
2 0.4 0.2390625000000001 0.3703125 0.2390625000000001 0.3703125 0.3109375000000001 0.4 0.3109375000000001
2 0.946875 0.2468750000000001 0.9171875 0.2468750000000001 0.9171875 0.3265625000000001 0.946875 0.3265625000000001
2 0.55 0.32500000000000007 0.5296875 0.32500000000000007 0.5296875 0.409375 0.55 0.409375
2 0.7484375 0.35625000000000007 0.7171875 0.35625000000000007 0.7171875 0.4484375000000001 0.7484375 0.44843750000000016
2 0.6125 0.3046875000000001 0.590625 0.3046875000000001 0.590625 0.3890625000000001 0.6125 0.3890625000000001
2 0.8203125 0.22656250000000008 0.7921875 0.22656250000000008 0.7921875 0.3031250000000001 0.8203125 0.3031250000000001
2 0.1828125000000001 0.78125 0.1437500000000001 0.78125 0.1437500000000001 0.93125 0.18281250000000013 0.93125
2 0.36562500000000003 0.30000000000000004 0.3453125 0.3 0.3453125 0.39062500000000006 0.3656250000000001 0.3906250000000001