2 0.3265625000000001 0.4171875 0.3125000000000001 0.4171875 0.3125000000000001 0.478125 0.3265625000000001 0.478125
2 0.7875 0.4343750000000002 0.7578125 0.4343750000000002 0.7578125 0.4968750000000002 0.7875 0.4968750000000002
2 0.6578125 0.3359375000000001 0.6375 0.3359375000000001 0.6375 0.3921875000000001 0.6578125 0.3921875000000001
2 0.359375 0.24375 0.3453125 0.24375 0.3453125 0.2890625 0.359375 0.2890625
0 0.765625 0.47968750000000016 0.7578125 0.47968750000000016 0.7578125 0.4937500000000002 0.765625 0.4937500000000002
2 0.6609375 0.403125 0.640625 0.403125 0.640625 0.465625 0.6609375 0.465625
2 0.6796875 0.45 0.6578125 0.45 0.6578125 0.5015625 0.6796875 0.5015625
2 0.3921875000000001 0.5234375 0.3656250000000001 0.5234375 0.3656250000000001 0.59375 0.3921875000000001 0.59375
2 0.15156250000000004 0.3109375 0.13906250000000003 0.3109375 0.13906250000000003 0.3640625 0.15156250000000004 0.3640625
2 0.628125 0.3578125000000001 0.60625 0.3578125000000001 0.60625 0.415625 0.628125 0.415625
2 0.584375 0.27031250000000007 0.5671875 0.27031250000000007 0.5671875 0.3156250000000001 0.584375 0.3156250000000001
2 0.2484375000000001 0.63125 0.2171875000000001 0.63125 0.2171875000000001 0.7109375 0.2484375000000001 0.7109375
2 0.02187500000000003 0.2265625 0.004687500000000028 0.2265625 0.00468750000000003 0.275 0.021875000000000033 0.275
2 0.09062500000000005 0.4453125 0.07343750000000004 0.4453125 0.07343750000000006 0.5078125 0.09062500000000007 0.5078125
2 0.03281250000000007 0.5265625 0.003125000000000064 0.5265625 0.0031250000000000687 0.6015625 0.03281250000000008 0.6015625
2 0.3687500000000001 0.590625 0.3421875000000001 0.590625 0.3421875000000001 0.665625 0.3687500000000001 0.665625
2 0.37343750000000003 0.3609375 0.353125 0.3609375 0.353125 0.4171875 0.3734375000000001 0.4171875
2 0.690625 0.48125 0.665625 0.48125 0.665625 0.5484375 0.690625 0.5484375
2 0.06406250000000005 0.3171875 0.046875000000000035 0.3171875 0.04687500000000004 0.3703125 0.06406250000000005 0.3703125
2 0.865625 0.6203125000000002 0.83125 0.6203125000000002 0.83125 0.7187500000000002 0.865625 0.7187500000000002
2 0.95625 0.32500000000000007 0.9421875 0.32500000000000007 0.9421875 0.3765625000000001 0.95625 0.3765625000000001
2 0.45 0.35625000000000007 0.4296875 0.35625000000000007 0.4296875 0.4078125 0.45 0.4078125