1 0.91875 0.2750000000000001 0.896875 0.2750000000000001 0.896875 0.3515625000000001 0.91875 0.3515625000000001
2 0.2406250000000001 0.665625 0.21250000000000008 0.665625 0.21250000000000008 0.7625 0.2406250000000001 0.7625
3 0.11250000000000009 0.5796875 0.08750000000000006 0.5796875 0.08750000000000008 0.6890625 0.11250000000000009 0.6890625
2 0.0687500000000001 0.80625 0.0312500000000001 0.80625 0.031250000000000104 0.9265625 0.06875000000000012 0.9265625
2 0.5875 0.459375 0.5640625 0.459375 0.5640625 0.5484375 0.5875 0.5484375
0 0.596875 0.44375 0.5890625 0.44375 0.5890625 0.4578125 0.596875 0.4578125
2 0.19375000000000003 0.428125 0.16093750000000004 0.428125 0.16093750000000004 0.509375 0.19375000000000003 0.509375
2 0.521875 0.4546875 0.496875 0.4546875 0.496875 0.53125 0.521875 0.53125
2 0.1468750000000001 0.56875 0.11718750000000008 0.56875 0.11718750000000008 0.6578125 0.1468750000000001 0.6578125
2 0.30937500000000007 0.353125 0.2859375 0.353125 0.28593750000000007 0.421875 0.30937500000000007 0.421875
2 0.403125 0.4609375 0.37968750000000007 0.4609375 0.37968750000000007 0.5421875 0.403125 0.5421875
2 0.20312500000000008 0.6859375 0.1781250000000001 0.6859375 0.1781250000000001 0.796875 0.20312500000000008 0.796875
2 0.384375 0.26250000000000007 0.365625 0.26250000000000007 0.365625 0.3312500000000001 0.384375 0.3312500000000001
2 0.528125 0.590625 0.4984375 0.590625 0.4984375 0.684375 0.528125 0.684375
2 0.8921875 0.6218750000000002 0.8671875 0.6218750000000002 0.8671875 0.7296875000000002 0.8921875 0.7296875000000002
2 0.6125 0.3781250000000001 0.5890625 0.3781250000000001 0.5890625 0.453125 0.6125 0.453125
2 0.5000000000000002 0.9296875 0.47187500000000016 0.9296875 0.47187500000000016 0.9984375 0.5000000000000002 0.9984375