2 0.6921875 0.1765625000000001 0.675 0.1765625000000001 0.675 0.24375000000000008 0.6921875 0.24375000000000008
2 0.4734375 0.2296875000000001 0.459375 0.2296875000000001 0.459375 0.2750000000000001 0.4734375 0.2750000000000001
2 0.4421875 0.2453125000000001 0.425 0.2453125000000001 0.425 0.32500000000000007 0.4421875 0.32500000000000007
2 0.4921875 0.2609375000000001 0.475 0.2609375000000001 0.475 0.34843750000000007 0.4921875 0.34843750000000007
0 0.871875 0.2250000000000001 0.8640625 0.2250000000000001 0.8640625 0.23437500000000008 0.871875 0.23437500000000008
2 0.415625 0.2656250000000001 0.3984375 0.2656250000000001 0.3984375 0.30156250000000007 0.415625 0.30156250000000007
2 0.8765625 0.23593750000000008 0.85625 0.23593750000000008 0.85625 0.3078125000000001 0.8765625 0.3078125000000001
2 0.4578125 0.3265625000000001 0.4359375 0.3265625000000001 0.4359375 0.4203125 0.4578125 0.4203125
2 0.16250000000000003 0.203125 0.14843750000000006 0.203125 0.14843750000000006 0.2796875 0.16250000000000003 0.2796875
2 0.3890625 0.2578125000000001 0.3765625 0.2578125000000001 0.3765625 0.2968750000000001 0.3890625 0.2968750000000001
2 0.4796875 0.27812500000000007 0.4625 0.27812500000000007 0.4625 0.3609375000000001 0.4796875 0.3609375000000001
2 0.5828125 0.2062500000000001 0.565625 0.2062500000000001 0.565625 0.2765625000000001 0.5828125 0.2765625000000001
2 0.95 0.17968750000000014 0.9296875 0.17968750000000014 0.9296875 0.2500000000000001 0.95 0.2500000000000001
2 0.4203125 0.2828125000000001 0.403125 0.2828125000000001 0.403125 0.3625000000000001 0.4203125 0.3625000000000001
2 0.46875 0.2609375000000001 0.459375 0.2609375000000001 0.459375 0.34062500000000007 0.46875 0.34062500000000007
2 0.37500000000000006 0.28750000000000003 0.3625 0.2875 0.36250000000000004 0.37031250000000004 0.3750000000000001 0.3703125000000001
2 0.39375 0.2734375000000001 0.384375 0.2734375000000001 0.384375 0.3578125000000001 0.39375 0.3578125000000001
2 0.5328125 0.2734375000000001 0.5125 0.2734375000000001 0.5125 0.3531250000000001 0.5328125 0.3531250000000001
2 0.34843750000000007 0.2953125 0.33125 0.2953125 0.33125000000000004 0.384375 0.34843750000000007 0.384375
2 0.8671875 0.1609375000000001 0.85 0.1609375000000001 0.85 0.22656250000000008 0.8671875 0.22656250000000008
2 0.590625 0.29375000000000007 0.5703125 0.29375000000000007 0.5703125 0.3781250000000001 0.590625 0.3781250000000001
2 0.384375 0.2906250000000001 0.3703125 0.2906250000000001 0.37031250000000004 0.3750000000000001 0.3843750000000001 0.3750000000000001
2 0.7046875 0.08437500000000009 0.6875 0.08437500000000009 0.6875 0.14218750000000008 0.7046875 0.14218750000000008