2 0.05312500000000011 0.8640625 0.004687500000000106 0.8640625 0.004687500000000112 0.959375 0.05312500000000011 0.959375
2 0.38750000000000007 0.4953125 0.3671875000000001 0.4953125 0.3671875000000001 0.575 0.38750000000000007 0.575
2 0.19531250000000006 0.4421875 0.17656250000000004 0.4421875 0.17656250000000004 0.5171875 0.19531250000000006 0.5171875
2 0.13281250000000008 0.6265625 0.11093750000000009 0.6265625 0.11093750000000009 0.696875 0.13281250000000008 0.696875
0 0.6484375 0.4125 0.6390625 0.4125 0.6390625 0.425 0.6484375 0.425
2 0.415625 0.2671875000000001 0.396875 0.2671875000000001 0.396875 0.3234375000000001 0.415625 0.3234375000000001
2 0.19531250000000006 0.33125 0.17812500000000003 0.33125 0.17812500000000003 0.3890625 0.19531250000000006 0.3890625
3 0.2312500000000001 0.5359375 0.2093750000000001 0.5359375 0.2093750000000001 0.6078125 0.2312500000000001 0.6078125
2 0.4703125 0.559375 0.4484375 0.559375 0.4484375 0.63125 0.4703125 0.63125
2 0.4265625 0.4421875 0.4078125 0.4421875 0.4078125 0.5140625 0.4265625 0.5140625
2 0.93125 0.6328125000000002 0.9015625 0.6328125000000002 0.9015625 0.7296875000000002 0.93125 0.7296875000000002
2 0.7328125 0.565625 0.709375 0.565625 0.709375 0.6484375000000001 0.7328125 0.6484375000000002
2 0.2812500000000001 0.6984375 0.26250000000000007 0.6984375 0.26250000000000007 0.7953125 0.2812500000000001 0.7953125
2 0.6734375 0.3625000000000001 0.6484375 0.3625000000000001 0.6484375 0.4265625 0.6734375 0.4265625
2 0.06875000000000006 0.409375 0.050000000000000044 0.409375 0.05000000000000006 0.4734375 0.06875000000000006 0.4734375
1 1 0.4109375000000002 0.9859375 0.4109375000000002 0.9859375 0.4859375000000002 1 0.4859375000000002