2 0.771875 0.46875000000000017 0.746875 0.46875000000000017 0.746875 0.5703125000000002 0.771875 0.5703125000000002
2 0.51875 0.4359375 0.49375 0.4359375 0.49375 0.528125 0.51875 0.528125
2 0.2562500000000001 0.8515625 0.2171875000000001 0.8515625 0.2171875000000001 0.9890625 0.2562500000000001 0.9890625
2 0.16718750000000004 0.4421875 0.14062500000000006 0.4421875 0.14062500000000006 0.534375 0.16718750000000004 0.534375
2 0.7296875 0.4593750000000001 0.7046875 0.459375 0.7046875 0.5468750000000001 0.7296875 0.5468750000000002
0 0.3937500000000001 0.3734375000000001 0.3843750000000001 0.3734375000000001 0.3843750000000001 0.38750000000000007 0.3937500000000001 0.38750000000000007
2 0.3296875000000001 0.425 0.3031250000000001 0.425 0.3031250000000001 0.5125 0.3296875000000001 0.5125
2 0.465625 0.34843750000000007 0.440625 0.34843750000000007 0.440625 0.4328125 0.465625 0.4328125
2 0.8546875 0.6656250000000001 0.825 0.6656250000000001 0.825 0.7765625000000002 0.8546875 0.7765625000000002
2 0.49375 0.60625 0.4578125 0.60625 0.4578125 0.7140625 0.49375 0.7140625
2 0.2828125 0.29375 0.2609375 0.29375 0.2609375 0.3546875 0.2828125 0.3546875
2 0.8359375 0.7515625000000001 0.7968750000000002 0.7515625000000001 0.7968750000000002 0.875 0.8359375 0.875
2 0.5875 0.37968750000000007 0.5625 0.37968750000000007 0.5625 0.4640625 0.5875 0.4640625
2 0.6734375 0.3937500000000001 0.6484375 0.3937500000000001 0.6484375 0.48125 0.6734375 0.48125
2 0.3968750000000001 0.7203125 0.3671875000000001 0.7203125 0.3671875000000001 0.85 0.3968750000000001 0.85
2 0.5671875 0.3234375000000001 0.546875 0.3234375000000001 0.546875 0.39531250000000007 0.5671875 0.39531250000000007
2 0.39375000000000004 0.3140625000000001 0.36875 0.3140625000000001 0.36875 0.3890625000000001 0.3937500000000001 0.3890625000000001
2 0.10156250000000007 0.4953125 0.07031250000000007 0.4953125 0.07031250000000007 0.59375 0.10156250000000008 0.59375
2 0.453125 0.4484375 0.43125 0.4484375 0.43125 0.5328125 0.453125 0.5328125