2 0.05468750000000004 0.3046875 0.03437500000000003 0.3046875 0.03437500000000004 0.3765625 0.05468750000000004 0.3765625
2 0.2140625000000001 0.3703125 0.18906250000000005 0.3703125 0.18906250000000005 0.45 0.2140625000000001 0.45
2 0.3515625 0.2921875 0.321875 0.2921875 0.321875 0.3625 0.3515625 0.3625
0 0.8203125 0.4625000000000002 0.8078125 0.4625000000000002 0.8078125 0.4828125000000002 0.8203125 0.4828125000000002
2 0.08750000000000006 0.5140625 0.05312500000000007 0.5140625 0.05312500000000007 0.6171875 0.08750000000000006 0.6171875
2 0.6500000000000001 0.853125 0.6015625000000002 0.853125 0.6015625000000002 0.971875 0.6500000000000001 0.971875
2 0.4156250000000002 0.896875 0.37187500000000007 0.896875 0.37187500000000007 0.9984375 0.4156250000000002 0.9984375
2 0.9953125 0.3453125000000001 0.9703125 0.3453125000000001 0.9703125 0.43281250000000016 0.9953125 0.43281250000000016
2 0.2140625 0.225 0.19687500000000005 0.225 0.19687500000000005 0.2859375 0.2140625 0.2859375
2 0.02812500000000006 0.4734375 5.79793718971325e-17 0.4734375 6.371990376813572e-17 0.5671875 0.028125000000000067 0.5671875
2 0.5875 0.46875 0.5515625 0.46875 0.5515625 0.5625 0.5875 0.5625