2 0.5140625 0.3750000000000001 0.4875 0.3750000000000001 0.4875 0.48125 0.5140625 0.48125
2 0.6875 0.434375 0.6578125 0.434375 0.6578125 0.5703125 0.6875 0.5703125
2 0.5421875 0.3859375000000001 0.5171875 0.3859375000000001 0.5171875 0.5 0.5421875 0.5
2 0.4640625 0.3156250000000001 0.4390625 0.3156250000000001 0.4390625 0.4234375 0.4640625 0.4234375
2 0.6546875 0.446875 0.615625 0.446875 0.615625 0.5671875 0.6546875 0.5671875
2 0.484375 0.32500000000000007 0.459375 0.32500000000000007 0.459375 0.428125 0.484375 0.428125
0 0.7265625 0.18750000000000008 0.71875 0.18750000000000008 0.71875 0.2015625000000001 0.7265625 0.2015625000000001
2 0.58125 0.4203125 0.553125 0.4203125 0.553125 0.540625 0.58125 0.540625
2 0.603125 0.425 0.5765625 0.425 0.5765625 0.546875 0.603125 0.546875
2 0.85625 0.11875000000000009 0.8328125 0.11875000000000009 0.8328125 0.2000000000000001 0.85625 0.2000000000000001
2 0.953125 0.4937500000000002 0.921875 0.4937500000000002 0.921875 0.6203125000000002 0.953125 0.6203125000000002
1 0.25781250000000006 0.353125 0.228125 0.353125 0.22812500000000005 0.46875 0.2578125000000001 0.46875
2 0.4828125 0.490625 0.4484375 0.490625 0.4484375 0.6125 0.4828125 0.6125
2 0.7484375 0.3671875000000001 0.721875 0.3671875000000001 0.721875 0.4765625000000001 0.7484375 0.47656250000000017
2 0.428125 0.3109375000000001 0.4015625 0.3109375000000001 0.4015625 0.428125 0.428125 0.428125
2 0.3687500000000001 0.37812500000000004 0.3390625000000001 0.378125 0.3390625000000001 0.490625 0.3687500000000001 0.490625
2 0.453125 0.4640625 0.4234375 0.4640625 0.4234375 0.5953125 0.453125 0.5953125
2 0.6265625 0.39531250000000007 0.6 0.39531250000000007 0.6 0.503125 0.6265625 0.503125
2 0.721875 0.36406250000000007 0.69375 0.36406250000000007 0.69375 0.4734375 0.721875 0.4734375
2 0.7390625 0.10000000000000009 0.71875 0.10000000000000009 0.71875 0.18750000000000008 0.7390625 0.18750000000000008
3 0.56875 0.54375 0.534375 0.54375 0.534375 0.68125 0.56875 0.68125
2 0.28750000000000003 0.3171875 0.25625 0.3171875 0.25625000000000003 0.425 0.2875000000000001 0.425