2 0.559375 0.3156250000000001 0.546875 0.3156250000000001 0.546875 0.3703125000000001 0.559375 0.3703125000000001
2 0.51875 0.2015625000000001 0.5 0.2015625000000001 0.5 0.2500000000000001 0.51875 0.2500000000000001
2 0.13906250000000003 0.4390625 0.12031250000000004 0.4390625 0.12031250000000004 0.51875 0.13906250000000003 0.51875
2 0.921875 0.6328125000000002 0.896875 0.6328125000000002 0.896875 0.7203125000000001 0.921875 0.7203125000000001
2 0.5125 0.5421875 0.4859375 0.5421875 0.4859375 0.621875 0.5125 0.621875
2 0.39062500000000006 0.3375000000000001 0.375 0.3375000000000001 0.37500000000000006 0.3968750000000001 0.3906250000000001 0.3968750000000001
2 0.7828125 0.3218750000000001 0.7640625 0.3218750000000001 0.7640625 0.36406250000000007 0.7828125 0.36406250000000007
0 0.3031250000000001 0.396875 0.2953125000000001 0.396875 0.2953125000000001 0.4109375 0.3031250000000001 0.4109375
3 0.2953125 0.18906250000000005 0.28125 0.18906250000000005 0.28125 0.2328125 0.2953125 0.2328125
2 0.696875 0.4328125 0.678125 0.4328125 0.678125 0.4984375 0.696875 0.4984375
2 0.4859375 0.453125 0.4640625 0.453125 0.4640625 0.5171875 0.4859375 0.5171875
2 0.70625 0.3687500000000001 0.690625 0.3687500000000001 0.690625 0.4296875 0.70625 0.4296875
2 0.4265625 0.4609375 0.403125 0.4609375 0.403125 0.5265625 0.4265625 0.5265625
3 0.459375 0.3203125000000001 0.44375 0.3203125000000001 0.44375 0.3781250000000001 0.459375 0.3781250000000001
2 0.2500000000000001 0.5296875 0.2312500000000001 0.5296875 0.2312500000000001 0.60625 0.2500000000000001 0.60625
2 0.5750000000000002 0.8203125 0.5359375000000002 0.8203125 0.5359375000000002 0.9109375 0.5750000000000002 0.9109375
2 0.20625000000000004 0.340625 0.19218750000000004 0.340625 0.19218750000000004 0.4015625 0.2062500000000001 0.4015625
2 0.3109375 0.2484375 0.296875 0.2484375 0.296875 0.3046875 0.3109375 0.3046875
2 0.5109375 0.26250000000000007 0.4953125 0.26250000000000007 0.4953125 0.3078125000000001 0.5109375 0.3078125000000001
2 0.8734375 0.4156250000000002 0.8546875 0.4156250000000002 0.8546875 0.48437500000000017 0.8734375 0.48437500000000017
2 0.534375 0.3828125000000001 0.51875 0.3828125000000001 0.51875 0.44375 0.534375 0.44375
2 0.771875 0.2390625000000001 0.7578125 0.2390625000000001 0.7578125 0.29375000000000007 0.771875 0.29375000000000007
2 0.5328125 0.2828125000000001 0.5125 0.2828125000000001 0.5125 0.3296875000000001 0.5328125 0.3296875000000001