2 0.6828125 0.459375 0.6625 0.459375 0.6625 0.559375 0.6828125 0.559375
2 0.4234375 0.2984375000000001 0.4 0.2984375000000001 0.4 0.3859375000000001 0.4234375 0.3859375000000001
2 0.3359375 0.2109375 0.3140625 0.2109375 0.3140625 0.2921875 0.3359375 0.2921875
2 0.3593750000000001 0.3828125 0.3296875000000001 0.3828125 0.3296875000000001 0.4734375 0.3593750000000001 0.4734375
2 0.53125 0.4859375 0.503125 0.4859375 0.503125 0.5796875 0.53125 0.5796875
1 0.8 0.22031250000000008 0.778125 0.22031250000000008 0.778125 0.2968750000000001 0.8 0.2968750000000001
2 0.5546875 0.4578125 0.528125 0.4578125 0.528125 0.5578125 0.5546875 0.5578125
2 0.621875 0.3656250000000001 0.596875 0.3656250000000001 0.596875 0.4671875 0.621875 0.4671875
2 0.4390625 0.565625 0.4078125 0.565625 0.4078125 0.6578125 0.4390625 0.6578125
2 0.665625 0.440625 0.6421875 0.440625 0.6421875 0.528125 0.665625 0.528125
2 0.19843750000000004 0.2078125 0.17343750000000005 0.2078125 0.17343750000000005 0.290625 0.19843750000000004 0.290625
0 0.5125 0.4734375 0.5046875 0.4734375 0.5046875 0.490625 0.5125 0.490625
2 0.17812500000000003 0.3125 0.15156250000000004 0.3125 0.15156250000000004 0.3984375 0.17812500000000003 0.3984375
3 0.13125000000000003 0.365625 0.10000000000000005 0.365625 0.10000000000000005 0.4546875 0.13125000000000003 0.4546875
2 0.45625 0.2812500000000001 0.4375 0.2812500000000001 0.4375 0.3703125000000001 0.45625 0.3703125000000001
2 0.60625 0.5859375 0.5796875 0.5859375 0.5796875 0.675 0.60625 0.675