2 0.546875 0.3187500000000001 0.5265625 0.3187500000000001 0.5265625 0.39531250000000007 0.546875 0.39531250000000007
3 0.65 0.2531250000000001 0.63125 0.2531250000000001 0.63125 0.3109375000000001 0.65 0.3109375000000001
3 0.65 0.4734375 0.6234375 0.4734375 0.6234375 0.5625 0.65 0.5625
2 0.4390625 0.2484375000000001 0.4234375 0.2484375000000001 0.4234375 0.3125000000000001 0.4390625 0.3125000000000001
2 0.2000000000000001 0.48125 0.17500000000000004 0.48125 0.17500000000000007 0.571875 0.2000000000000001 0.571875
2 0.7703125 0.27031250000000007 0.7515625 0.27031250000000007 0.7515625 0.3390625000000001 0.7703125 0.3390625000000001
2 0.846875 0.5703125000000002 0.8203125 0.5703125000000002 0.8203125 0.6734375000000001 0.846875 0.6734375000000001
2 0.9046875 0.27031250000000007 0.8828125 0.27031250000000007 0.8828125 0.3437500000000001 0.9046875 0.3437500000000001
2 0.3140625000000001 0.7453125 0.2890625000000001 0.7453125 0.2890625000000001 0.8203125 0.3140625000000001 0.8203125
0 0.3828125 0.30937500000000007 0.375 0.30937500000000007 0.375 0.3234375000000001 0.3828125 0.3234375000000001
2 0.378125 0.26406250000000003 0.353125 0.2640625 0.353125 0.32500000000000007 0.378125 0.32500000000000007
2 0.5218750000000001 0.634375 0.49375 0.634375 0.4937500000000001 0.740625 0.5218750000000002 0.740625
2 0.996875 0.3734375000000001 0.971875 0.3734375000000001 0.971875 0.4500000000000002 0.996875 0.4500000000000002
2 0.3828125000000001 0.465625 0.3578125000000001 0.465625 0.3578125000000001 0.5546875 0.3828125000000001 0.5546875
2 0.3578125000000001 0.4 0.3359375000000001 0.4 0.3359375000000001 0.475 0.3578125000000001 0.475
2 0.84375 0.42500000000000016 0.8203125 0.42500000000000016 0.8203125 0.5093750000000001 0.84375 0.5093750000000001
2 0.39531250000000007 0.4046875 0.3750000000000001 0.4046875 0.3750000000000001 0.4890625 0.39531250000000007 0.4890625
2 0.24843750000000003 0.353125 0.2265625 0.353125 0.22656250000000006 0.4375 0.2484375000000001 0.4375