2 0.6921875 0.1750000000000001 0.6765625 0.1750000000000001 0.6765625 0.24375000000000008 0.6921875 0.24375000000000008
2 0.4734375 0.2312500000000001 0.459375 0.2312500000000001 0.459375 0.2765625000000001 0.4734375 0.2765625000000001
2 0.440625 0.2453125000000001 0.425 0.2453125000000001 0.425 0.32500000000000007 0.440625 0.32500000000000007
2 0.4921875 0.2593750000000001 0.475 0.2593750000000001 0.475 0.34843750000000007 0.4921875 0.34843750000000007
0 0.871875 0.22656250000000008 0.8640625 0.22656250000000008 0.8640625 0.23593750000000008 0.871875 0.23593750000000008
2 0.4140625 0.2640625000000001 0.396875 0.2640625000000001 0.396875 0.3000000000000001 0.4140625 0.3000000000000001
2 0.875 0.23593750000000008 0.85625 0.23593750000000008 0.85625 0.3078125000000001 0.875 0.3078125000000001
2 0.4578125 0.3281250000000001 0.4359375 0.3281250000000001 0.4359375 0.421875 0.4578125 0.421875
2 0.16250000000000003 0.203125 0.14843750000000006 0.203125 0.14843750000000006 0.28125 0.16250000000000003 0.28125
2 0.3890625 0.2578125000000001 0.3765625 0.2578125000000001 0.3765625 0.2953125000000001 0.3890625 0.2953125000000001
2 0.4796875 0.27812500000000007 0.4640625 0.27812500000000007 0.4640625 0.3578125000000001 0.4796875 0.3578125000000001
2 0.5828125 0.2062500000000001 0.5671875 0.2062500000000001 0.5671875 0.2750000000000001 0.5828125 0.2750000000000001
2 0.95 0.17812500000000014 0.9296875 0.17812500000000014 0.9296875 0.2500000000000001 0.95 0.2500000000000001
2 0.41875 0.2828125000000001 0.403125 0.2828125000000001 0.403125 0.3625000000000001 0.41875 0.3625000000000001
2 0.46875 0.26250000000000007 0.459375 0.26250000000000007 0.459375 0.34062500000000007 0.46875 0.34062500000000007
2 0.37500000000000006 0.28906250000000006 0.3625 0.2890625 0.36250000000000004 0.37031250000000004 0.3750000000000001 0.3703125000000001
2 0.39375 0.2718750000000001 0.3828125 0.2718750000000001 0.3828125 0.35625000000000007 0.39375 0.35625000000000007
2 0.5328125 0.2718750000000001 0.5140625 0.2718750000000001 0.5140625 0.3515625000000001 0.5328125 0.3515625000000001
2 0.34843750000000007 0.2953125 0.3328125 0.2953125 0.33281250000000007 0.384375 0.34843750000000007 0.384375
2 0.8671875 0.1609375000000001 0.85 0.1609375000000001 0.85 0.2250000000000001 0.8671875 0.2250000000000001
2 0.5890625 0.29375000000000007 0.5703125 0.29375000000000007 0.5703125 0.3781250000000001 0.5890625 0.3781250000000001
2 0.384375 0.2921875000000001 0.3703125 0.2921875000000001 0.37031250000000004 0.3750000000000001 0.3843750000000001 0.3750000000000001
3 0.7046875 0.08593750000000008 0.6890625 0.08593750000000008 0.6890625 0.14218750000000008 0.7046875 0.14218750000000008