2 0.528125 0.2890625000000001 0.5 0.2890625000000001 0.5 0.35625000000000007 0.528125 0.35625000000000007
0 0.490625 0.3234375000000001 0.48125 0.3234375000000001 0.48125 0.3421875000000001 0.490625 0.3421875000000001
3 0.453125 0.3890625000000001 0.4265625 0.3890625000000001 0.4265625 0.4796875 0.453125 0.4796875
2 0.478125 0.30937500000000007 0.4546875 0.30937500000000007 0.4546875 0.38750000000000007 0.478125 0.38750000000000007
2 0.6515625 0.3156250000000001 0.6265625 0.3156250000000001 0.6265625 0.3968750000000001 0.6515625 0.3968750000000001
2 0.7953125 0.3359375000000001 0.775 0.3359375000000001 0.775 0.42500000000000016 0.7953125 0.42500000000000016
2 0.8078125 0.5781250000000002 0.771875 0.5781250000000002 0.771875 0.6828125000000002 0.8078125 0.6828125000000002
2 0.3906250000000001 0.4875 0.3593750000000001 0.4875 0.3593750000000001 0.5859375 0.3906250000000001 0.5859375
2 0.8734375 0.44843750000000016 0.85 0.44843750000000016 0.85 0.5453125000000002 0.8734375 0.5453125000000002
2 0.023437500000000076 0.578125 7.079989307570636e-17 0.578125 7.787988238327699e-17 0.69375 0.023437500000000083 0.69375
2 0.2906250000000001 0.425 0.2656250000000001 0.425 0.2656250000000001 0.5140625 0.2906250000000001 0.5140625
2 0.63125 0.3046875000000001 0.6125 0.3046875000000001 0.6125 0.3937500000000001 0.63125 0.3937500000000001
2 0.45 0.31718750000000007 0.4265625 0.31718750000000007 0.4265625 0.39531250000000007 0.45 0.39531250000000007
2 0.6890625 0.2468750000000001 0.6640625 0.2468750000000001 0.6640625 0.3296875000000001 0.6890625 0.3296875000000001
2 0.21093750000000008 0.371875 0.17812500000000003 0.371875 0.17812500000000003 0.4578125 0.21093750000000008 0.4578125
2 0.021875000000000068 0.4953125 6.065828677026735e-17 0.4953125 6.687719629718749e-17 0.596875 0.02187500000000007 0.596875
2 0.13593750000000004 0.2640625 0.11250000000000004 0.2640625 0.11250000000000004 0.3375 0.13593750000000004 0.3375
2 0.5390625 0.4265625 0.509375 0.4265625 0.509375 0.5265625 0.5390625 0.5265625
2 0.590625 0.3421875000000001 0.5625 0.3421875000000001 0.5625 0.425 0.590625 0.425