2 0.33281250000000007 0.903125 0.2968750000000001 0.903125 0.2968750000000001 1 0.33281250000000007 1
2 0.825 0.42187500000000017 0.7984375 0.42187500000000017 0.7984375 0.4968750000000002 0.825 0.4968750000000002
2 0.646875 0.4421875 0.621875 0.4421875 0.621875 0.5140625 0.646875 0.5140625
2 0.2812500000000001 0.3796875 0.25468750000000007 0.3796875 0.25468750000000007 0.459375 0.2812500000000001 0.459375
2 0.7984375 0.4031250000000002 0.771875 0.4031250000000002 0.771875 0.4781250000000002 0.7984375 0.4781250000000002
0 0.3578125000000001 0.5296875 0.34843750000000007 0.5296875 0.34843750000000007 0.546875 0.3578125000000001 0.546875
2 0.753125 0.6953125000000001 0.721875 0.6953125 0.721875 0.809375 0.7531250000000002 0.809375
2 0.771875 0.5250000000000001 0.7375 0.5250000000000001 0.7375 0.6218750000000002 0.771875 0.6218750000000002
2 0.978125 0.41406250000000017 0.9515625 0.41406250000000017 0.9515625 0.4906250000000002 0.978125 0.4906250000000002
2 0.5203125 0.609375 0.49375 0.609375 0.49375 0.7109375 0.5203125 0.7109375
2 0.5796875 0.425 0.5546875 0.425 0.5546875 0.5046875 0.5796875 0.5046875
2 0.8171875 0.3203125000000001 0.790625 0.3203125000000001 0.790625 0.3859375000000001 0.8171875 0.3859375000000001
2 0.2484375000000001 0.503125 0.22656250000000008 0.503125 0.22656250000000008 0.6 0.2484375000000001 0.6
2 0.621875 0.3203125000000001 0.6015625 0.3203125000000001 0.6015625 0.3906250000000001 0.621875 0.3906250000000001
2 0.9578125 0.8703125 0.896875 0.8703125 0.896875 0.9984375 0.9578125 0.9984375
2 0.6578125 0.3515625000000001 0.6328125 0.3515625000000001 0.6328125 0.4234375 0.6578125 0.4234375
2 0.5421875 0.2140625000000001 0.521875 0.2140625000000001 0.521875 0.27031250000000007 0.5421875 0.27031250000000007