2 0.95 0.2156250000000001 0.9015625 0.2156250000000001 0.9015625 0.38750000000000007 0.95 0.38750000000000007
2 0.6546875 0.3578125000000001 0.6140625 0.3578125000000001 0.6140625 0.5296875 0.6546875 0.5296875
3 1 0.06250000000000012 0.9703125 0.06250000000000011 0.9703125 0.22031250000000008 1 0.22031250000000008
2 0.36875 0.35156250000000006 0.321875 0.3515625 0.321875 0.53125 0.3687500000000001 0.53125
2 0.8359375 0.30156250000000007 0.7796875 0.30156250000000007 0.7796875 0.47656250000000017 0.8359375 0.47656250000000017
2 0.12656250000000005 0.3359375 0.06406250000000005 0.3359375 0.06406250000000005 0.48125 0.12656250000000005 0.48125
1 0.5656250000000002 0.7953125 0.5062500000000002 0.7953125 0.5062500000000002 1 0.5656250000000002 1
2 0.9421875 1.130884778587634e-16 0.9046875 1.1079226511036212e-16 0.9046875 0.12343750000000012 0.9421875 0.12343750000000013
2 0.7984375 0.1937500000000001 0.7578125 0.1937500000000001 0.7578125 0.3156250000000001 0.7984375 0.3156250000000001
0 0.4875 0.22031250000000008 0.46875 0.22031250000000008 0.46875 0.2453125000000001 0.4875 0.2453125000000001
2 0.25 0.03125000000000003 0.2109375 0.03125000000000002 0.2109375 0.14218750000000005 0.25 0.14218750000000005
2 0.921875 0.2156250000000001 0.8921875 0.2156250000000001 0.8921875 0.37968750000000007 0.921875 0.37968750000000007
2 0.5390625 0.2875000000000001 0.4796875 0.2875000000000001 0.4796875 0.4578125 0.5390625 0.4578125
2 0.790625 0.30937500000000007 0.7453125 0.30937500000000007 0.7453125 0.4984375000000002 0.790625 0.4984375000000002