2 0.546875 0.3703125000000001 0.521875 0.3703125000000001 0.521875 0.4890625 0.546875 0.4890625
0 0.6421875 0.6109375 0.628125 0.6109375 0.628125 0.634375 0.6421875 0.634375
2 0.6406250000000002 0.853125 0.6031250000000001 0.853125 0.6031250000000001 0.990625 0.6406250000000002 0.990625
1 0.4671875 0.17968750000000006 0.425 0.17968750000000006 0.425 0.2843750000000001 0.4671875 0.2843750000000001
2 0.5953125 0.3734375000000001 0.5796875 0.3734375000000001 0.5796875 0.4875 0.5953125 0.4875
2 0.3906250000000001 0.37968750000000007 0.3687500000000001 0.37968750000000007 0.3687500000000001 0.490625 0.3906250000000001 0.490625
2 0.3140625 0.3515625 0.2953125 0.3515625 0.29531250000000003 0.4671875 0.3140625000000001 0.4671875
2 0.865625 0.3734375000000001 0.8390625 0.3734375000000001 0.8390625 0.4984375000000002 0.865625 0.4984375000000002
2 0.58125 0.37187500000000007 0.559375 0.37187500000000007 0.559375 0.4828125 0.58125 0.4828125
3 0.6109375000000001 0.621875 0.575 0.621875 0.5750000000000001 0.75625 0.6109375000000001 0.75625
2 0.3312500000000001 0.375 0.3187500000000001 0.375 0.3187500000000001 0.4953125 0.3312500000000001 0.4953125
2 0.6453125 0.3656250000000001 0.625 0.3656250000000001 0.625 0.496875 0.6453125 0.496875
2 0.609375 0.3703125000000001 0.59375 0.3703125000000001 0.59375 0.484375 0.609375 0.484375
2 0.3609375000000001 0.3703125 0.33281250000000007 0.3703125 0.33281250000000007 0.4890625 0.3609375000000001 0.4890625
2 0.6265625 0.3656250000000001 0.60625 0.3656250000000001 0.60625 0.4875 0.6265625 0.4875
2 0.3734375000000001 0.4921875 0.3468750000000001 0.4921875 0.3468750000000001 0.6125 0.3734375000000001 0.6125
2 0.4578125 0.3687500000000001 0.428125 0.3687500000000001 0.428125 0.484375 0.4578125 0.484375
2 0.565625 0.5609375 0.53125 0.5609375 0.53125 0.6875 0.565625 0.6875
2 0.821875 0.36406250000000007 0.796875 0.36406250000000007 0.796875 0.4828125000000002 0.821875 0.4828125000000002
2 0.32500000000000007 0.375 0.3062500000000001 0.375 0.3062500000000001 0.49375 0.32500000000000007 0.49375
2 0.5609375 0.3765625000000001 0.540625 0.3765625000000001 0.540625 0.4890625 0.5609375 0.4890625
2 0.50625 0.3687500000000001 0.4828125 0.3687500000000001 0.4828125 0.484375 0.50625 0.484375
2 0.78125 0.5265625000000002 0.7515625 0.5265625000000002 0.7515625 0.6468750000000002 0.78125 0.6468750000000002