2 0.928125 0.35625000000000007 0.90625 0.35625000000000007 0.90625 0.4390625000000002 0.928125 0.4390625000000002
2 0.6625 0.3218750000000001 0.64375 0.3218750000000001 0.64375 0.3921875000000001 0.6625 0.3921875000000001
2 0.6984375 0.3062500000000001 0.6765625 0.3062500000000001 0.6765625 0.3765625000000001 0.6984375 0.3765625000000001
2 0.878125 0.6312500000000002 0.853125 0.6312500000000002 0.853125 0.7406250000000002 0.878125 0.7406250000000002
2 0.2390625 0.2578125 0.2171875 0.2578125 0.2171875 0.31875 0.2390625 0.31875
3 0.2953125 0.228125 0.2796875 0.228125 0.2796875 0.2890625 0.2953125 0.2890625
2 0.634375 0.5015625 0.6109375 0.5015625 0.6109375 0.5953125 0.634375 0.5953125
3 0.68125 0.39531250000000007 0.6625 0.39531250000000007 0.6625 0.4734375 0.68125 0.4734375
2 0.85 0.4671875000000002 0.8203125 0.4671875000000002 0.8203125 0.5500000000000002 0.85 0.5500000000000002
2 0.828125 0.8703125 0.7890625000000002 0.8703125 0.7890625000000002 0.996875 0.828125 0.996875
2 0.88125 0.4390625000000002 0.859375 0.4390625000000002 0.859375 0.5203125000000002 0.88125 0.5203125000000002
2 0.5171875 0.2578125000000001 0.5 0.2578125000000001 0.5 0.3140625000000001 0.5171875 0.3140625000000001
2 0.4578125 0.3031250000000001 0.4390625 0.3031250000000001 0.4390625 0.3656250000000001 0.4578125 0.3656250000000001
2 0.5671875 0.2656250000000001 0.55 0.2656250000000001 0.55 0.3281250000000001 0.5671875 0.3281250000000001
2 0.3984375 0.2953125000000001 0.375 0.2953125000000001 0.375 0.3609375000000001 0.3984375 0.3609375000000001
2 0.3390625000000001 0.38125 0.3109375000000001 0.38125 0.3109375000000001 0.44375 0.3390625000000001 0.44375
2 0.3375 0.328125 0.3140625 0.328125 0.3140625 0.396875 0.3375000000000001 0.396875
2 0.35 0.2765625 0.334375 0.2765625 0.334375 0.3390625 0.35 0.3390625
2 0.3234375000000001 0.6421875 0.2953125000000001 0.6421875 0.2953125000000001 0.7484375 0.3234375000000001 0.7484375
2 0.8078125 0.5546875000000002 0.7828125 0.5546875000000002 0.7828125 0.6609375000000002 0.8078125 0.6609375000000002
2 0.12343750000000006 0.4703125 0.10156250000000004 0.4703125 0.10156250000000007 0.5671875 0.12343750000000009 0.5671875
2 0.37500000000000006 0.35781250000000003 0.359375 0.3578125 0.35937500000000006 0.4296875 0.3750000000000001 0.4296875