2 0.4171875 0.2921875000000001 0.4015625 0.2921875000000001 0.4015625 0.3703125000000001 0.4171875 0.3703125000000001
2 0.9 0.22812500000000008 0.878125 0.22812500000000008 0.878125 0.2890625000000001 0.9 0.2890625000000001
2 0.5625 0.3968750000000001 0.5390625 0.3968750000000001 0.5390625 0.4875 0.5625 0.4875
2 0.8421875 0.3593750000000001 0.8171875 0.3593750000000001 0.8171875 0.4500000000000002 0.8421875 0.4500000000000002
2 0.04687500000000007 0.4859375 0.018750000000000062 0.4859375 0.018750000000000065 0.596875 0.046875000000000076 0.596875
2 0.684375 0.2390625000000001 0.6640625 0.2390625000000001 0.6640625 0.2906250000000001 0.684375 0.2906250000000001
2 0.6671875 0.3281250000000001 0.6453125 0.3281250000000001 0.6453125 0.4125 0.6671875 0.4125
2 0.90625 0.4234375000000002 0.88125 0.4234375000000002 0.88125 0.5062500000000002 0.90625 0.5062500000000002
2 0.2546875 0.278125 0.228125 0.278125 0.228125 0.3546875 0.2546875 0.3546875
2 0.8015625 0.2984375000000001 0.775 0.2984375000000001 0.775 0.3828125000000001 0.8015625 0.3828125000000001
2 0.5937500000000001 0.63125 0.5609375 0.63125 0.5609375000000001 0.7484375 0.5937500000000002 0.7484375
2 0.884375 0.5593750000000002 0.8546875 0.5593750000000002 0.8546875 0.6687500000000002 0.884375 0.6687500000000002
2 0.859375 0.43750000000000017 0.8328125 0.43750000000000017 0.8328125 0.5359375000000002 0.859375 0.5359375000000002
2 0.484375 0.32500000000000007 0.4671875 0.32500000000000007 0.4671875 0.40625 0.484375 0.40625
3 0.8953125 0.3437500000000001 0.865625 0.3437500000000001 0.865625 0.42500000000000016 0.8953125 0.42500000000000016
2 0.721875 0.2500000000000001 0.70625 0.2500000000000001 0.70625 0.30937500000000007 0.721875 0.30937500000000007
2 0.7328125 0.2671875000000001 0.715625 0.2671875000000001 0.715625 0.3421875000000001 0.7328125 0.3421875000000001
0 0.6140625 0.2968750000000001 0.60625 0.2968750000000001 0.60625 0.3109375000000001 0.6140625 0.3109375000000001
3 0.2453125 0.20625 0.225 0.20625 0.225 0.2765625 0.2453125 0.2765625
2 0.2500000000000001 0.4140625 0.2250000000000001 0.4140625 0.2250000000000001 0.509375 0.2500000000000001 0.509375