2 1 0.8796875 0.9703125 0.8796875 0.9703125 0.9703125 1 0.9703125
2 0.5953125 0.3000000000000001 0.5703125 0.3000000000000001 0.5703125 0.3609375000000001 0.5953125 0.3609375000000001
2 0.6875 0.19687500000000008 0.6671875 0.19687500000000008 0.6671875 0.2453125000000001 0.6875 0.2453125000000001
2 0.7203125 0.534375 0.6859375 0.534375 0.6859375 0.60625 0.7203125 0.60625
2 0.40625 0.2062500000000001 0.39375 0.2062500000000001 0.39375 0.25468750000000007 0.40625 0.25468750000000007
2 0.17500000000000004 0.215625 0.16093750000000004 0.215625 0.16093750000000004 0.2671875 0.17500000000000004 0.2671875
2 0.5734375 0.3750000000000001 0.55625 0.3750000000000001 0.55625 0.4359375 0.5734375 0.4359375
2 0.7984375 0.5093750000000001 0.76875 0.5093750000000001 0.76875 0.5750000000000002 0.7984375 0.5750000000000002
0 0.5578125000000002 0.871875 0.5500000000000002 0.871875 0.5500000000000002 0.8921875 0.5578125000000002 0.8921875
2 0.2390625 0.11562500000000005 0.2265625 0.11562500000000005 0.2265625 0.15625000000000006 0.2390625 0.15625000000000006
2 0.8828125 0.5703125000000002 0.8515625 0.5703125000000002 0.8515625 0.6453125000000002 0.8828125 0.6453125000000002
2 0.609375 0.48125 0.5796875 0.48125 0.5796875 0.5578125 0.609375 0.5578125
2 0.85 0.9375 0.8203125 0.9375 0.8203125 1 0.85 1
2 0.5953125 0.2687500000000001 0.575 0.2687500000000001 0.575 0.3078125000000001 0.5953125 0.3078125000000001
2 0.64375 0.1906250000000001 0.6296875 0.1906250000000001 0.6296875 0.2390625000000001 0.64375 0.2390625000000001
2 0.6203125 0.16562500000000008 0.60625 0.16562500000000008 0.60625 0.2140625000000001 0.6203125 0.2140625000000001
2 0.11562500000000013 0.9359375 0.08437500000000012 0.9359375 0.08437500000000012 0.9984375 0.11562500000000013 0.9984375
2 0.5265625 0.565625 0.4921875 0.565625 0.4921875 0.640625 0.5265625 0.640625
2 0.2765625 0.2859375 0.2640625 0.2859375 0.2640625 0.3421875 0.2765625 0.3421875
2 0.325 0.15156250000000004 0.3109375 0.15156250000000004 0.3109375 0.19687500000000005 0.325 0.19687500000000005
2 0.2703125 0.2515625 0.253125 0.2515625 0.253125 0.303125 0.2703125 0.303125
2 0.20312500000000008 0.4984375 0.18125000000000005 0.4984375 0.18125000000000008 0.5828125 0.20312500000000008 0.5828125
2 0.3187500000000001 0.409375 0.2984375000000001 0.409375 0.2984375000000001 0.4703125 0.3187500000000001 0.4703125
2 0.8078125 0.4390625000000002 0.7765625 0.4390625000000002 0.7765625 0.5093750000000001 0.8078125 0.5093750000000001
2 0.6015625000000002 0.8296875 0.5718750000000001 0.8296875 0.5718750000000001 0.9359375 0.6015625000000002 0.9359375
2 0.728125 0.2609375000000001 0.7078125 0.2609375000000001 0.7078125 0.3140625000000001 0.728125 0.3140625000000001