2 0.6078125 0.3390625000000001 0.584375 0.3390625000000001 0.584375 0.4109375 0.6078125 0.4109375
3 0.5125 0.18281250000000004 0.4921875 0.18281250000000004 0.4921875 0.2390625000000001 0.5125 0.2390625000000001
2 0.4859375 0.4234375 0.453125 0.4234375 0.453125 0.5015625 0.4859375 0.5015625
0 0.2890625000000001 0.490625 0.2796875000000001 0.490625 0.2796875000000001 0.5078125 0.2890625000000001 0.5078125
2 0.8125 0.2968750000000001 0.790625 0.2968750000000001 0.790625 0.3671875000000001 0.8125 0.3671875000000001
2 0.815625 0.4187500000000002 0.790625 0.4187500000000002 0.790625 0.5046875000000002 0.815625 0.5046875000000002
2 0.5734375 0.44375 0.5484375 0.44375 0.5484375 0.5328125 0.5734375 0.5328125
2 0.7062500000000002 0.815625 0.6859375000000002 0.815625 0.6859375000000002 0.8546875 0.7062500000000002 0.8546875
2 0.6390625 0.5078125 0.6078125 0.5078125 0.6078125 0.6078125 0.6390625 0.6078125
2 0.27031250000000007 0.4734375 0.2375000000000001 0.4734375 0.2375000000000001 0.5625 0.27031250000000007 0.5625
2 0.3468750000000001 0.503125 0.3203125000000001 0.503125 0.3203125000000001 0.6 0.3468750000000001 0.6
2 0.3625000000000001 0.909375 0.3187500000000001 0.909375 0.3187500000000001 1 0.3625000000000001 1
2 0.7875 0.3828125000000001 0.7625 0.3828125000000001 0.7625 0.4593750000000002 0.7875 0.4593750000000002
2 0.65 0.2828125000000001 0.628125 0.2828125000000001 0.628125 0.3468750000000001 0.65 0.3468750000000001
3 0.8953125 0.3937500000000001 0.865625 0.3937500000000001 0.865625 0.48437500000000017 0.8953125 0.48437500000000017
2 0.25781250000000006 0.353125 0.2328125 0.353125 0.23281250000000003 0.425 0.2578125000000001 0.425
2 1 0.3187500000000001 0.9875 0.3187500000000001 0.9875 0.3890625000000001 1 0.3890625000000001
2 0.6125 0.7015625 0.5609375 0.7015625 0.5609375000000001 0.8171875 0.6125000000000002 0.8171875