2 0.29687500000000006 0.3234375 0.2671875 0.3234375 0.2671875 0.4453125 0.2968750000000001 0.4453125
1 0.2515625 0.28125 0.2125 0.28125 0.21250000000000005 0.4171875 0.2515625000000001 0.4171875
2 0.84375 0.3843750000000001 0.809375 0.3843750000000001 0.809375 0.5234375000000002 0.84375 0.5234375000000002
3 0.8453125 0.11875000000000009 0.8234375 0.11875000000000009 0.8234375 0.2140625000000001 0.8453125 0.2140625000000001
0 0.496875 0.3281250000000001 0.4828125 0.3281250000000001 0.4828125 0.3531250000000001 0.496875 0.3531250000000001
2 0.525 0.5171875 0.484375 0.5171875 0.484375 0.671875 0.525 0.671875
2 0.55 0.2234375000000001 0.51875 0.2234375000000001 0.51875 0.3343750000000001 0.55 0.3343750000000001
2 0.6734375 0.4609375 0.6359375 0.4609375 0.6359375 0.6015625 0.6734375 0.6015625
2 0.7234375 0.29375000000000007 0.6984375 0.29375000000000007 0.6984375 0.425 0.7234375 0.425
2 0.017187500000000064 0.459375 5.625721233583154e-17 0.459375 6.525071226706992e-17 0.60625 0.01718750000000007 0.60625
2 0.6218750000000001 0.6828125 0.5875 0.6828125 0.5875000000000001 0.8484375 0.6218750000000002 0.8484375