2 0.12656250000000008 0.5015625 0.09531250000000006 0.5015625 0.09531250000000006 0.5890625 0.12656250000000008 0.5890625
2 0.014062500000000047 0.3421875 4.190588265832349e-17 0.3421875 4.5732903905658965e-17 0.4046875 0.01406250000000005 0.4046875
2 0.7265625 0.2406250000000001 0.7046875 0.2406250000000001 0.7046875 0.30156250000000007 0.7265625 0.30156250000000007
2 0.9390625 0.6968750000000001 0.903125 0.6968750000000001 0.903125 0.7906250000000001 0.9390625 0.7906250000000001
2 0.28593750000000007 0.3703125 0.2593750000000001 0.3703125 0.2593750000000001 0.4453125 0.28593750000000007 0.4453125
2 0.971875 0.3734375000000001 0.946875 0.3734375000000001 0.946875 0.44062500000000016 0.971875 0.44062500000000016
2 0.3781250000000001 0.4859375 0.34843750000000007 0.4859375 0.34843750000000007 0.56875 0.3781250000000001 0.56875
2 0.6828125000000002 0.75 0.6515625000000002 0.75 0.6515625000000002 0.8515625 0.6828125000000002 0.8515625
0 0.45 0.2875000000000001 0.4375 0.2875000000000001 0.4375 0.30937500000000007 0.45 0.30937500000000007
2 0.9671875 0.6843750000000002 0.9375 0.6843750000000002 0.9375 0.7859375000000002 0.9671875 0.7859375000000002
2 0.4296875 0.5265625 0.4046875 0.5265625 0.4046875 0.5984375 0.4296875 0.5984375
2 0.012500000000000056 0.4125 5.051668046482832e-17 0.4125 5.625721233583154e-17 0.50625 0.012500000000000061 0.50625
2 0.859375 0.1703125000000001 0.8375 0.1703125000000001 0.8375 0.22812500000000008 0.859375 0.22812500000000008
2 0.571875 0.12343750000000009 0.5546875 0.12343750000000009 0.5546875 0.17187500000000008 0.571875 0.17187500000000008
2 0.23125 0.19531250000000006 0.2109375 0.19531250000000006 0.2109375 0.25625 0.23125 0.25625
2 0.4125 0.3515625000000001 0.3921875 0.3515625000000001 0.3921875 0.4234375 0.4125 0.4234375
2 0.578125 0.4140625 0.5515625 0.4140625 0.5515625 0.496875 0.578125 0.496875
2 0.8609375 0.34843750000000007 0.840625 0.34843750000000007 0.840625 0.4234375000000002 0.8609375 0.4234375000000002
2 0.4468750000000001 0.684375 0.4109375 0.684375 0.41093750000000007 0.78125 0.4468750000000002 0.78125