2 0.5109375 0.16093750000000004 0.4890625 0.16093750000000004 0.4890625 0.2328125000000001 0.5109375 0.2328125000000001
2 0.4421875 0.5453125 0.40625 0.5453125 0.40625 0.684375 0.4421875 0.684375
2 0.7671875 0.1765625000000001 0.746875 0.1765625000000001 0.746875 0.22031250000000008 0.7671875 0.22031250000000008
2 0.22812500000000008 0.3984375 0.2015625000000001 0.3984375 0.2015625000000001 0.521875 0.22812500000000008 0.521875
2 0.3468750000000001 0.5125 0.31718750000000007 0.5125 0.31718750000000007 0.640625 0.3468750000000001 0.640625
2 0.7484375 0.20468750000000008 0.71875 0.20468750000000008 0.71875 0.2890625000000001 0.7484375 0.2890625000000001
0 0.6515625 0.18750000000000008 0.6390625 0.18750000000000008 0.6390625 0.2078125000000001 0.6515625 0.2078125000000001
2 0.6359375 0.2796875000000001 0.615625 0.2796875000000001 0.615625 0.3687500000000001 0.6359375 0.3687500000000001
2 0.6546875 0.26250000000000007 0.6328125 0.26250000000000007 0.6328125 0.3546875000000001 0.6546875 0.3546875000000001
2 0.403125 0.2312500000000001 0.378125 0.2312500000000001 0.378125 0.3281250000000001 0.403125 0.3281250000000001
2 0.5828125 0.2843750000000001 0.553125 0.2843750000000001 0.553125 0.3812500000000001 0.5828125 0.3812500000000001
2 0.7953125 0.1859375000000001 0.7609375 0.1859375000000001 0.7609375 0.2609375000000001 0.7953125 0.2609375000000001
2 0.3671875 0.23281250000000003 0.3375 0.2328125 0.3375 0.31718750000000007 0.3671875 0.31718750000000007