2 0.37187500000000007 0.459375 0.3500000000000001 0.459375 0.3500000000000001 0.5375 0.37187500000000007 0.5375
2 0.13906250000000003 0.3984375 0.11718750000000004 0.3984375 0.11718750000000004 0.475 0.13906250000000003 0.475
2 0.796875 0.4750000000000002 0.771875 0.4750000000000002 0.771875 0.5562500000000001 0.796875 0.5562500000000001
3 0.328125 0.2359375 0.3109375 0.2359375 0.3109375 0.2828125 0.328125 0.2828125
2 0.08281250000000007 0.509375 0.057812500000000065 0.509375 0.057812500000000065 0.5984375 0.08281250000000007 0.5984375
2 0.7765625 0.3218750000000001 0.75625 0.3218750000000001 0.75625 0.3859375000000001 0.7765625 0.3859375000000001
2 0.30312500000000003 0.3296875 0.28125 0.3296875 0.28125000000000006 0.390625 0.3031250000000001 0.390625
2 0.446875 0.3937500000000001 0.421875 0.3937500000000001 0.421875 0.4671875 0.446875 0.4671875
2 0.45625 0.6171875 0.4296875 0.6171875 0.4296875 0.7171875 0.45625 0.7171875
2 0.5609375000000001 0.646875 0.5296875 0.646875 0.5296875000000001 0.746875 0.5609375000000002 0.746875
2 0.5671875 0.3359375000000001 0.5453125 0.3359375000000001 0.5453125 0.4015625 0.5671875 0.4015625
2 0.0343750000000001 0.7671875 9.3953371622086e-17 0.7671875 1.0122471199202343e-16 0.8859375 0.034375000000000114 0.8859375
2 0.896875 0.7859375000000002 0.8578125 0.7859375000000002 0.8578125 0.896875 0.896875 0.896875
2 0.8046875 0.8328125 0.7671875000000001 0.8328125 0.7671875000000001 0.96875 0.8046875 0.96875
3 0.7203125 0.3859375000000001 0.7015625 0.3859375000000001 0.7015625 0.4625 0.7203125 0.4625
2 0.69375 0.509375 0.66875 0.509375 0.66875 0.6015625 0.69375 0.6015625
0 0.3109375000000001 0.3890625 0.30156250000000007 0.3890625 0.30156250000000007 0.403125 0.3109375000000001 0.403125
2 0.5828125 0.3437500000000001 0.5609375 0.3437500000000001 0.5609375 0.4078125 0.5828125 0.4078125
2 0.7078125 0.39531250000000007 0.690625 0.39531250000000007 0.690625 0.4625 0.7078125 0.4625