2 0.2609375 0.2234375 0.2359375 0.2234375 0.2359375 0.3125 0.2609375 0.3125
2 0.10312500000000005 0.375 0.07812500000000004 0.375 0.07812500000000006 0.48125 0.10312500000000005 0.48125
3 0.36875 0.08906250000000004 0.3515625 0.08906250000000004 0.3515625 0.15000000000000005 0.36875 0.15000000000000005
2 0.7437500000000001 0.6296875000000001 0.7046875 0.6296875 0.7046875000000001 0.7781250000000001 0.7437500000000001 0.7781250000000002
2 0.5921875 0.3671875000000001 0.5625 0.3671875000000001 0.5625 0.4515625 0.5921875 0.4515625
2 0.4078125 0.4890625 0.3812500000000001 0.4890625 0.3812500000000001 0.6078125 0.4078125 0.6078125
2 0.3046875000000001 0.4265625 0.2875000000000001 0.4265625 0.2875000000000001 0.521875 0.3046875000000001 0.521875
2 0.2921875000000001 0.4421875 0.27031250000000007 0.4421875 0.27031250000000007 0.55625 0.2921875000000001 0.55625
2 0.3046875000000001 0.734375 0.2671875000000001 0.734375 0.2671875000000001 0.8734375 0.3046875000000001 0.8734375
2 0.4140625000000001 0.65 0.37968750000000007 0.65 0.37968750000000007 0.8 0.41406250000000017 0.8
2 0.2375000000000001 0.496875 0.2015625000000001 0.496875 0.2015625000000001 0.6078125 0.2375000000000001 0.6078125
2 0.31562500000000004 0.3296875 0.29375 0.3296875 0.29375000000000007 0.4234375 0.3156250000000001 0.4234375
2 0.978125 0.22656250000000008 0.953125 0.22656250000000008 0.953125 0.3156250000000001 0.978125 0.3156250000000001
2 0.6859375 0.5015625 0.65625 0.5015625 0.65625 0.615625 0.6859375 0.615625
0 0.71875 0.5015625 0.70625 0.5015625 0.70625 0.5234375 0.71875 0.5234375
2 0.671875 0.2484375000000001 0.65 0.2484375000000001 0.65 0.3390625000000001 0.671875 0.3390625000000001
2 0.75 0.3828125000000001 0.715625 0.3828125000000001 0.715625 0.4937500000000001 0.75 0.4937500000000002
2 0.16406250000000006 0.3109375 0.14218750000000005 0.3109375 0.14218750000000005 0.4109375 0.16406250000000006 0.4109375