0 0.64375 0.60625 0.628125 0.60625 0.628125 0.6328125 0.64375 0.6328125
2 0.8234375 0.3937500000000001 0.7921875 0.3937500000000001 0.7921875 0.48750000000000016 0.8234375 0.48750000000000016
2 0.8578125 0.3765625000000001 0.8359375 0.3765625000000001 0.8359375 0.4937500000000002 0.8578125 0.4937500000000002
2 0.43125 0.3656250000000001 0.4078125 0.3656250000000001 0.4078125 0.4828125 0.43125 0.4828125
2 0.55625 0.56875 0.521875 0.56875 0.521875 0.70625 0.55625 0.70625
2 0.3812500000000001 0.37343750000000003 0.3609375000000001 0.3734375 0.3609375000000001 0.484375 0.3812500000000001 0.484375
2 0.5953125 0.37187500000000007 0.5796875 0.37187500000000007 0.5796875 0.4859375 0.5953125 0.4859375
2 0.540625 0.3671875000000001 0.5203125 0.3671875000000001 0.5203125 0.484375 0.540625 0.484375
2 0.559375 0.3765625000000001 0.5375 0.3765625000000001 0.5375 0.490625 0.559375 0.490625
2 0.775 0.5296875000000002 0.746875 0.5296875000000002 0.746875 0.6437500000000002 0.775 0.6437500000000002
2 0.609375 0.3703125000000001 0.59375 0.3703125000000001 0.59375 0.4546875 0.609375 0.4546875
2 0.6109375 0.4578125 0.5796875 0.4578125 0.5796875 0.5734375 0.6109375 0.5734375
2 0.28906250000000006 0.359375 0.2703125 0.359375 0.27031250000000007 0.48125 0.2890625000000001 0.48125
2 0.3468750000000001 0.3734375 0.31718750000000007 0.3734375 0.31718750000000007 0.4859375 0.3468750000000001 0.4859375
2 0.28437500000000004 0.3375 0.2671875 0.3375 0.2671875 0.3921875 0.2843750000000001 0.3921875
1 0.465625 0.17031250000000003 0.434375 0.17031250000000003 0.434375 0.2765625000000001 0.465625 0.2765625000000001
2 0.5203125 0.3703125000000001 0.4984375 0.3703125000000001 0.4984375 0.4859375 0.5203125 0.4859375
2 0.6578125000000001 0.8171875 0.6203125000000002 0.8171875 0.6203125000000002 0.9515625 0.6578125000000001 0.9515625
2 0.3500000000000001 0.5 0.3156250000000001 0.5 0.3156250000000001 0.621875 0.3500000000000001 0.621875
2 0.3125000000000001 0.3640625 0.2921875000000001 0.3640625 0.2921875000000001 0.484375 0.3125000000000001 0.484375
2 0.6234375 0.36406250000000007 0.60625 0.36406250000000007 0.60625 0.4859375 0.6234375 0.4859375
2 0.6421875 0.3687500000000001 0.621875 0.3687500000000001 0.621875 0.4859375 0.6421875 0.4859375
2 0.58125 0.37187500000000007 0.559375 0.37187500000000007 0.559375 0.4875 0.58125 0.4875