2 0.5703125 0.2140625000000001 0.54375 0.2140625000000001 0.54375 0.32500000000000007 0.5703125 0.32500000000000007
3 0.884375 0.10000000000000009 0.8625 0.10000000000000009 0.8625 0.1984375000000001 0.884375 0.1984375000000001
2 0.7640625 0.3000000000000001 0.7390625 0.3000000000000001 0.7390625 0.4156250000000002 0.7640625 0.4156250000000002
2 0.675 0.453125 0.6421875 0.453125 0.6421875 0.5890625 0.675 0.5890625
2 0.07656250000000006 0.440625 0.04218750000000006 0.440625 0.042187500000000065 0.5921875 0.07656250000000006 0.5921875
2 0.04843750000000011 0.790625 0.004687500000000097 0.790625 0.004687500000000109 0.990625 0.04843750000000012 0.990625
2 0.546875 0.49375 0.5125 0.49375 0.5125 0.6453125 0.546875 0.6453125
2 0.31718750000000007 0.321875 0.278125 0.321875 0.27812500000000007 0.4328125 0.31718750000000007 0.4328125
2 0.878125 0.3828125000000001 0.846875 0.3828125000000001 0.846875 0.5156250000000002 0.878125 0.5156250000000002
1 0.28593750000000007 0.278125 0.2640625 0.278125 0.26406250000000003 0.3984375 0.28593750000000007 0.3984375
2 0.6421875000000001 0.6671875 0.5984375 0.6671875 0.5984375000000001 0.8265625 0.6421875000000001 0.8265625
0 0.4140625 0.3468750000000001 0.4 0.3468750000000001 0.4 0.3671875000000001 0.4140625 0.3671875000000001