2 0.29687500000000006 0.315625 0.2671875 0.315625 0.2671875 0.3953125 0.2968750000000001 0.3953125
2 0.02968750000000006 0.4375 0.003125000000000054 0.4375 0.0031250000000000596 0.53125 0.029687500000000068 0.53125
2 0.30156250000000007 0.3703125 0.2750000000000001 0.3703125 0.2750000000000001 0.459375 0.30156250000000007 0.459375
2 0.3296875000000001 0.4 0.3031250000000001 0.4 0.3031250000000001 0.4890625 0.3296875000000001 0.4890625
2 0.4546875 0.3687500000000001 0.4328125 0.3687500000000001 0.4328125 0.4359375 0.4546875 0.4359375
0 0.459375 0.3546875000000001 0.45 0.3546875000000001 0.45 0.3687500000000001 0.459375 0.3687500000000001
2 0.490625 0.3265625000000001 0.4640625 0.3265625000000001 0.4640625 0.40625 0.490625 0.40625
2 0.9390625 0.2671875000000001 0.9171875 0.2671875000000001 0.9171875 0.3500000000000001 0.9390625 0.3500000000000001
2 0.890625 0.18125000000000008 0.865625 0.18125000000000008 0.865625 0.24375000000000008 0.890625 0.24375000000000008
2 0.459375 0.4140625 0.4234375 0.4140625 0.4234375 0.503125 0.459375 0.503125
2 0.525 0.38750000000000007 0.49375 0.38750000000000007 0.49375 0.471875 0.525 0.471875
2 0.8375 0.5031250000000002 0.803125 0.5031250000000002 0.803125 0.6093750000000002 0.8375 0.6093750000000002
2 0.4375 0.3625000000000001 0.4125 0.3625000000000001 0.4125 0.4390625 0.4375 0.4390625
2 0.11718750000000004 0.290625 0.09218750000000005 0.290625 0.09218750000000005 0.378125 0.11718750000000004 0.378125
2 0.9125 0.22656250000000008 0.8953125 0.22656250000000008 0.8953125 0.29375000000000007 0.9125 0.29375000000000007
2 0.2250000000000001 0.50625 0.19062500000000004 0.50625 0.19062500000000007 0.6078125 0.2250000000000001 0.6078125
2 0.9453125 0.2968750000000001 0.928125 0.2968750000000001 0.928125 0.3593750000000001 0.9453125 0.3593750000000001
2 0.3421875000000001 0.59375 0.30156250000000007 0.59375 0.30156250000000007 0.7015625 0.3421875000000001 0.7015625
2 0.4671875 0.2828125000000001 0.4375 0.2828125000000001 0.4375 0.3703125000000001 0.4671875 0.3703125000000001