2 0.4015625 0.5921875 0.37187500000000007 0.5921875 0.37187500000000007 0.7 0.4015625 0.7
2 0.5203125 0.3671875000000001 0.4890625 0.3671875000000001 0.4890625 0.453125 0.5203125 0.453125
2 0.4359375 0.2156250000000001 0.4140625 0.2156250000000001 0.4140625 0.2812500000000001 0.4359375 0.2812500000000001
0 0.3796875 0.14687500000000003 0.3703125 0.14687500000000003 0.3703125 0.16250000000000003 0.3796875 0.16250000000000003
2 0.490625 0.4703125 0.465625 0.4703125 0.465625 0.5671875 0.490625 0.5671875
2 0.409375 0.19375000000000003 0.384375 0.19375000000000003 0.384375 0.27031250000000007 0.409375 0.27031250000000007
2 0.4296875 0.2593750000000001 0.4078125 0.2593750000000001 0.4078125 0.3234375000000001 0.4296875 0.3234375000000001
2 0.5484375 0.3140625000000001 0.515625 0.3140625000000001 0.515625 0.4046875 0.5484375 0.4046875
2 0.309375 0.28125 0.28125 0.28125 0.28125 0.35625 0.309375 0.35625
2 0.5 0.3265625000000001 0.4640625 0.3265625000000001 0.4640625 0.415625 0.5 0.415625
2 0.4421875 0.3375000000000001 0.4171875 0.3375000000000001 0.4171875 0.4328125 0.4421875 0.4328125
2 0.4296875 0.30937500000000007 0.4046875 0.30937500000000007 0.4046875 0.3890625000000001 0.4296875 0.3890625000000001
2 0.478125 0.14531250000000004 0.459375 0.14531250000000004 0.459375 0.2140625000000001 0.478125 0.2140625000000001
3 0.2046875 0.20625 0.18593750000000003 0.20625 0.18593750000000003 0.278125 0.2046875 0.278125
2 0.365625 0.09687500000000004 0.3484375 0.09687500000000004 0.3484375 0.15625000000000006 0.365625 0.15625000000000006
2 0.2046875 0.2828125 0.18281250000000004 0.2828125 0.18281250000000004 0.359375 0.2046875 0.359375
1 0.80625 0.3109375000000001 0.784375 0.3109375000000001 0.784375 0.40625000000000017 0.80625 0.40625000000000017
2 0.2453125000000001 0.3984375 0.21875000000000008 0.3984375 0.21875000000000008 0.4890625 0.2453125000000001 0.4890625