2 0.6859375 0.3937500000000001 0.6734375 0.3937500000000001 0.6734375 0.4515625 0.6859375 0.4515625
2 0.571875 0.3437500000000001 0.559375 0.3437500000000001 0.559375 0.3968750000000001 0.571875 0.3968750000000001
2 0.3921875 0.3593750000000001 0.3796875 0.3593750000000001 0.37968750000000007 0.4171875 0.3921875000000001 0.4171875
2 0.4515625 0.3437500000000001 0.4390625 0.3437500000000001 0.4390625 0.4015625 0.4515625 0.4015625
2 0.18281250000000004 0.4515625 0.16875000000000004 0.4515625 0.16875000000000004 0.5234375 0.18281250000000004 0.5234375
2 0.5 0.3078125000000001 0.4875 0.3078125000000001 0.4875 0.3593750000000001 0.5 0.3593750000000001
2 0.7546875 0.27812500000000007 0.740625 0.27812500000000007 0.740625 0.3234375000000001 0.7546875 0.3234375000000001
2 0.7625 0.3453125000000001 0.75 0.3453125000000001 0.75 0.40156250000000016 0.7625 0.40156250000000016
2 0.5046875 0.2375000000000001 0.4921875 0.2375000000000001 0.4921875 0.28593750000000007 0.5046875 0.28593750000000007
2 0.2984375 0.2328125 0.2890625 0.2328125 0.2890625 0.2734375 0.2984375 0.2734375
2 0.846875 0.42500000000000016 0.834375 0.42500000000000016 0.834375 0.48750000000000016 0.846875 0.48750000000000016
2 0.2796875000000001 0.5359375 0.2656250000000001 0.5359375 0.2656250000000001 0.603125 0.2796875000000001 0.603125
2 0.6609375 0.4421875 0.64375 0.4421875 0.64375 0.509375 0.6609375 0.509375
2 0.5296875000000002 0.903125 0.4890625000000002 0.903125 0.4890625000000002 1 0.5296875000000002 1
2 0.22812500000000008 0.378125 0.2140625000000001 0.378125 0.2140625000000001 0.434375 0.22812500000000008 0.434375
2 0.5062500000000001 0.6921875 0.4859375 0.6921875 0.4859375000000001 0.7796875 0.5062500000000002 0.7796875
2 0.515625 0.403125 0.503125 0.403125 0.503125 0.459375 0.515625 0.459375
2 0.509375 0.29375000000000007 0.5 0.29375000000000007 0.5 0.3421875000000001 0.509375 0.3421875000000001
2 0.5531250000000002 0.928125 0.5312500000000002 0.928125 0.5312500000000002 0.9984375 0.5531250000000002 0.9984375
2 0.5109375 0.5484375 0.49375 0.5484375 0.49375 0.61875 0.5109375 0.61875
2 0.328125 0.2859375 0.3140625 0.2859375 0.3140625 0.3375 0.328125 0.3375
2 0.4140625 0.471875 0.4 0.471875 0.4 0.534375 0.4140625 0.534375
2 0.834375 0.5843750000000002 0.8171875 0.5843750000000002 0.8171875 0.6546875000000002 0.834375 0.6546875000000002
2 0.5328125 0.48125 0.5203125 0.48125 0.5203125 0.546875 0.5328125 0.546875