0 0.36406250000000007 0.4296875 0.3546875000000001 0.4296875 0.3546875000000001 0.44375 0.36406250000000007 0.44375
2 0.21093750000000008 0.4984375 0.18750000000000006 0.4984375 0.18750000000000006 0.5953125 0.21093750000000008 0.5953125
2 0.07656250000000005 0.34375 0.04843750000000004 0.34375 0.04843750000000005 0.4265625 0.07656250000000005 0.4265625
2 0.3984375000000001 0.63125 0.3687500000000001 0.63125 0.3687500000000001 0.7375 0.3984375000000001 0.7375
2 0.15156250000000004 0.4484375 0.12187500000000004 0.4484375 0.12187500000000004 0.5390625 0.15156250000000004 0.5390625
2 0.7875 0.5781250000000002 0.7609375 0.5781250000000002 0.7609375 0.6843750000000002 0.7875 0.6843750000000002
2 0.4703125 0.2718750000000001 0.440625 0.2718750000000001 0.440625 0.3437500000000001 0.4703125 0.3437500000000001
2 0.28593750000000007 0.3828125 0.2671875000000001 0.3828125 0.2671875000000001 0.459375 0.28593750000000007 0.459375
2 0.2765625 0.2125 0.2515625 0.2125 0.2515625 0.2765625 0.2765625 0.2765625
2 0.09843750000000005 0.428125 0.07343750000000004 0.428125 0.07343750000000006 0.5234375 0.09843750000000007 0.5234375
2 0.3765625000000001 0.4390625 0.34062500000000007 0.4390625 0.34062500000000007 0.475 0.3765625000000001 0.475
3 0.25 0.14687500000000003 0.2359375 0.14687500000000003 0.2359375 0.19375000000000003 0.25 0.19375000000000003
2 0.6828125 0.39531250000000007 0.6609375 0.39531250000000007 0.6609375 0.484375 0.6828125 0.484375
3 0.2234375000000001 0.54375 0.18906250000000005 0.54375 0.18906250000000008 0.653125 0.2234375000000001 0.653125
2 0.421875 0.4109375 0.3890625000000001 0.4109375 0.3890625000000001 0.4875 0.421875 0.4875
2 0.3265625 0.2734375 0.309375 0.2734375 0.309375 0.3421875 0.3265625 0.3421875
2 0.7296875 0.3734375000000001 0.7015625 0.3734375000000001 0.7015625 0.4406250000000001 0.7296875 0.44062500000000016
2 0.7359375 0.34843750000000007 0.7109375 0.34843750000000007 0.7109375 0.4171875000000001 0.7359375 0.41718750000000016
2 0.6890625000000001 0.875 0.6343750000000001 0.875 0.6343750000000001 1 0.6890625000000001 1
2 0.37187500000000007 0.384375 0.3390625000000001 0.384375 0.3390625000000001 0.4453125 0.37187500000000007 0.4453125