2 0.3062500000000001 0.4734375 0.2796875000000001 0.4734375 0.2796875000000001 0.58125 0.3062500000000001 0.58125
2 0.6828125 0.6390625 0.6515625 0.6390625 0.6515625 0.7765625 0.6828125000000002 0.7765625
2 0.6015625 0.3375000000000001 0.5765625 0.3375000000000001 0.5765625 0.4453125 0.6015625 0.4453125
2 0.725 0.559375 0.6953125 0.559375 0.6953125 0.678125 0.725 0.678125
2 0.471875 0.2593750000000001 0.45 0.2593750000000001 0.45 0.3296875000000001 0.471875 0.3296875000000001
2 0.4828125 0.2890625000000001 0.4625 0.2890625000000001 0.4625 0.3687500000000001 0.4828125 0.3687500000000001
2 0.759375 0.44531250000000017 0.728125 0.44531250000000017 0.728125 0.5593750000000002 0.759375 0.5593750000000002
2 0.4328125 0.3421875000000001 0.4078125 0.3421875000000001 0.4078125 0.440625 0.4328125 0.440625
2 0.703125 0.46875 0.6765625 0.46875 0.6765625 0.5671875 0.703125 0.5671875
2 0.4109375 0.34062500000000007 0.3890625 0.34062500000000007 0.38906250000000003 0.4375 0.4109375 0.4375
2 0.24375000000000008 0.384375 0.21875000000000008 0.384375 0.21875000000000008 0.4828125 0.24375000000000008 0.4828125
2 0.10000000000000005 0.4234375 0.06406250000000005 0.4234375 0.06406250000000005 0.525 0.10000000000000005 0.525
0 0.28125 0.3296875 0.271875 0.3296875 0.271875 0.35 0.28125 0.35
2 0.30625 0.26875 0.284375 0.26875 0.284375 0.3484375 0.30625 0.3484375
2 0.3578125 0.271875 0.328125 0.271875 0.328125 0.3515625 0.3578125 0.3515625
2 0.9671875 0.5984375000000002 0.9375 0.5984375000000002 0.9375 0.7234375000000002 0.9671875 0.7234375000000002
2 0.58125 0.3843750000000001 0.55625 0.3843750000000001 0.55625 0.4859375 0.58125 0.4859375
2 0.2171875000000001 0.6875 0.18125000000000008 0.6875 0.18125000000000008 0.8296875 0.2171875000000001 0.8296875