2 0.38125 0.27968750000000003 0.3625 0.2796875 0.3625 0.35625000000000007 0.38125 0.35625000000000007
2 0.5984375 0.39531250000000007 0.5734375 0.39531250000000007 0.5734375 0.4796875 0.5984375 0.4796875
2 0.3343750000000001 0.4140625 0.30156250000000007 0.4140625 0.30156250000000007 0.5046875 0.3343750000000001 0.5046875
2 0.8671875 0.7046875000000001 0.8328125 0.7046875000000001 0.8328125 0.825 0.8671875 0.825
2 0.65 0.2484375000000001 0.6265625 0.2484375000000001 0.6265625 0.3218750000000001 0.65 0.3218750000000001
3 0.940625 0.3343750000000001 0.9140625 0.3343750000000001 0.9140625 0.4187500000000002 0.940625 0.4187500000000002
2 0.7265625 0.2875000000000001 0.7109375 0.2875000000000001 0.7109375 0.3531250000000001 0.7265625 0.3531250000000001
2 0.640625 0.440625 0.6203125 0.440625 0.6203125 0.5375 0.640625 0.5375
2 0.846875 0.2140625000000001 0.825 0.2140625000000001 0.825 0.2812500000000001 0.846875 0.2812500000000001
2 0.4765625 0.34062500000000007 0.4546875 0.34062500000000007 0.4546875 0.41875 0.4765625 0.41875
2 0.6546875 0.4875 0.63125 0.4875 0.63125 0.5859375 0.6546875 0.5859375
2 0.4390625 0.528125 0.4109375 0.528125 0.4109375 0.634375 0.4390625 0.634375
2 0.728125 0.3359375000000001 0.709375 0.3359375000000001 0.709375 0.41875000000000007 0.728125 0.4187500000000002
2 0.646875 0.17343750000000008 0.628125 0.17343750000000008 0.628125 0.2328125000000001 0.646875 0.2328125000000001
3 0.528125 0.09843750000000007 0.515625 0.09843750000000007 0.515625 0.15156250000000004 0.528125 0.15156250000000004
2 0.25468750000000007 0.765625 0.2250000000000001 0.765625 0.2250000000000001 0.8953125 0.25468750000000007 0.8953125