2 0.325 0.23125 0.2984375 0.23125 0.2984375 0.31875 0.325 0.31875
2 0.2312500000000001 0.5125 0.19531250000000006 0.5125 0.19531250000000006 0.6046875 0.2312500000000001 0.6046875
2 0.61875 0.17187500000000008 0.5984375 0.17187500000000008 0.5984375 0.2468750000000001 0.61875 0.2468750000000001
2 0.509375 0.09531250000000006 0.4828125 0.09531250000000006 0.4828125 0.16093750000000004 0.509375 0.16093750000000004
2 0.6140625 0.2906250000000001 0.59375 0.2906250000000001 0.59375 0.3531250000000001 0.6140625 0.3531250000000001
2 0.675 0.2328125000000001 0.6484375 0.2328125000000001 0.6484375 0.3046875000000001 0.675 0.3046875000000001
2 0.446875 0.5671875 0.415625 0.5671875 0.415625 0.6546875 0.446875 0.6546875
2 0.4937500000000002 0.7390625 0.4578125000000002 0.7390625 0.4578125000000002 0.85 0.4937500000000002 0.85
2 0.6515625 0.19687500000000008 0.621875 0.19687500000000008 0.621875 0.2734375000000001 0.6515625 0.2734375000000001
2 0.6109375 0.1671875000000001 0.590625 0.1671875000000001 0.590625 0.2296875000000001 0.6109375 0.2296875000000001
2 0.5375 0.575 0.5078125 0.575 0.5078125 0.640625 0.5375 0.640625
2 0.4578125 0.3343750000000001 0.43125 0.3343750000000001 0.43125 0.41875 0.4578125 0.41875
2 0.55 0.36406250000000007 0.515625 0.36406250000000007 0.515625 0.440625 0.55 0.440625
2 0.5609375 0.490625 0.53125 0.490625 0.53125 0.5515625 0.5609375 0.5515625
2 0.6171875 0.2375000000000001 0.5921875 0.2375000000000001 0.5921875 0.3031250000000001 0.6171875 0.3031250000000001
2 0.6968750000000001 0.946875 0.6703125000000002 0.946875 0.6703125000000002 0.9953125 0.6968750000000001 0.9953125
2 0.55625 0.54375 0.5296875 0.54375 0.5296875 0.640625 0.55625 0.640625
0 0.575 0.653125 0.5625 0.653125 0.5625 0.6703125 0.575 0.6703125
2 0.3578125000000001 0.6734375 0.3265625000000001 0.6734375 0.3265625000000001 0.7703125 0.3578125000000001 0.7703125
2 0.8734375 0.2484375000000001 0.846875 0.2484375000000001 0.846875 0.3359375000000001 0.8734375 0.3359375000000001