2 0.4734375 0.4046875 0.4390625 0.4046875 0.4390625 0.4921875 0.4734375 0.4921875
2 0.828125 0.43281250000000016 0.796875 0.43281250000000016 0.796875 0.5296875000000002 0.828125 0.5296875000000002
2 0.53125 0.3546875000000001 0.4875 0.3546875000000001 0.4875 0.4171875 0.53125 0.4171875
2 0.4171875 0.4078125 0.3921875000000001 0.4078125 0.3921875000000001 0.5109375 0.4171875 0.5109375
2 0.6593750000000002 0.790625 0.6062500000000002 0.790625 0.6062500000000002 0.9296875 0.6593750000000002 0.9296875
2 0.8109375 0.3375000000000001 0.78125 0.3375000000000001 0.78125 0.4265625000000002 0.8109375 0.4265625000000002
2 0.6375 0.3421875000000001 0.6171875 0.3421875000000001 0.6171875 0.4359375 0.6375 0.4359375
2 0.36406250000000007 0.8234375 0.3109375000000001 0.8234375 0.3109375000000001 0.94375 0.36406250000000007 0.94375
2 0.65625 0.24218750000000008 0.6296875 0.24218750000000008 0.6296875 0.32500000000000007 0.65625 0.32500000000000007
2 0.2234375000000001 0.3875 0.18750000000000006 0.3875 0.18750000000000006 0.4703125 0.2234375000000001 0.4703125
2 0.51875 0.45 0.475 0.45 0.475 0.5421875 0.51875 0.5421875
2 1 0.4656250000000002 0.9609375 0.4656250000000002 0.9609375 0.5765625000000002 1 0.5765625000000002
2 0.7390625 0.2687500000000001 0.7171875 0.2687500000000001 0.7171875 0.34843750000000007 0.7390625 0.34843750000000007
2 0.6890625 0.4375 0.6640625 0.4375 0.6640625 0.5359375 0.6890625 0.5359375
2 0.2718750000000001 0.5515625 0.2375000000000001 0.5515625 0.2375000000000001 0.6703125 0.2718750000000001 0.6703125
2 0.8953125 0.3515625000000001 0.875 0.3515625000000001 0.875 0.44843750000000016 0.8953125 0.44843750000000016
2 0.27031250000000007 0.35 0.234375 0.35 0.23437500000000006 0.425 0.27031250000000007 0.425