2 0.5453125 0.2875000000000001 0.5171875 0.2875000000000001 0.5171875 0.38750000000000007 0.5453125 0.38750000000000007
2 0.7015625 0.3687500000000001 0.665625 0.3687500000000001 0.665625 0.4734375 0.7015625 0.4734375
2 0.3578125000000001 0.4578125 0.3109375000000001 0.4578125 0.3109375000000001 0.5796875 0.3578125000000001 0.5796875
2 0.5765625 0.27031250000000007 0.540625 0.27031250000000007 0.540625 0.3656250000000001 0.5765625 0.3656250000000001
3 0.85625 0.5890625000000002 0.81875 0.5890625000000002 0.81875 0.7265625000000002 0.85625 0.7265625000000002
2 0.5890625 0.5546875 0.55625 0.5546875 0.55625 0.6796875 0.5890625 0.6796875
3 0.5875 0.12031250000000009 0.56875 0.12031250000000009 0.56875 0.19531250000000008 0.5875 0.19531250000000008
2 0.74375 0.3421875000000001 0.6984375 0.3421875000000001 0.6984375 0.44218750000000007 0.74375 0.4421875000000002
2 0.58125 0.55 0.55625 0.55 0.55625 0.615625 0.58125 0.615625
0 0.6671875 0.4546875 0.65625 0.4546875 0.65625 0.4765625 0.6671875 0.4765625
2 0.29375000000000007 0.6453125 0.24218750000000008 0.6453125 0.24218750000000008 0.790625 0.29375000000000007 0.790625
2 0.846875 0.15781250000000008 0.8125 0.15781250000000008 0.8125 0.24375000000000008 0.846875 0.24375000000000008
2 0.4234375 0.30937500000000007 0.3859375 0.30937500000000007 0.38593750000000004 0.4140625 0.4234375 0.4140625