2 0.028125000000000046 0.3125 0.0031250000000000388 0.3125 0.0031250000000000444 0.409375 0.028125000000000056 0.409375
0 0.2671875000000001 0.7765625 0.2531250000000001 0.7765625 0.2531250000000001 0.8015625 0.2671875000000001 0.8015625
2 0.7453125 0.3453125000000001 0.7171875 0.3453125000000001 0.7171875 0.4312500000000001 0.7453125 0.4312500000000002
2 0.1875000000000001 0.7671875 0.1468750000000001 0.7671875 0.14687500000000012 0.9125 0.18750000000000014 0.9125
2 0.60625 0.1312500000000001 0.590625 0.1312500000000001 0.590625 0.18906250000000008 0.60625 0.18906250000000008
2 0.2703125 0.10312500000000005 0.246875 0.10312500000000005 0.246875 0.16406250000000006 0.2703125 0.16406250000000006
3 0.17500000000000007 0.5203125 0.14218750000000005 0.5203125 0.14218750000000008 0.6328125 0.1750000000000001 0.6328125
2 0.18750000000000003 0.1609375 0.165625 0.1609375 0.16562500000000002 0.23125 0.18750000000000006 0.23125
2 0.3734375 0.20000000000000004 0.3546875 0.2 0.3546875 0.27968750000000003 0.3734375 0.2796875000000001
2 0.4515625 0.2015625000000001 0.43125 0.2015625000000001 0.43125 0.2750000000000001 0.4515625 0.2750000000000001
2 0.2140625000000001 0.5453125 0.1859375000000001 0.5453125 0.1859375000000001 0.6421875 0.2140625000000001 0.6421875
2 0.25781250000000006 0.3421875 0.234375 0.3421875 0.23437500000000006 0.4265625 0.2578125000000001 0.4265625
2 0.6078125 0.33281250000000007 0.5828125 0.33281250000000007 0.5828125 0.4203125 0.6078125 0.4203125
2 0.85625 0.2468750000000001 0.834375 0.2468750000000001 0.834375 0.3265625000000001 0.85625 0.3265625000000001
2 0.2640625000000001 0.403125 0.2328125000000001 0.403125 0.2328125000000001 0.4890625 0.2640625000000001 0.4890625
2 0.734375 0.42656250000000007 0.70625 0.4265625 0.70625 0.5265625 0.734375 0.5265625000000002
2 0.6640625 0.4453125 0.6328125 0.4453125 0.6328125 0.5484375 0.6640625 0.5484375
2 0.7093750000000001 0.6984375 0.6734375 0.6984375 0.6734375000000001 0.828125 0.7093750000000002 0.828125
2 0.34843750000000007 0.303125 0.325 0.303125 0.32500000000000007 0.384375 0.34843750000000007 0.384375