2 0.5984375 0.3421875000000001 0.559375 0.3421875000000001 0.559375 0.55625 0.5984375 0.55625
2 0.7609375 0.3578125000000001 0.715625 0.3578125000000001 0.715625 0.5484375000000001 0.7609375 0.5484375000000001
2 0.22500000000000003 0.3390625 0.13750000000000004 0.3390625 0.13750000000000007 0.6984375 0.2250000000000001 0.6984375
2 0.6484375 0.3531250000000001 0.6 0.3531250000000001 0.6 0.5921875 0.6484375 0.5921875
2 0.5125 0.3593750000000001 0.471875 0.3593750000000001 0.471875 0.55625 0.5125 0.55625
2 0.9953125 0.3468750000000001 0.9375 0.3468750000000001 0.9375 0.5625000000000002 0.9953125 0.5625000000000002
2 0.725 0.3625000000000001 0.6828125 0.3625000000000001 0.6828125 0.5421875 0.725 0.5421875
2 0.9109375 0.3531250000000001 0.8609375 0.3531250000000001 0.8609375 0.5625000000000002 0.9109375 0.5625000000000002
2 0.5109375 0.2609375000000001 0.3796875 0.2609375000000001 0.37968750000000007 0.8859375 0.5109375000000002 0.8859375
0 0.6750000000000002 0.775 0.6203125000000002 0.775 0.6203125000000002 0.8640625 0.6750000000000002 0.8640625
2 0.22500000000000003 0.3390625 0.13750000000000004 0.3390625 0.13750000000000007 0.6984375 0.2250000000000001 0.6984375
2 0.675 0.34843750000000007 0.6359375 0.34843750000000007 0.6359375 0.546875 0.675 0.546875
2 0.575 0.3546875000000001 0.5296875 0.3546875000000001 0.5296875 0.5609375 0.575 0.5609375