2 0.4703125000000002 0.878125 0.4312500000000002 0.878125 0.4312500000000002 1 0.4703125000000002 1
2 0.4453125 0.2796875000000001 0.425 0.2796875000000001 0.425 0.3421875000000001 0.4453125 0.3421875000000001
2 0.012500000000000035 0.25 3.061616997868383e-17 0.25 3.482589335075286e-17 0.31875 0.012500000000000039 0.31875
2 0.12812500000000004 0.29375 0.10000000000000005 0.29375 0.10000000000000005 0.3734375 0.12812500000000004 0.3734375
2 0.5046875 0.5375 0.4625 0.5375 0.4625 0.6421875 0.5046875 0.6421875
2 0.5984375 0.596875 0.5703125 0.596875 0.5703125 0.7015625 0.5984375 0.7015625
2 0.465625 0.2562500000000001 0.4453125 0.2562500000000001 0.4453125 0.3265625000000001 0.465625 0.3265625000000001
2 0.578125 0.37968750000000007 0.5546875 0.37968750000000007 0.5546875 0.4640625 0.578125 0.4640625
2 0.2609375000000001 0.5109375 0.23437500000000008 0.5109375 0.23437500000000008 0.6109375 0.2609375000000001 0.6109375
0 0.4984375 0.3453125000000001 0.490625 0.3453125000000001 0.490625 0.3609375000000001 0.4984375 0.3609375000000001
2 0.5125 0.3609375000000001 0.4859375 0.3609375000000001 0.4859375 0.440625 0.5125 0.440625
3 0.2640625000000001 0.371875 0.2375000000000001 0.371875 0.2375000000000001 0.45625 0.2640625000000001 0.45625
2 0.09843750000000004 0.2640625 0.07187500000000002 0.2640625 0.07187500000000004 0.3421875 0.09843750000000004 0.3421875
2 0.503125 0.2765625000000001 0.4765625 0.2765625000000001 0.4765625 0.3375000000000001 0.503125 0.3375000000000001