2 0.10156250000000008 0.6921875 0.04843750000000009 0.6921875 0.04843750000000009 0.8171875 0.10156250000000008 0.8171875
2 0.19843750000000004 0.446875 0.16718750000000004 0.446875 0.16718750000000004 0.540625 0.19843750000000004 0.540625
2 0.840625 0.3515625000000001 0.8203125 0.3515625000000001 0.8203125 0.44062500000000016 0.840625 0.44062500000000016
2 0.471875 0.5015625 0.4375 0.5015625 0.4375 0.609375 0.471875 0.609375
2 0.865625 0.9 0.8359375 0.9 0.8359375 0.9984375 0.865625 0.9984375
2 0.03906250000000005 0.3796875 0.009375000000000046 0.3796875 0.009375000000000053 0.4671875 0.039062500000000056 0.4671875
2 0.4171875 0.2578125000000001 0.3953125 0.2578125000000001 0.3953125 0.3296875000000001 0.4171875 0.3296875000000001
2 0.2140625000000001 0.76875 0.1531250000000001 0.76875 0.1531250000000001 0.90625 0.2140625000000001 0.90625
2 0.19687500000000005 0.353125 0.16562500000000005 0.353125 0.16562500000000005 0.4421875 0.19687500000000005 0.4421875
0 0.81875 0.3984375000000001 0.80625 0.3984375000000001 0.80625 0.4187500000000002 0.81875 0.4187500000000002
2 0.33281250000000007 0.603125 0.2984375000000001 0.603125 0.2984375000000001 0.70625 0.33281250000000007 0.70625
2 0.25000000000000006 0.28125 0.228125 0.28125 0.22812500000000005 0.365625 0.2500000000000001 0.365625
2 0.4359375 0.4890625 0.4 0.4890625 0.4 0.58125 0.4359375 0.58125
2 0.4359375 0.18593750000000003 0.421875 0.18593750000000003 0.421875 0.2484375000000001 0.4359375 0.2484375000000001
2 0.565625 0.3906250000000001 0.5296875 0.3906250000000001 0.5296875 0.4890625 0.565625 0.4890625
2 0.584375 0.3843750000000001 0.5625 0.3843750000000001 0.5625 0.4734375 0.584375 0.4734375
2 0.9375 0.3453125000000001 0.9015625 0.3453125000000001 0.9015625 0.4203125000000002 0.9375 0.4203125000000002