2 0.6484375 0.2734375000000001 0.61875 0.2734375000000001 0.61875 0.34843750000000007 0.6484375 0.34843750000000007
2 0.86875 0.09375000000000011 0.8484375 0.09375000000000011 0.8484375 0.1453125000000001 0.86875 0.1453125000000001
2 0.578125 0.2656250000000001 0.5515625 0.2656250000000001 0.5515625 0.3359375000000001 0.578125 0.3359375000000001
2 0.9109375 0.2843750000000001 0.875 0.2843750000000001 0.875 0.35625000000000007 0.9109375 0.35625000000000007
2 0.6546875 0.434375 0.609375 0.434375 0.609375 0.5265625 0.6546875 0.5265625
2 0.93125 0.5640625000000001 0.890625 0.5640625000000001 0.890625 0.6796875000000002 0.93125 0.6796875000000002
2 0.47343750000000007 0.70625 0.4375 0.70625 0.4375000000000001 0.821875 0.4734375000000002 0.821875
2 0.6578125 0.1750000000000001 0.6375 0.1750000000000001 0.6375 0.23593750000000008 0.6578125 0.23593750000000008
2 0.12187500000000004 0.2078125 0.09687500000000002 0.2078125 0.09687500000000003 0.2796875 0.12187500000000004 0.2796875
0 0.42187500000000017 0.7515625 0.40937500000000016 0.7515625 0.40937500000000016 0.771875 0.42187500000000017 0.771875
2 0.971875 0.4359375000000002 0.928125 0.4359375000000002 0.928125 0.5343750000000002 0.971875 0.5343750000000002
2 0.5546875 0.45625 0.515625 0.45625 0.515625 0.5484375 0.5546875 0.5484375
2 0.8203125 0.21875000000000008 0.790625 0.21875000000000008 0.790625 0.2890625000000001 0.8203125 0.2890625000000001
2 0.5 0.3703125000000001 0.4609375 0.3703125000000001 0.4609375 0.4546875 0.5 0.4546875
2 0.7015625 0.4046875 0.6625 0.4046875 0.6625 0.5015625 0.7015625 0.5015625
2 0.8421875 0.46093750000000017 0.8015625 0.46093750000000017 0.8015625 0.5578125000000002 0.8421875 0.5578125000000002
2 0.3656250000000001 0.4921875 0.3312500000000001 0.4921875 0.3312500000000001 0.58125 0.3656250000000001 0.58125
2 0.7265625 0.04687500000000009 0.709375 0.04687500000000009 0.709375 0.09531250000000009 0.7265625 0.09531250000000009