3 0.37968750000000007 0.5984375 0.3609375000000001 0.5984375 0.3609375000000001 0.69375 0.37968750000000007 0.69375
2 0.3078125000000001 0.646875 0.2828125000000001 0.646875 0.2828125000000001 0.7390625 0.3078125000000001 0.7390625
3 0.5593750000000002 0.85625 0.5312500000000002 0.85625 0.5312500000000002 0.9703125 0.5593750000000002 0.9703125
2 0.503125 0.4890625 0.4859375 0.4890625 0.4859375 0.571875 0.503125 0.571875
2 0.4515625 0.634375 0.434375 0.634375 0.434375 0.725 0.4515625 0.725
0 0.5078125000000002 0.75 0.4984375000000002 0.75 0.4984375000000002 0.76875 0.5078125000000002 0.76875
2 0.4421875 0.2375000000000001 0.428125 0.2375000000000001 0.428125 0.30156250000000007 0.4421875 0.30156250000000007
2 0.7125 0.2796875000000001 0.696875 0.2796875000000001 0.696875 0.3453125000000001 0.7125 0.3453125000000001
2 0.3046875000000001 0.5734375 0.2828125000000001 0.5734375 0.2828125000000001 0.6546875 0.3046875000000001 0.6546875
2 0.60625 0.15000000000000008 0.59375 0.15000000000000008 0.59375 0.20468750000000008 0.60625 0.20468750000000008
3 0.86875 0.7625000000000002 0.8453125 0.7625000000000002 0.8453125 0.859375 0.86875 0.859375
2 0.2453125 0.16093750000000004 0.23125 0.16093750000000004 0.23125 0.21875 0.2453125 0.21875
2 0.4375 0.6 0.421875 0.6 0.421875 0.6890625 0.4375 0.6890625
2 0.5625 0.578125 0.5359375 0.578125 0.5359375 0.66875 0.5625 0.66875
2 0.03750000000000006 0.4390625 0.006250000000000052 0.4390625 0.0062500000000000585 0.5203125 0.03750000000000007 0.5203125
2 0.575 0.5171875 0.54375 0.5171875 0.54375 0.5984375 0.575 0.5984375
2 0.225 0.19531250000000006 0.2109375 0.19531250000000006 0.2109375 0.25625 0.225 0.25625
2 0.1296875000000001 0.5921875 0.1062500000000001 0.5921875 0.1062500000000001 0.6765625 0.1296875000000001 0.6765625
2 0.4984375 0.2890625000000001 0.48125 0.2890625000000001 0.48125 0.3546875000000001 0.4984375 0.3546875000000001
2 0.3859375000000001 0.515625 0.3656250000000001 0.515625 0.3656250000000001 0.5953125 0.3859375000000001 0.5953125
2 0.375 0.275 0.359375 0.275 0.359375 0.34375000000000006 0.375 0.3437500000000001
2 0.16406250000000006 0.2890625 0.14687500000000003 0.2890625 0.14687500000000003 0.3578125 0.16406250000000006 0.3578125
2 0.446875 0.6046875 0.4265625 0.6046875 0.4265625 0.690625 0.446875 0.690625