2 0.8078125 0.40156250000000016 0.7796875 0.40156250000000016 0.7796875 0.5156250000000002 0.8078125 0.5156250000000002
2 0.4359375000000001 0.66875 0.39531250000000007 0.66875 0.39531250000000007 0.81875 0.4359375000000002 0.81875
2 0.425 0.4578125 0.39531250000000007 0.4578125 0.39531250000000007 0.5671875 0.425 0.5671875
2 0.7046875 0.05468750000000009 0.684375 0.05468750000000009 0.684375 0.11875000000000009 0.7046875 0.11875000000000009
2 0.20468750000000005 0.2875 0.18281250000000004 0.2875 0.18281250000000004 0.3890625 0.20468750000000008 0.3890625
2 0.878125 0.19687500000000008 0.853125 0.19687500000000008 0.853125 0.28593750000000007 0.878125 0.28593750000000007
2 0.5 0.09375000000000007 0.4828125 0.09375000000000007 0.4828125 0.16718750000000004 0.5 0.16718750000000004
0 0.65625 0.621875 0.646875 0.621875 0.646875 0.6421875 0.65625 0.6421875
2 0.5406250000000001 0.609375 0.5046875 0.609375 0.5046875000000001 0.734375 0.5406250000000001 0.734375
2 0.11250000000000004 0.440625 0.08750000000000005 0.440625 0.08750000000000005 0.5421875 0.11250000000000004 0.5421875
3 0.55 0.0015625000000000662 0.53125 0.0015625000000000651 0.53125 0.05937500000000007 0.55 0.05937500000000007
2 0.2718750000000001 0.4578125 0.2375000000000001 0.4578125 0.2375000000000001 0.5578125 0.2718750000000001 0.5578125
2 0.728125 0.1609375000000001 0.70625 0.1609375000000001 0.70625 0.2375000000000001 0.728125 0.2375000000000001
2 0.3296875 0.225 0.3078125 0.225 0.3078125 0.3125 0.3296875 0.3125
2 0.971875 0.2796875000000001 0.9453125 0.2796875000000001 0.9453125 0.3750000000000001 0.971875 0.3750000000000001
2 0.309375 0.215625 0.290625 0.215625 0.290625 0.296875 0.309375 0.296875
2 0.675 0.3343750000000001 0.6484375 0.3343750000000001 0.6484375 0.440625 0.675 0.440625
2 0.5234375 0.2687500000000001 0.496875 0.2687500000000001 0.496875 0.3578125000000001 0.5234375 0.3578125000000001
3 0.425 0.3421875000000001 0.3953125 0.3421875000000001 0.39531250000000007 0.4375 0.425 0.4375
2 0.6765625 0.5421875 0.646875 0.5421875 0.646875 0.6671875 0.6765625 0.6671875