2 0.365625 0.22031250000000005 0.34375 0.2203125 0.34375 0.30000000000000004 0.365625 0.3000000000000001
2 0.8484375 0.18125000000000008 0.8296875 0.18125000000000008 0.8296875 0.2515625000000001 0.8484375 0.2515625000000001
2 0.7078125 0.4203125 0.684375 0.4203125 0.684375 0.5140625 0.7078125 0.5140625
2 0.965625 0.7718750000000002 0.9390625 0.7718750000000002 0.9390625 0.9 0.965625 0.9
2 0.4640625000000001 0.6765625 0.4390625 0.6765625 0.4390625000000001 0.7875 0.46406250000000016 0.7875
2 0.2640625 0.2359375 0.24375 0.2359375 0.24375 0.3125 0.2640625 0.3125
2 0.8 0.40156250000000016 0.778125 0.40156250000000016 0.778125 0.4859375000000002 0.8 0.4859375000000002
2 0.7125 0.1515625000000001 0.6953125 0.1515625000000001 0.6953125 0.2140625000000001 0.7125 0.2140625000000001
2 0.3453125000000001 0.3734375 0.3218750000000001 0.3734375 0.3218750000000001 0.4640625 0.3453125000000001 0.4640625
2 0.05937500000000005 0.44375 0.03281250000000006 0.44375 0.032812500000000064 0.5390625 0.05937500000000007 0.5390625
3 0.9546875 0.3125000000000001 0.9359375 0.3125000000000001 0.9359375 0.39531250000000007 0.9546875 0.39531250000000007
2 0.44375 0.2656250000000001 0.41875 0.2656250000000001 0.41875 0.3296875000000001 0.44375 0.3296875000000001
3 0.45 0.10312500000000005 0.4328125 0.10312500000000005 0.4328125 0.16406250000000006 0.45 0.16406250000000006
2 0.8890625 0.22656250000000008 0.8703125 0.22656250000000008 0.8703125 0.2984375000000001 0.8890625 0.2984375000000001
2 0.93125 0.24218750000000008 0.9109375 0.24218750000000008 0.9109375 0.3218750000000001 0.93125 0.3218750000000001
2 0.5515625 0.2140625000000001 0.53125 0.2140625000000001 0.53125 0.2828125000000001 0.5515625 0.2828125000000001