2 0.8046875 0.27031250000000007 0.76875 0.27031250000000007 0.76875 0.3515625000000001 0.8046875 0.3515625000000001
2 0.609375 0.45 0.584375 0.45 0.584375 0.553125 0.609375 0.553125
2 0.10468750000000011 0.8015625 0.06093750000000009 0.8015625 0.0609375000000001 0.9625 0.10468750000000013 0.9625
0 0.74375 0.4203125000000002 0.734375 0.4203125000000002 0.734375 0.43750000000000017 0.74375 0.43750000000000017
2 0.50625 0.3390625000000001 0.48125 0.3390625000000001 0.48125 0.428125 0.50625 0.428125
2 0.4390625 0.24375000000000008 0.4171875 0.24375000000000008 0.4171875 0.3187500000000001 0.4390625 0.3187500000000001
3 0.584375 0.446875 0.5484375 0.446875 0.5484375 0.5359375 0.584375 0.5359375
2 0.871875 0.41406250000000017 0.846875 0.41406250000000017 0.846875 0.5234375000000002 0.871875 0.5234375000000002
2 0.5265625000000002 0.7265625 0.49531250000000016 0.7265625 0.49531250000000016 0.8375 0.5265625000000002 0.8375
3 0.5265625 0.12500000000000006 0.50625 0.12500000000000006 0.50625 0.18906250000000005 0.5265625 0.18906250000000005
2 0.5171875000000001 0.746875 0.4828125000000002 0.746875 0.4828125000000002 0.9046875 0.5171875000000001 0.9046875
2 0.7828125 0.3546875000000001 0.7390625 0.3546875000000001 0.7390625 0.44062500000000016 0.7828125 0.44062500000000016
2 0.25468750000000007 0.4015625 0.2250000000000001 0.4015625 0.2250000000000001 0.5015625 0.25468750000000007 0.5015625
2 0.73125 0.2234375000000001 0.7109375 0.2234375000000001 0.7109375 0.30156250000000007 0.73125 0.30156250000000007
2 0.13906250000000006 0.5140625 0.10781250000000005 0.5140625 0.10781250000000006 0.621875 0.1390625000000001 0.621875
2 0.6140625 0.2906250000000001 0.5890625 0.2906250000000001 0.5890625 0.3671875000000001 0.6140625 0.3671875000000001
2 0.671875 0.546875 0.6375 0.546875 0.6375 0.6625 0.671875 0.6625
2 0.34375000000000006 0.3234375 0.309375 0.3234375 0.30937500000000007 0.4203125 0.3437500000000001 0.4203125