2 0.07500000000000004 0.309375 0.048437500000000036 0.309375 0.048437500000000036 0.40625 0.07500000000000004 0.40625
2 0.1421875000000001 0.7921875 0.09687500000000009 0.7921875 0.0968750000000001 0.946875 0.14218750000000013 0.946875
2 0.2468750000000001 0.5046875 0.2218750000000001 0.5046875 0.2218750000000001 0.6234375 0.2468750000000001 0.6234375
0 0.703125 0.4875 0.69375 0.4875 0.69375 0.5078125 0.703125 0.5078125
2 0.2156250000000001 0.5015625 0.18593750000000003 0.5015625 0.18593750000000006 0.621875 0.2156250000000001 0.621875
2 0.6062500000000002 0.75 0.5718750000000001 0.75 0.5718750000000001 0.9140625 0.6062500000000002 0.9140625
2 0.7453125 0.3937500000000001 0.715625 0.3937500000000001 0.715625 0.5000000000000001 0.7453125 0.5000000000000002
2 0.3812500000000001 0.6328125 0.3421875000000001 0.6328125 0.3421875000000001 0.771875 0.3812500000000001 0.771875
2 0.05625000000000006 0.409375 0.031250000000000056 0.409375 0.03125000000000006 0.5203125 0.056250000000000064 0.5203125
2 0.3921875 0.24375000000000008 0.3671875 0.24375000000000008 0.3671875 0.3375000000000001 0.3921875 0.3375000000000001
2 0.99375 0.7265625000000002 0.9546875 0.7265625000000002 0.9546875 0.878125 0.99375 0.878125