2 0.23281250000000003 0.3421875 0.203125 0.3421875 0.20312500000000006 0.4484375 0.2328125000000001 0.4484375
1 0.68125 0.21093750000000008 0.659375 0.21093750000000008 0.659375 0.2953125000000001 0.68125 0.2953125000000001
2 0.9046875 0.3375000000000001 0.878125 0.3375000000000001 0.878125 0.45625000000000016 0.9046875 0.45625000000000016
2 0.696875 0.5890625 0.6578125 0.5890625 0.6578125 0.7140625 0.696875 0.7140625
2 0.2671875000000001 0.5625 0.2406250000000001 0.5625 0.2406250000000001 0.6875 0.2671875000000001 0.6875
2 0.5234375000000001 0.665625 0.484375 0.665625 0.4843750000000001 0.8265625 0.5234375000000002 0.8265625
2 0.2078125000000001 0.64375 0.1765625000000001 0.64375 0.1765625000000001 0.7890625 0.2078125000000001 0.7890625
2 0.6421875 0.5546875 0.6015625 0.5546875 0.6015625 0.6765625 0.6421875 0.6765625
2 0.6453125000000001 0.7171875 0.6109375 0.7171875 0.6109375000000001 0.88125 0.6453125000000002 0.88125
2 0.14218750000000005 0.421875 0.11093750000000005 0.421875 0.11093750000000005 0.5421875 0.14218750000000005 0.5421875
2 0.2828125 0.2125 0.2609375 0.2125 0.2609375 0.3109375 0.2828125 0.3109375
0 0.725 0.68125 0.7109375 0.68125 0.7109375 0.7078125 0.725 0.7078125
2 0.3015625 0.20625 0.2796875 0.20625 0.2796875 0.296875 0.3015625 0.296875