2 0.27812500000000007 0.415625 0.2468750000000001 0.415625 0.2468750000000001 0.4953125 0.27812500000000007 0.4953125
0 0.19062500000000004 0.478125 0.18125000000000005 0.478125 0.18125000000000005 0.4953125 0.19062500000000004 0.4953125
2 0.2531250000000001 0.5921875 0.22656250000000008 0.5921875 0.22656250000000008 0.7296875 0.2531250000000001 0.7296875
2 0.34375000000000006 0.3015625 0.3171875 0.3015625 0.31718750000000007 0.39375 0.3437500000000001 0.39375
2 0.834375 0.5359375000000002 0.7953125 0.5359375000000002 0.7953125 0.6500000000000001 0.834375 0.6500000000000001
2 0.96875 0.5656250000000002 0.946875 0.5656250000000002 0.946875 0.6765625000000002 0.96875 0.6765625000000002
2 0.6203125 0.4609375 0.590625 0.4609375 0.590625 0.5671875 0.6203125 0.5671875
2 0.4625 0.54375 0.4328125 0.54375 0.4328125 0.66875 0.4625 0.66875
2 0.39843750000000006 0.35625000000000007 0.3734375 0.35625000000000007 0.37343750000000003 0.45 0.3984375000000001 0.45
2 0.50625 0.571875 0.4625 0.571875 0.4625 0.6875 0.50625 0.6875
2 0.78125 0.5750000000000002 0.7453125 0.5750000000000002 0.7453125 0.6984375000000002 0.78125 0.6984375000000002
2 1 0.5671875000000002 0.9796875 0.5671875000000002 0.9796875 0.6718750000000002 1 0.6718750000000002
2 0.2171875000000001 0.4875 0.18281250000000004 0.4875 0.18281250000000007 0.6078125 0.2171875000000001 0.6078125
2 0.990625 0.5781250000000002 0.9609375 0.5781250000000002 0.9609375 0.6921875000000002 0.990625 0.6921875000000002
2 0.7421875 0.5406250000000001 0.7078125 0.540625 0.7078125 0.6609375000000001 0.7421875 0.6609375000000002
2 0.18281250000000004 0.3921875 0.15781250000000005 0.3921875 0.15781250000000005 0.490625 0.18281250000000004 0.490625
2 0.7484375 0.5000000000000001 0.721875 0.5 0.721875 0.5828125000000001 0.7484375 0.5828125000000002
2 0.7234375 0.4453125 0.69375 0.4453125 0.69375 0.5640625 0.7234375 0.5640625