2 0.1937500000000001 0.7765625 0.15781250000000008 0.7765625 0.15781250000000008 0.8984375 0.1937500000000001 0.8984375
2 0.09062500000000004 0.353125 0.06406250000000005 0.353125 0.06406250000000005 0.4453125 0.09062500000000004 0.4453125
0 0.4921875 0.56875 0.4796875 0.56875 0.4796875 0.590625 0.4921875 0.590625
3 0.6796875 0.3593750000000001 0.65 0.3593750000000001 0.65 0.45625 0.6796875 0.45625
2 0.396875 0.2234375000000001 0.371875 0.2234375000000001 0.371875 0.3000000000000001 0.396875 0.3000000000000001
2 0.5875000000000001 0.709375 0.5484375 0.709375 0.5484375000000001 0.8375 0.5875000000000001 0.8375
2 0.09687500000000004 0.2734375 0.06562500000000004 0.2734375 0.06562500000000004 0.3625 0.09687500000000004 0.3625
2 0.965625 0.6015625000000002 0.9375 0.6015625000000002 0.9375 0.7265625000000002 0.965625 0.7265625000000002
2 0.24375000000000008 0.38125 0.22031250000000008 0.38125 0.22031250000000008 0.478125 0.24375000000000008 0.478125
2 0.490625 0.5171875 0.453125 0.5171875 0.453125 0.6265625 0.490625 0.6265625
2 0.30937500000000007 0.4625 0.2796875000000001 0.4625 0.2796875000000001 0.559375 0.30937500000000007 0.559375