2 0.23593750000000008 0.771875 0.19531250000000008 0.771875 0.1953125000000001 0.925 0.23593750000000008 0.925
3 0.55 0.09375000000000007 0.5328125 0.09375000000000007 0.5328125 0.15156250000000007 0.55 0.1515625000000001
2 0.7140625 0.40625 0.684375 0.40625 0.684375 0.509375 0.7140625 0.509375
2 0.753125 0.5406250000000001 0.7265625 0.5406250000000001 0.7265625 0.6593750000000002 0.753125 0.6593750000000002
2 0.4125 0.2953125000000001 0.3921875 0.2953125000000001 0.3921875 0.3750000000000001 0.4125 0.3750000000000001
2 0.6078125 0.46875 0.5828125 0.46875 0.5828125 0.575 0.6078125 0.575
2 0.8875 0.2250000000000001 0.85625 0.2250000000000001 0.85625 0.3046875000000001 0.8875 0.3046875000000001
0 0.7328125 0.41875000000000007 0.7234375 0.41875 0.7234375 0.4375000000000001 0.7328125 0.43750000000000017
2 0.2156250000000001 0.5078125 0.18906250000000005 0.5078125 0.18906250000000008 0.6140625 0.2156250000000001 0.6140625
2 0.19531250000000006 0.3890625 0.16718750000000004 0.3890625 0.16718750000000004 0.478125 0.19531250000000006 0.478125
2 0.5859375 0.3281250000000001 0.5609375 0.3281250000000001 0.5609375 0.4234375 0.5859375 0.4234375
2 1 0.2375000000000001 0.984375 0.2375000000000001 0.984375 0.31718750000000007 1 0.31718750000000007
2 0.6296875 0.32500000000000007 0.6015625 0.32500000000000007 0.6015625 0.3984375000000001 0.6296875 0.3984375000000001
2 0.8953125 0.42968750000000017 0.8640625 0.42968750000000017 0.8640625 0.5359375000000002 0.8953125 0.5359375000000002
2 0.6687500000000002 0.8203125 0.6281250000000002 0.8203125 0.6281250000000002 0.9859375 0.6687500000000002 0.9859375
2 0.32031250000000006 0.2890625 0.29375 0.2890625 0.29375000000000007 0.3671875 0.3203125000000001 0.3671875
2 0.4109375 0.2406250000000001 0.384375 0.2406250000000001 0.384375 0.30937500000000007 0.4109375 0.30937500000000007
2 0.7296875 0.3421875000000001 0.696875 0.3421875000000001 0.696875 0.4390625000000001 0.7296875 0.4390625000000002
2 0.6296875000000002 0.734375 0.6015625000000002 0.734375 0.6015625000000002 0.8671875 0.6296875000000002 0.8671875