2 0.2812500000000001 0.6328125 0.2453125000000001 0.6328125 0.2453125000000001 0.778125 0.2812500000000001 0.778125
2 0.4171875 0.3734375000000001 0.38750000000000007 0.3734375000000001 0.38750000000000007 0.484375 0.4171875 0.484375
2 0.275 0.328125 0.2359375 0.328125 0.23593750000000005 0.4359375 0.2750000000000001 0.4359375
2 0.8296875 0.0765625000000001 0.803125 0.07656250000000009 0.803125 0.16406250000000008 0.8296875 0.16406250000000008
2 0.58125 0.17343750000000008 0.5546875 0.17343750000000008 0.5546875 0.2796875000000001 0.58125 0.2796875000000001
2 0.96875 0.4000000000000002 0.9171875 0.4000000000000002 0.9171875 0.5109375000000002 0.96875 0.5109375000000002
0 0.3109375000000001 0.7484375 0.2906250000000001 0.7484375 0.2906250000000001 0.7703125 0.3109375000000001 0.7703125
2 0.03593750000000002 0.1125 0.009375000000000014 0.1125 0.00937500000000002 0.2203125 0.035937500000000025 0.2203125
2 0.4625000000000002 0.8984375 0.4265625000000002 0.8984375 0.4265625000000002 1 0.4625000000000002 1
2 0.659375 0.5390625 0.6078125 0.5390625 0.6078125 0.6546875 0.659375 0.6546875
2 0.8265625 0.3828125000000001 0.7921875 0.3828125000000001 0.7921875 0.4937500000000002 0.8265625 0.4937500000000002
2 0.971875 0.2390625000000001 0.940625 0.2390625000000001 0.940625 0.3453125000000001 0.971875 0.3453125000000001