2 0.2015625000000001 0.4078125 0.18906250000000005 0.4078125 0.18906250000000005 0.465625 0.2015625000000001 0.465625
2 0.7171875 0.4046875 0.7 0.4046875 0.7 0.4671875 0.7171875 0.4671875
2 0.509375 0.3609375000000001 0.4953125 0.3609375000000001 0.4953125 0.4125 0.509375 0.4125
2 0.9953125 0.7437500000000001 0.9734375 0.7437500000000001 0.9734375 0.8328125 0.9953125 0.8328125
2 0.6953125 0.61875 0.675 0.61875 0.675 0.6984375 0.6953125 0.6984375
2 0.7953125 0.3343750000000001 0.78125 0.3343750000000001 0.78125 0.3921875000000001 0.7953125 0.3921875000000001
2 0.4890625000000002 0.8125 0.4578125000000002 0.8125 0.4578125000000002 0.8953125 0.4890625000000002 0.8953125
2 0.325 0.2203125 0.315625 0.2203125 0.315625 0.25625 0.325 0.25625
2 0.990625 0.5468750000000002 0.9640625 0.5468750000000002 0.9640625 0.6171875000000002 0.990625 0.6171875000000002
2 0.428125 0.4859375 0.415625 0.4859375 0.415625 0.5421875 0.428125 0.5421875
2 0.1984375000000001 0.578125 0.16406250000000008 0.578125 0.16406250000000008 0.65 0.1984375000000001 0.65
2 0.6109375 0.421875 0.59375 0.421875 0.59375 0.478125 0.6109375 0.478125
2 0.6984375 0.4421875 0.671875 0.4421875 0.671875 0.503125 0.6984375 0.503125
2 0.33437500000000003 0.3203125 0.3203125 0.3203125 0.32031250000000006 0.371875 0.3343750000000001 0.371875
2 0.6953125 0.503125 0.678125 0.503125 0.678125 0.56875 0.6953125 0.56875
2 0.9015625 0.4203125000000002 0.88125 0.4203125000000002 0.88125 0.4781250000000002 0.9015625 0.4781250000000002
2 0.6046875 0.3265625000000001 0.5921875 0.3265625000000001 0.5921875 0.3750000000000001 0.6046875 0.3750000000000001
0 0.2250000000000001 0.453125 0.2171875000000001 0.453125 0.2171875000000001 0.4671875 0.2250000000000001 0.4671875
2 0.48125 0.5265625 0.45625 0.5265625 0.45625 0.596875 0.48125 0.596875
2 0.5718750000000001 0.7859375 0.5375000000000002 0.7859375 0.5375000000000002 0.875 0.5718750000000001 0.875
2 0.6296875 0.3390625000000001 0.6125 0.3390625000000001 0.6125 0.3906250000000001 0.6296875 0.3906250000000001
2 0.4265625 0.3750000000000001 0.4140625 0.3750000000000001 0.4140625 0.43125 0.4265625 0.43125
2 0.44375 0.2843750000000001 0.43125 0.2843750000000001 0.43125 0.3281250000000001 0.44375 0.3281250000000001