2 0.057812500000000044 0.3078125 0.040625000000000036 0.3078125 0.040625000000000036 0.384375 0.057812500000000044 0.384375
2 0.7828125 0.5078125000000002 0.7609375 0.5078125000000002 0.7609375 0.5953125000000001 0.7828125 0.5953125000000001
2 0.490625 0.19687500000000005 0.4734375 0.19687500000000005 0.4734375 0.2578125000000001 0.490625 0.2578125000000001
0 0.4609375 0.4125 0.453125 0.4125 0.453125 0.425 0.4609375 0.425
2 0.7625 0.5546875000000002 0.7421875 0.5546875000000002 0.7421875 0.6421875000000001 0.7625 0.6421875000000001
2 0.525 0.4140625 0.5078125 0.4140625 0.5078125 0.4859375 0.525 0.4859375
2 0.45625 0.5296875 0.4359375 0.5296875 0.4359375 0.61875 0.45625 0.61875
2 0.9421875 0.2687500000000001 0.925 0.2687500000000001 0.925 0.3312500000000001 0.9421875 0.3312500000000001
2 0.95625 0.4203125000000002 0.9359375 0.4203125000000002 0.9359375 0.5000000000000002 0.95625 0.5000000000000002
2 0.18593750000000006 0.54375 0.16562500000000005 0.54375 0.16562500000000008 0.6421875 0.1859375000000001 0.6421875
2 0.49375 0.15937500000000004 0.48125 0.15937500000000004 0.48125 0.20468750000000008 0.49375 0.20468750000000008
2 0.58125 0.3937500000000001 0.5640625 0.3937500000000001 0.5640625 0.4640625 0.58125 0.4640625
2 0.634375 0.2578125000000001 0.6171875 0.2578125000000001 0.6171875 0.3187500000000001 0.634375 0.3187500000000001
2 0.34843750000000007 0.3234375 0.328125 0.3234375 0.32812500000000006 0.3890625 0.34843750000000007 0.3890625
2 0.853125 0.4078125000000002 0.828125 0.4078125000000002 0.828125 0.4906250000000002 0.853125 0.4906250000000002