2 0.26406250000000003 0.3546875 0.234375 0.3546875 0.23437500000000006 0.4734375 0.2640625000000001 0.4734375
2 0.515625 0.20312500000000008 0.4890625 0.20312500000000008 0.4890625 0.3109375000000001 0.515625 0.3109375000000001
2 0.16562500000000002 0.1625 0.1390625 0.1625 0.13906250000000003 0.2609375 0.16562500000000005 0.2609375
2 0.2062500000000001 0.603125 0.1609375000000001 0.603125 0.1609375000000001 0.7484375 0.2062500000000001 0.7484375
2 0.38125 0.19375000000000003 0.35625 0.19375000000000003 0.35625 0.29531250000000003 0.38125 0.2953125000000001
2 0.3765625000000001 0.9453125 0.3453125000000001 0.9453125 0.3453125000000001 0.9984375 0.3765625000000001 0.9984375
2 0.75625 0.4093750000000001 0.7171875 0.409375 0.7171875 0.5515625000000001 0.75625 0.5515625000000002
0 0.4734375000000002 0.7796875 0.4593750000000002 0.7796875 0.4593750000000002 0.8015625 0.4734375000000002 0.8015625
2 0.10000000000000005 0.2484375 0.07031250000000003 0.2484375 0.07031250000000003 0.3546875 0.10000000000000005 0.3546875
2 0.80625 0.1609375000000001 0.775 0.1609375000000001 0.775 0.2718750000000001 0.80625 0.2718750000000001
2 0.07656250000000006 0.3671875 0.04062500000000004 0.3671875 0.04062500000000005 0.490625 0.07656250000000006 0.490625
2 0.05625000000000001 0.007812500000000003 0.0296875 0.007812500000000003 0.029687500000000006 0.0953125 0.05625000000000002 0.0953125
2 0.4828125000000001 0.653125 0.421875 0.653125 0.4218750000000001 0.8 0.4828125000000002 0.8
2 0.10312500000000005 0.3328125 0.07343750000000004 0.3328125 0.07343750000000004 0.453125 0.10312500000000005 0.453125
2 0.18125000000000002 0.128125 0.159375 0.128125 0.15937500000000002 0.225 0.18125000000000005 0.225