2 0.25468750000000007 0.359375 0.2375 0.359375 0.23750000000000004 0.434375 0.25468750000000007 0.434375
2 0.51875 0.415625 0.4921875 0.415625 0.4921875 0.48125 0.51875 0.48125
0 0.6 0.584375 0.5921875 0.584375 0.5921875 0.6015625 0.6 0.6015625
2 0.671875 0.4234375 0.6421875 0.4234375 0.6421875 0.4953125 0.671875 0.4953125
2 0.056250000000000064 0.5171875 0.042187500000000065 0.5171875 0.04218750000000007 0.596875 0.056250000000000064 0.596875
2 0.4125 0.15468750000000003 0.3953125 0.15468750000000003 0.3953125 0.2078125000000001 0.4125 0.2078125000000001
2 0.04843750000000007 0.546875 0.028125000000000067 0.546875 0.028125000000000074 0.6296875 0.04843750000000008 0.6296875
2 0.2453125 0.234375 0.23125 0.234375 0.23125 0.2953125 0.2453125 0.2953125
2 0.2015625000000001 0.45625 0.18125000000000005 0.45625 0.18125000000000005 0.5359375 0.2015625000000001 0.5359375
2 0.1515625000000001 0.696875 0.1218750000000001 0.696875 0.1218750000000001 0.7953125 0.1515625000000001 0.7953125
2 0.18593750000000003 0.3453125 0.16562500000000005 0.3453125 0.16562500000000005 0.4171875 0.18593750000000003 0.4171875
2 0.3437500000000001 0.4171875 0.3218750000000001 0.4171875 0.3218750000000001 0.496875 0.3437500000000001 0.496875
2 0.5109375 0.51875 0.4859375 0.51875 0.4859375 0.5890625 0.5109375 0.5890625
2 0.9625 0.3703125000000001 0.9359375 0.3703125000000001 0.9359375 0.4468750000000002 0.9625 0.4468750000000002
2 0.6046875 0.5265625 0.5796875 0.5265625 0.5796875 0.6015625 0.6046875 0.6015625
2 0.2406250000000001 0.7703125 0.21093750000000008 0.7703125 0.21093750000000008 0.878125 0.2406250000000001 0.878125
2 0.4984375000000001 0.709375 0.4671875 0.709375 0.4671875000000001 0.815625 0.4984375000000002 0.815625
2 0.5640625000000001 0.85 0.5390625000000002 0.85 0.5390625000000002 0.9578125 0.5640625000000001 0.9578125
2 0.7640625 0.6312500000000002 0.7328125 0.6312500000000002 0.7328125 0.7203125000000001 0.7640625 0.7203125000000001
2 0.5390625 0.3218750000000001 0.521875 0.3218750000000001 0.521875 0.3890625000000001 0.5390625 0.3890625000000001
2 0.2921875 0.12031250000000004 0.275 0.12031250000000004 0.275 0.16562500000000005 0.2921875 0.16562500000000005
2 0.11093750000000005 0.4421875 0.09062500000000004 0.4421875 0.09062500000000005 0.5296875 0.11093750000000005 0.5296875
2 0.035937500000000074 0.53125 0.009375000000000064 0.53125 0.009375000000000069 0.6203125 0.03593750000000008 0.6203125