2 0.6390625 0.1859375000000001 0.6140625 0.1859375000000001 0.6140625 0.27031250000000007 0.6390625 0.27031250000000007
2 0.4453125 0.17656250000000004 0.4234375 0.17656250000000004 0.4234375 0.2656250000000001 0.4453125 0.2656250000000001
2 0.9609375 0.15156250000000013 0.934375 0.15156250000000013 0.934375 0.2453125000000001 0.9609375 0.2453125000000001
2 0.365625 0.21875000000000006 0.340625 0.21875 0.340625 0.31718750000000007 0.365625 0.31718750000000007
0 0.8 0.22031250000000008 0.790625 0.22031250000000008 0.790625 0.2406250000000001 0.8 0.2406250000000001
2 0.37343750000000003 0.29375000000000007 0.3484375 0.29375 0.34843750000000007 0.4015625 0.3734375000000001 0.4015625
2 0.6390625 0.3281250000000001 0.6078125 0.3281250000000001 0.6078125 0.4390625 0.6390625 0.4390625
2 0.3593750000000001 0.3953125 0.33281250000000007 0.3953125 0.33281250000000007 0.5109375 0.3593750000000001 0.5109375
2 0.4953125 0.19687500000000005 0.4609375 0.19687500000000005 0.4609375 0.28593750000000007 0.4953125 0.28593750000000007
2 0.23906250000000004 0.303125 0.2078125 0.303125 0.20781250000000004 0.4109375 0.2390625000000001 0.4109375
2 0.3312500000000001 0.39375 0.2968750000000001 0.39375 0.2968750000000001 0.5078125 0.3312500000000001 0.5078125
2 0.859375 0.2296875000000001 0.825 0.2296875000000001 0.825 0.3312500000000001 0.859375 0.3312500000000001
2 0.69375 0.14843750000000008 0.6671875 0.14843750000000008 0.6671875 0.21875000000000008 0.69375 0.21875000000000008
2 0.6171875 0.2250000000000001 0.5953125 0.2250000000000001 0.5953125 0.3281250000000001 0.6171875 0.3281250000000001
2 0.759375 0.15781250000000008 0.7328125 0.15781250000000008 0.7328125 0.2515625000000001 0.759375 0.2515625000000001
2 0.578125 0.1296875000000001 0.5578125 0.1296875000000001 0.5578125 0.2171875000000001 0.578125 0.2171875000000001
2 0.66875 0.10312500000000009 0.6484375 0.10312500000000009 0.6484375 0.18750000000000008 0.66875 0.18750000000000008
2 0.9609375 0.24218750000000008 0.9359375 0.24218750000000008 0.9359375 0.3453125000000001 0.9609375 0.3453125000000001
2 0.6296875 0.06093750000000007 0.6078125 0.06093750000000007 0.6078125 0.1359375000000001 0.6296875 0.1359375000000001