2 0.6453125 0.1921875000000001 0.6234375 0.1921875000000001 0.6234375 0.2718750000000001 0.6453125 0.2718750000000001
2 0.3 0.09531250000000005 0.2796875 0.09531250000000005 0.2796875 0.15312500000000004 0.3 0.15312500000000004
2 0.5609375 0.06406250000000006 0.5484375 0.06406250000000006 0.5484375 0.12031250000000009 0.5609375 0.12031250000000009
2 0.2171875 0.203125 0.19531250000000006 0.203125 0.19531250000000006 0.2796875 0.2171875 0.2796875
2 0.38750000000000007 0.9296875 0.35625000000000007 0.9296875 0.35625000000000007 0.996875 0.38750000000000007 0.996875
2 0.5125 0.2468750000000001 0.4921875 0.2468750000000001 0.4921875 0.3312500000000001 0.5125 0.3312500000000001
2 0.2453125 0.11093750000000005 0.225 0.11093750000000005 0.225 0.18125000000000005 0.2453125 0.18125000000000005
2 0.765625 0.1312500000000001 0.7484375 0.1312500000000001 0.7484375 0.2078125000000001 0.765625 0.2078125000000001
0 0.3890625000000001 0.7359375 0.3750000000000001 0.7359375 0.3750000000000001 0.7625 0.3890625000000001 0.7625
2 0.90625 0.2734375000000001 0.88125 0.2734375000000001 0.88125 0.3703125000000001 0.90625 0.3703125000000001
2 0.915625 0.6140625000000002 0.875 0.6140625000000002 0.875 0.7328125000000002 0.915625 0.7328125000000002
2 0.5953125 0.13281250000000008 0.578125 0.13281250000000008 0.578125 0.2078125000000001 0.5953125 0.2078125000000001
2 0.15468750000000012 0.8453125 0.11562500000000009 0.8453125 0.11562500000000012 0.996875 0.15468750000000014 0.996875
2 0.3703125 0.19375000000000003 0.353125 0.19375000000000003 0.353125 0.27031250000000007 0.3703125 0.27031250000000007
2 0.203125 0.25 0.18125000000000005 0.25 0.18125000000000005 0.334375 0.203125 0.334375
2 0.634375 0.37187500000000007 0.6078125 0.37187500000000007 0.6078125 0.465625 0.634375 0.465625
2 0.2171875000000001 0.571875 0.17187500000000008 0.571875 0.17187500000000008 0.690625 0.2171875000000001 0.690625
2 0.440625 0.2234375000000001 0.41875 0.2234375000000001 0.41875 0.3062500000000001 0.440625 0.3062500000000001
2 0.6421875000000001 0.8453125 0.5937500000000002 0.8453125 0.5937500000000002 1 0.6421875000000001 1
2 0.09687500000000004 0.2859375 0.07031250000000004 0.2859375 0.07031250000000004 0.384375 0.09687500000000004 0.384375
2 0.3968750000000001 0.4453125 0.3625000000000001 0.4453125 0.3625000000000001 0.5515625 0.3968750000000001 0.5515625
2 0.3437500000000001 0.675 0.3000000000000001 0.675 0.3000000000000001 0.8078125 0.3437500000000001 0.8078125
2 0.37031250000000004 0.3375 0.340625 0.3375 0.34062500000000007 0.425 0.3703125000000001 0.425
2 0.4765625 0.13281250000000006 0.45625 0.13281250000000006 0.45625 0.20312500000000008 0.4765625 0.20312500000000008
2 0.3140625 0.353125 0.2890625 0.353125 0.28906250000000006 0.446875 0.3140625000000001 0.446875