1 0.334375 0.2484375 0.3046875 0.2484375 0.3046875 0.3296875 0.334375 0.3296875
2 0.2250000000000001 0.584375 0.1984375000000001 0.584375 0.1984375000000001 0.71875 0.2250000000000001 0.71875
2 0.1781250000000001 0.5921875 0.1437500000000001 0.5921875 0.1437500000000001 0.721875 0.1781250000000001 0.721875
2 0.5875 0.409375 0.5625 0.409375 0.5625 0.51875 0.5875 0.51875
2 0.4156250000000001 0.7109375 0.3843750000000001 0.7109375 0.3843750000000001 0.815625 0.4156250000000002 0.815625
2 0.690625 0.24218750000000008 0.671875 0.24218750000000008 0.671875 0.3281250000000001 0.690625 0.3281250000000001
2 0.38750000000000007 0.696875 0.3453125000000001 0.696875 0.3453125000000001 0.8328125 0.38750000000000007 0.8328125
2 0.6046875 0.3046875000000001 0.58125 0.3046875000000001 0.58125 0.39531250000000007 0.6046875 0.39531250000000007
2 0.40625 0.409375 0.3734375000000001 0.409375 0.3734375000000001 0.5234375 0.40625 0.5234375
3 0.9203125 0.11250000000000011 0.896875 0.11250000000000009 0.896875 0.18437500000000012 0.9203125 0.18437500000000012
2 0.73125 0.4609375000000001 0.7015625 0.4609375 0.7015625 0.5640625000000001 0.73125 0.5640625000000001
2 0.85 0.30156250000000007 0.8234375 0.30156250000000007 0.8234375 0.40156250000000016 0.85 0.40156250000000016
3 0.409375 0.5328125 0.3703125000000001 0.5328125 0.3703125000000001 0.65 0.409375 0.65
2 0.3500000000000001 0.4390625 0.32500000000000007 0.4390625 0.32500000000000007 0.559375 0.3500000000000001 0.559375
2 0.5015625 0.44375 0.4765625 0.44375 0.4765625 0.5609375 0.5015625 0.5609375
2 0.8046875 0.3109375000000001 0.7828125 0.3109375000000001 0.7828125 0.40156250000000016 0.8046875 0.40156250000000016
2 0.671875 0.27812500000000007 0.653125 0.27812500000000007 0.653125 0.3703125000000001 0.671875 0.3703125000000001
2 0.653125 0.3234375000000001 0.634375 0.3234375000000001 0.634375 0.4203125 0.653125 0.4203125
0 0.4187500000000002 0.809375 0.3968750000000001 0.809375 0.3968750000000001 0.8484375 0.4187500000000002 0.8484375