2 0.3078125000000001 0.628125 0.2828125000000001 0.628125 0.2828125000000001 0.7171875 0.3078125000000001 0.7171875
2 0.9734375 0.3781250000000001 0.9515625 0.3781250000000001 0.9515625 0.44531250000000017 0.9734375 0.44531250000000017
2 0.4328125 0.44375 0.415625 0.44375 0.415625 0.5140625 0.4328125 0.5140625
2 0.39375000000000004 0.3609375000000001 0.3796875 0.3609375000000001 0.37968750000000007 0.4265625 0.3937500000000001 0.4265625
2 0.17812500000000006 0.5265625 0.16093750000000004 0.5265625 0.16093750000000007 0.60625 0.1781250000000001 0.60625
2 0.21250000000000008 0.5875 0.1859375000000001 0.5875 0.1859375000000001 0.6625 0.21250000000000008 0.6625
0 0.7140625 0.40625 0.70625 0.40625 0.70625 0.41875 0.7140625 0.41875
2 0.396875 0.2390625000000001 0.3796875 0.2390625000000001 0.3796875 0.2968750000000001 0.396875 0.2968750000000001
2 0.06875000000000012 0.928125 0.02968750000000011 0.928125 0.029687500000000117 0.9984375 0.06875000000000013 0.9984375
2 0.60625 0.5546875 0.58125 0.5546875 0.58125 0.64375 0.60625 0.64375
2 0.2312500000000001 0.409375 0.2140625000000001 0.409375 0.2140625000000001 0.4796875 0.2312500000000001 0.4796875
2 0.94375 0.6406250000000002 0.91875 0.6406250000000002 0.91875 0.7390625000000002 0.94375 0.7390625000000002
2 0.18437500000000004 0.3046875 0.16718750000000004 0.3046875 0.16718750000000004 0.3578125 0.18437500000000004 0.3578125
2 0.10937500000000007 0.5109375 0.08750000000000006 0.5109375 0.08750000000000006 0.5859375 0.10937500000000008 0.5859375
2 0.75 0.3531250000000001 0.728125 0.3531250000000001 0.728125 0.4109375000000002 0.75 0.4109375000000002
2 0.3125000000000001 0.3875 0.2906250000000001 0.3875 0.2906250000000001 0.45 0.3125000000000001 0.45