2 0.771875 0.5750000000000002 0.7546875 0.5750000000000002 0.7546875 0.6500000000000001 0.771875 0.6500000000000001
2 0.4890625 0.3500000000000001 0.475 0.3500000000000001 0.475 0.4 0.4890625 0.4
2 0.6765625 0.3781250000000001 0.6625 0.3781250000000001 0.6625 0.4328125 0.6765625 0.4328125
2 0.4328125 0.3046875000000001 0.4171875 0.3046875000000001 0.4171875 0.3531250000000001 0.4328125 0.3531250000000001
2 0.90625 0.3843750000000001 0.8890625 0.3843750000000001 0.8890625 0.44843750000000016 0.90625 0.44843750000000016
0 0.4421875 0.3343750000000001 0.434375 0.3343750000000001 0.434375 0.34843750000000007 0.4421875 0.34843750000000007
2 0.840625 0.31718750000000007 0.8265625 0.31718750000000007 0.8265625 0.3687500000000001 0.840625 0.3687500000000001
2 0.925 0.5046875000000002 0.903125 0.5046875000000002 0.903125 0.5765625000000002 0.925 0.5765625000000002
2 0.7453125 0.5218750000000002 0.728125 0.5218750000000002 0.728125 0.6015625000000002 0.7453125 0.6015625000000002
2 0.3187500000000001 0.4828125 0.3000000000000001 0.4828125 0.3000000000000001 0.5578125 0.3187500000000001 0.5578125
2 0.5078125 0.4296875 0.490625 0.4296875 0.490625 0.490625 0.5078125 0.490625
2 0.8546875 0.30156250000000007 0.8390625 0.30156250000000007 0.8390625 0.3453125000000001 0.8546875 0.3453125000000001
2 0.5390625 0.434375 0.5234375 0.434375 0.5234375 0.49375 0.5390625 0.49375
3 0.7203125 0.4484375 0.7046875 0.4484375 0.7046875 0.5109375 0.7203125 0.5109375
3 0.475 0.2156250000000001 0.4640625 0.2156250000000001 0.4640625 0.2578125000000001 0.475 0.2578125000000001
2 0.559375 0.415625 0.54375 0.415625 0.54375 0.471875 0.559375 0.471875
2 0.3828125000000001 0.37812500000000004 0.3625000000000001 0.378125 0.3625000000000001 0.4421875 0.3828125000000001 0.4421875
2 0.29375000000000007 0.4234375 0.2718750000000001 0.4234375 0.2718750000000001 0.484375 0.29375000000000007 0.484375
2 0.3671875000000001 0.515625 0.3421875000000001 0.515625 0.3421875000000001 0.5859375 0.3671875000000001 0.5859375
2 0.5984375 0.4984375 0.578125 0.4984375 0.578125 0.5640625 0.5984375 0.5640625
2 0.925 0.4390625000000002 0.903125 0.4390625000000002 0.903125 0.5031250000000002 0.925 0.5031250000000002
2 0.5734375 0.6515625 0.546875 0.6515625 0.5468750000000001 0.728125 0.5734375000000002 0.728125
2 0.496875 0.4578125 0.48125 0.4578125 0.48125 0.5125 0.496875 0.5125
1 0.05468750000000004 0.3515625 0.03750000000000005 0.3515625 0.03750000000000005 0.4125 0.05468750000000004 0.4125
3 0.7062500000000002 0.890625 0.6765625000000002 0.890625 0.6765625000000002 0.9859375 0.7062500000000002 0.9859375