2 0.3265625 0.2171875 0.303125 0.2171875 0.303125 0.309375 0.3265625 0.309375
3 0.5859375 0.05312500000000007 0.565625 0.05312500000000007 0.565625 0.12500000000000008 0.5859375 0.12500000000000008
2 0.64375 0.575 0.61875 0.575 0.61875 0.7046875 0.64375 0.7046875
2 0.6546875 0.45 0.6265625 0.45 0.6265625 0.5703125 0.6546875 0.5703125
2 0.04531250000000005 0.340625 0.014062500000000044 0.340625 0.01406250000000005 0.4546875 0.045312500000000054 0.4546875
2 0.734375 0.4937500000000001 0.6953125 0.49375 0.6953125 0.6218750000000001 0.734375 0.6218750000000002
2 0.2921875000000001 0.5265625 0.2609375000000001 0.5265625 0.2609375000000001 0.65625 0.2921875000000001 0.65625
2 0.44375 0.35625000000000007 0.415625 0.35625000000000007 0.415625 0.4671875 0.44375 0.4671875
3 0.96875 0.2671875000000001 0.9421875 0.2671875000000001 0.9421875 0.3625000000000001 0.96875 0.3625000000000001
2 0.628125 0.3156250000000001 0.603125 0.3156250000000001 0.603125 0.425 0.628125 0.425
2 0.609375 0.2500000000000001 0.5859375 0.2500000000000001 0.5859375 0.3531250000000001 0.609375 0.3531250000000001
2 0.790625 0.32500000000000007 0.759375 0.32500000000000007 0.759375 0.4265625000000002 0.790625 0.4265625000000002
2 0.7296875 0.13437500000000008 0.70625 0.13437500000000008 0.70625 0.22031250000000008 0.7296875 0.22031250000000008
0 0.2921875000000001 0.6546875 0.2796875000000001 0.6546875 0.2796875000000001 0.678125 0.2921875000000001 0.678125