2 0.4671875 0.5328125 0.44375 0.5328125 0.44375 0.6125 0.4671875 0.6125
2 0.7046875 0.428125 0.6828125 0.428125 0.6828125 0.4953125 0.7046875 0.4953125
2 0.21875000000000008 0.440625 0.19687500000000005 0.440625 0.19687500000000005 0.5140625 0.21875000000000008 0.5140625
2 0.625 0.3156250000000001 0.6 0.3156250000000001 0.6 0.3703125000000001 0.625 0.3703125000000001
2 0.1687500000000001 0.68125 0.14218750000000008 0.68125 0.14218750000000008 0.775 0.1687500000000001 0.775
2 0.565625 0.2218750000000001 0.5484375 0.2218750000000001 0.5484375 0.2765625000000001 0.565625 0.2765625000000001
3 0.3781250000000001 0.4984375 0.3578125000000001 0.4984375 0.3578125000000001 0.571875 0.3781250000000001 0.571875
2 0.7781250000000002 0.7515625000000001 0.7453125000000002 0.7515625000000001 0.7453125000000002 0.85625 0.7781250000000002 0.85625
2 0.2484375000000001 0.415625 0.2218750000000001 0.415625 0.2218750000000001 0.4765625 0.2484375000000001 0.4765625
2 0.665625 0.54375 0.6390625 0.54375 0.6390625 0.628125 0.665625 0.628125
2 0.7609375 0.4593750000000002 0.7328125 0.4593750000000002 0.7328125 0.5343750000000002 0.7609375 0.5343750000000002
2 0.22031250000000008 0.5171875 0.19687500000000005 0.5171875 0.19687500000000008 0.590625 0.22031250000000008 0.590625
2 0.4078125 0.2718750000000001 0.3921875 0.2718750000000001 0.3921875 0.3312500000000001 0.4078125 0.3312500000000001
2 0.25468750000000007 0.48125 0.23437500000000008 0.48125 0.23437500000000008 0.559375 0.25468750000000007 0.559375
3 0.3375 0.2046875 0.321875 0.2046875 0.321875 0.24375 0.3375 0.24375
2 0.8390625 0.3750000000000001 0.8125 0.3750000000000001 0.8125 0.44531250000000017 0.8390625 0.44531250000000017
2 0.2500000000000001 0.6734375 0.2250000000000001 0.6734375 0.2250000000000001 0.7703125 0.2500000000000001 0.7703125
2 0.2390625000000001 0.3890625 0.2218750000000001 0.3890625 0.2218750000000001 0.4234375 0.2390625000000001 0.4234375
2 0.5578125 0.3390625000000001 0.5375 0.3390625000000001 0.5375 0.4046875 0.5578125 0.4046875