2 0.4171875 0.3812500000000001 0.3734375000000001 0.3812500000000001 0.3734375000000001 0.4875 0.4171875 0.4875
2 0.3765625000000001 0.4578125 0.33281250000000007 0.4578125 0.33281250000000007 0.58125 0.3765625000000001 0.58125
2 0.521875 0.3890625000000001 0.496875 0.3890625000000001 0.496875 0.5046875 0.521875 0.5046875
2 0.153125 0.07031250000000003 0.1328125 0.07031250000000003 0.1328125 0.1625 0.153125 0.1625
2 0.3281250000000001 0.5890625 0.2843750000000001 0.5890625 0.2843750000000001 0.7265625 0.3281250000000001 0.7265625
2 0.30312500000000003 0.3265625 0.26875 0.3265625 0.26875000000000004 0.4421875 0.3031250000000001 0.4421875
2 0.14531250000000004 0.209375 0.11093750000000005 0.209375 0.11093750000000005 0.325 0.14531250000000004 0.325
2 0.3859375 0.22187500000000004 0.359375 0.221875 0.359375 0.31875000000000003 0.3859375 0.3187500000000001
2 0.5109375 0.43125 0.4484375 0.43125 0.4484375 0.4796875 0.5109375 0.4796875
2 0.5765625 0.1390625000000001 0.546875 0.1390625000000001 0.546875 0.2328125000000001 0.5765625 0.2328125000000001
2 0.9234375 0.2640625000000001 0.884375 0.2640625000000001 0.884375 0.37968750000000007 0.9234375 0.37968750000000007
2 0.12500000000000006 0.3125 0.07656250000000005 0.3125 0.07656250000000005 0.4359375 0.12500000000000006 0.4359375
2 0.73125 0.2906250000000001 0.7 0.2906250000000001 0.7 0.4046875000000001 0.73125 0.4046875000000002
2 0.4828125000000001 0.590625 0.434375 0.590625 0.43437500000000007 0.740625 0.4828125000000002 0.740625
2 0.659375 0.3937500000000001 0.615625 0.3937500000000001 0.615625 0.5234375 0.659375 0.5234375