2 0.21875000000000008 0.375 0.18906250000000005 0.375 0.18906250000000005 0.49375 0.21875000000000008 0.49375
2 0.9140625 0.3750000000000001 0.878125 0.3750000000000001 0.878125 0.5125000000000002 0.9140625 0.5125000000000002
2 0.9546875 0.18281250000000013 0.9328125 0.18281250000000013 0.9328125 0.2765625000000001 0.9546875 0.2765625000000001
3 0.3984375000000001 0.459375 0.37187500000000007 0.459375 0.37187500000000007 0.5859375 0.3984375000000001 0.5859375
2 0.3921875 0.30156250000000007 0.365625 0.30156250000000007 0.36562500000000003 0.4125 0.3921875000000001 0.4125
2 0.7625 0.2968750000000001 0.7359375 0.2968750000000001 0.7359375 0.40156250000000016 0.7625 0.40156250000000016
2 0.571875 0.14062500000000008 0.5515625 0.14062500000000008 0.5515625 0.22031250000000008 0.571875 0.22031250000000008
2 0.11250000000000009 0.5546875 0.07812500000000007 0.5546875 0.07812500000000008 0.6953125 0.11250000000000009 0.6953125
0 0.9359375 0.2578125000000001 0.9265625 0.2578125000000001 0.9265625 0.2765625000000001 0.9359375 0.2765625000000001
2 0.8953125 0.46093750000000017 0.8640625 0.46093750000000017 0.8640625 0.6015625000000002 0.8953125 0.6015625000000002
2 0.30781250000000004 0.3 0.28125 0.3 0.28125000000000006 0.4140625 0.3078125000000001 0.4140625
2 0.734375 0.07968750000000009 0.71875 0.07968750000000009 0.71875 0.1546875000000001 0.734375 0.1546875000000001
2 0.71875 0.2718750000000001 0.6890625 0.2718750000000001 0.6890625 0.3687500000000001 0.71875 0.3687500000000001
2 0.8046875 0.2156250000000001 0.775 0.2156250000000001 0.775 0.2968750000000001 0.8046875 0.2968750000000001
2 0.48125 0.3312500000000001 0.45625 0.3312500000000001 0.45625 0.440625 0.48125 0.440625
2 0.7390625 0.565625 0.6984375 0.565625 0.6984375 0.7109375000000001 0.7390625 0.7109375000000002
2 0.559375 0.3812500000000001 0.53125 0.3812500000000001 0.53125 0.4953125 0.559375 0.4953125
3 0.6421875 0.06562500000000007 0.6203125 0.06562500000000007 0.6203125 0.13437500000000008 0.6421875 0.13437500000000008
2 0.346875 0.24375 0.325 0.24375 0.325 0.3453125 0.346875 0.3453125