2 0.9390625 0.45625000000000016 0.903125 0.45625000000000016 0.903125 0.5812500000000002 0.9390625 0.5812500000000002
3 0.440625 0.2968750000000001 0.41875 0.2968750000000001 0.41875 0.3921875000000001 0.440625 0.3921875000000001
2 0.996875 0.840625 0.9546875 0.840625 0.9546875 1 0.996875 1
2 0.4765625 0.18125000000000005 0.459375 0.18125000000000005 0.459375 0.2640625000000001 0.4765625 0.2640625000000001
2 0.13125000000000003 0.3375 0.10156250000000004 0.3375 0.10156250000000004 0.4515625 0.13125000000000003 0.4515625
2 1 0.5453125000000002 0.9875 0.5453125000000002 0.9875 0.6562500000000002 1 0.6562500000000002
2 0.675 0.1843750000000001 0.653125 0.1843750000000001 0.653125 0.2640625000000001 0.675 0.2640625000000001
0 0.2390625 0.2390625 0.2296875 0.2390625 0.2296875 0.253125 0.2390625 0.253125
2 0.91875 0.3109375000000001 0.896875 0.3109375000000001 0.896875 0.4109375000000002 0.91875 0.4109375000000002
2 0.2375 0.19843750000000004 0.20625 0.19843750000000004 0.20625 0.271875 0.2375 0.271875
2 0.8125 0.2453125000000001 0.790625 0.2453125000000001 0.790625 0.3453125000000001 0.8125 0.3453125000000001
2 0.884375 0.3515625000000001 0.8546875 0.3515625000000001 0.8546875 0.46093750000000017 0.884375 0.46093750000000017
2 0.50625 0.18281250000000004 0.4796875 0.18281250000000004 0.4796875 0.2593750000000001 0.50625 0.2593750000000001
2 0.2078125 0.19218750000000004 0.18750000000000006 0.19218750000000004 0.18750000000000006 0.271875 0.2078125 0.271875
2 0.640625 0.2828125000000001 0.61875 0.2828125000000001 0.61875 0.3765625000000001 0.640625 0.3765625000000001
2 0.5953125 0.478125 0.565625 0.478125 0.565625 0.5984375 0.5953125 0.5984375
2 0.253125 0.13281250000000006 0.2328125 0.13281250000000006 0.2328125 0.2046875 0.253125 0.2046875