2 0.55625 0.3343750000000001 0.5171875 0.3343750000000001 0.5171875 0.4359375 0.55625 0.4359375
2 0.484375 0.30937500000000007 0.440625 0.30937500000000007 0.440625 0.4203125 0.484375 0.4203125
0 0.36406250000000007 0.5890625 0.34843750000000007 0.5890625 0.34843750000000007 0.6171875 0.36406250000000007 0.6171875
2 0.765625 0.5515625000000001 0.7109375 0.5515625 0.7109375 0.6843750000000001 0.765625 0.6843750000000002
2 0.465625 0.16250000000000003 0.4359375 0.16250000000000003 0.4359375 0.25468750000000007 0.465625 0.25468750000000007
2 0.8546875 0.3968750000000001 0.828125 0.3968750000000001 0.828125 0.5218750000000002 0.8546875 0.5218750000000002
2 0.3640625 0.13750000000000004 0.3390625 0.13750000000000004 0.3390625 0.22968750000000004 0.3640625 0.2296875000000001
2 0.25 0.228125 0.225 0.228125 0.225 0.3328125 0.25 0.3328125
2 0.3109375 0.2421875 0.2890625 0.2421875 0.2890625 0.3515625 0.3109375 0.3515625
3 0.8953125 0.2687500000000001 0.86875 0.2687500000000001 0.86875 0.3890625000000001 0.8953125 0.3890625000000001
2 0.45625 0.40625 0.4265625 0.40625 0.4265625 0.5125 0.45625 0.5125
2 0.26875000000000004 0.3296875 0.24375 0.3296875 0.24375000000000005 0.4453125 0.2687500000000001 0.4453125