3 0.48125 0.014062500000000058 0.4609375 0.014062500000000056 0.4609375 0.08906250000000007 0.48125 0.08906250000000007
2 1 0.42500000000000016 0.975 0.42500000000000016 0.975 0.5359375000000002 1 0.5359375000000002
0 0.40625000000000017 0.73125 0.38750000000000007 0.73125 0.38750000000000007 0.759375 0.40625000000000017 0.759375
2 0.6 0.428125 0.56875 0.428125 0.56875 0.546875 0.6 0.546875
2 0.70625 0.29375000000000007 0.6671875 0.29375000000000007 0.6671875 0.3890625000000001 0.70625 0.3890625000000001
2 0.5359375 0.27812500000000007 0.5109375 0.27812500000000007 0.5109375 0.38750000000000007 0.5359375 0.38750000000000007
2 0.2312500000000001 0.49375 0.18125000000000005 0.49375 0.18125000000000008 0.621875 0.2312500000000001 0.621875
3 0.8875 0.2156250000000001 0.853125 0.2156250000000001 0.853125 0.3125000000000001 0.8875 0.3125000000000001
2 0.6640625 0.4359375 0.634375 0.4359375 0.634375 0.5671875 0.6640625 0.5671875
2 0.35156250000000006 0.315625 0.3234375 0.315625 0.32343750000000004 0.4265625 0.3515625000000001 0.4265625
2 0.5296875 0.5578125 0.4953125 0.5578125 0.4953125 0.6734375 0.5296875 0.6734375
2 0.5109375 0.2093750000000001 0.4859375 0.2093750000000001 0.4859375 0.30937500000000007 0.5109375 0.30937500000000007
2 0.6359375 0.08906250000000007 0.6171875 0.08906250000000007 0.6171875 0.1703125000000001 0.6359375 0.1703125000000001
2 0.2703125 0.17656250000000004 0.2390625 0.17656250000000004 0.2390625 0.26875 0.2703125 0.26875