2 0.50625 0.13281250000000006 0.4625 0.13281250000000006 0.4625 0.30937500000000007 0.50625 0.30937500000000007
3 0.703125 0.2250000000000001 0.678125 0.2250000000000001 0.678125 0.2890625000000001 0.703125 0.2890625000000001
2 0.290625 0.221875 0.24375 0.221875 0.24375000000000005 0.428125 0.2906250000000001 0.428125
2 0.06562500000000003 0.2609375 0.018750000000000034 0.2609375 0.01875000000000004 0.4046875 0.06562500000000004 0.4046875
2 0.07187500000000005 0.3671875 0.015625000000000045 0.3671875 0.01562500000000006 0.59375 0.07187500000000006 0.59375
2 0.68125 0.409375 0.6265625 0.409375 0.6265625 0.5953125 0.68125 0.5953125
2 0.6 7.156529732517345e-17 0.56875 6.965178670150572e-17 0.56875 0.1140625000000001 0.6 0.1140625000000001
2 0.9078125 0.4968750000000002 0.8453125 0.4968750000000002 0.8453125 0.6921875000000002 0.9078125 0.6921875000000002
2 0.9453125 0.0015625000000001135 0.9078125 0.0015625000000001111 0.9078125 0.16562500000000013 0.9453125 0.16562500000000013
3 0.546875 0.025000000000000067 0.50625 0.025000000000000067 0.50625 0.19687500000000008 0.546875 0.19687500000000008
1 0.4687500000000001 0.5109375 0.3703125000000001 0.5109375 0.3703125000000001 0.8328125 0.46875000000000017 0.8328125
2 0.16875 0.05312500000000002 0.125 0.05312500000000002 0.12500000000000003 0.2390625 0.16875000000000004 0.2390625