2 0.10468750000000004 0.36875 0.09062500000000004 0.36875 0.09062500000000004 0.4265625 0.10468750000000004 0.4265625
2 0.18437500000000004 0.365625 0.17031250000000003 0.365625 0.17031250000000003 0.4546875 0.18437500000000004 0.4546875
2 0.21718750000000003 0.3625 0.19843750000000004 0.3625 0.19843750000000004 0.4625 0.2171875000000001 0.4625
2 0.2296875000000001 0.371875 0.21093750000000008 0.371875 0.21093750000000008 0.4578125 0.2296875000000001 0.4578125
2 0.12031250000000004 0.3953125 0.10937500000000004 0.3953125 0.10937500000000004 0.4484375 0.12031250000000004 0.4484375
2 0.09375000000000006 0.38125 0.07343750000000004 0.38125 0.07343750000000006 0.4671875 0.09375000000000007 0.4671875
2 0.06875000000000006 0.3921875 0.04843750000000004 0.3921875 0.04843750000000005 0.478125 0.06875000000000006 0.478125
2 0.10625000000000004 0.409375 0.08906250000000004 0.409375 0.08906250000000006 0.4859375 0.10625000000000004 0.4859375
2 0.678125 0.5 0.6546875 0.5 0.6546875 0.590625 0.678125 0.590625
2 0.6515625 0.5015625 0.6296875 0.5015625 0.6296875 0.590625 0.6515625 0.590625
2 0.3515625000000001 0.496875 0.3281250000000001 0.496875 0.3281250000000001 0.59375 0.3515625000000001 0.59375
2 0.3890625000000001 0.590625 0.3671875000000001 0.590625 0.3671875000000001 0.696875 0.3890625000000001 0.696875
2 0.9 0.6343750000000001 0.86875 0.6343750000000001 0.86875 0.7562500000000002 0.9 0.7562500000000002
1 0.32343750000000004 0.328125 0.2984375 0.328125 0.2984375 0.4234375 0.3234375000000001 0.4234375