2 0.9375 0.1328125000000001 0.903125 0.13281250000000008 0.903125 0.2078125000000001 0.9375 0.2078125000000001
2 0.71875 0.11718750000000008 0.6796875 0.11718750000000008 0.6796875 0.2687500000000001 0.71875 0.2687500000000001
2 0.678125 0.1437500000000001 0.646875 0.1437500000000001 0.646875 0.2656250000000001 0.678125 0.2656250000000001
2 0.7453125 0.14843750000000008 0.71875 0.14843750000000008 0.71875 0.3031250000000001 0.7453125 0.3031250000000001
2 0.928125 0.1734375000000001 0.8890625 0.17343750000000008 0.8890625 0.3203125000000001 0.928125 0.3203125000000001
2 0.5234375 0.18125000000000005 0.490625 0.18125000000000005 0.490625 0.3312500000000001 0.5234375 0.3312500000000001
2 0.2828125 0.18906250000000005 0.246875 0.18906250000000005 0.246875 0.3421875 0.2828125 0.3421875
2 0.4046875 0.2515625 0.353125 0.2515625 0.353125 0.4015625 0.4046875 0.4015625
2 0.4890625 0.27031250000000007 0.45 0.27031250000000007 0.45 0.4140625 0.4890625 0.4140625
0 0.30937500000000007 0.7203125 0.2875000000000001 0.7203125 0.2875000000000001 0.771875 0.30937500000000007 0.771875
3 0.8765625 0.021875000000000106 0.8515625 0.021875000000000106 0.8515625 0.14218750000000008 0.8765625 0.14218750000000008
2 0.6703125 0.05156250000000008 0.6265625 0.05156250000000007 0.6265625 0.14062500000000008 0.6703125 0.14062500000000008
2 0.921875 0.10000000000000012 0.890625 0.10000000000000009 0.890625 0.1562500000000001 0.921875 0.15625000000000014
1 0.5609375 0.4953125 0.4 0.4953125 0.4 0.640625 0.5609375 0.640625
2 0.65625 7.816690897682715e-17 0.6203125 7.596637175960925e-17 0.6203125 0.06406250000000008 0.65625 0.06406250000000009