2 0.6703125 0.1937500000000001 0.6515625 0.1937500000000001 0.6515625 0.28593750000000007 0.6703125 0.28593750000000007
2 0.875 0.2328125000000001 0.8546875 0.2328125000000001 0.8546875 0.28593750000000007 0.875 0.28593750000000007
2 0.56875 0.2234375000000001 0.553125 0.2234375000000001 0.553125 0.34062500000000007 0.56875 0.34062500000000007
2 0.21718750000000003 0.2890625 0.19218750000000004 0.2890625 0.19218750000000004 0.4 0.2171875000000001 0.4
2 0.31875000000000003 0.2953125 0.29375 0.2953125 0.29375000000000007 0.3953125 0.3187500000000001 0.3953125
2 0.584375 0.2968750000000001 0.56875 0.2968750000000001 0.56875 0.4015625 0.584375 0.4015625
2 0.88125 0.30156250000000007 0.8625 0.30156250000000007 0.8625 0.3968750000000001 0.88125 0.3968750000000001
3 0.55625 0.3062500000000001 0.521875 0.3062500000000001 0.521875 0.415625 0.55625 0.415625
2 0.9515625 0.3593750000000001 0.921875 0.3593750000000001 0.921875 0.4593750000000002 0.9515625 0.4593750000000002
2 1 0.35625000000000007 0.978125 0.35625000000000007 0.978125 0.4812500000000002 1 0.4812500000000002
2 0.5953125 0.3812500000000001 0.5734375 0.3812500000000001 0.5734375 0.5109375 0.5953125 0.5109375
2 0.696875 0.3859375000000001 0.6828125 0.3859375000000001 0.6828125 0.51875 0.696875 0.51875
2 0.634375 0.39531250000000007 0.6046875 0.39531250000000007 0.6046875 0.534375 0.634375 0.534375
2 0.81875 0.5031250000000002 0.7984375 0.5031250000000002 0.7984375 0.6484375000000002 0.81875 0.6484375000000002