2 0.4703125 0.3000000000000001 0.4390625 0.3000000000000001 0.4390625 0.3906250000000001 0.4703125 0.3906250000000001
2 0.5390625 0.2843750000000001 0.509375 0.2843750000000001 0.509375 0.4109375 0.5390625 0.4109375
2 0.6109375 0.2968750000000001 0.5890625 0.2968750000000001 0.5890625 0.4359375 0.6109375 0.4359375
2 0.4578125 0.3156250000000001 0.41875 0.3156250000000001 0.41875 0.4265625 0.4578125 0.4265625
0 0.56875 0.36406250000000007 0.553125 0.36406250000000007 0.553125 0.403125 0.56875 0.403125
2 0.275 0.3359375 0.2453125 0.3359375 0.24531250000000004 0.4453125 0.2750000000000001 0.4453125
2 0.6859375 0.35625000000000007 0.659375 0.35625000000000007 0.659375 0.503125 0.6859375 0.503125
2 0.540625 0.3671875000000001 0.5046875 0.3671875000000001 0.5046875 0.5296875 0.540625 0.5296875
2 0.8109375 0.4312500000000002 0.78125 0.4312500000000002 0.78125 0.5875000000000001 0.8109375 0.5875000000000001
3 0.042187500000000065 0.446875 5.472640383689735e-17 0.446875 6.486801014233637e-17 0.6125 0.04218750000000008 0.6125
2 0.2156250000000001 0.4734375 0.17812500000000003 0.4734375 0.17812500000000006 0.628125 0.2156250000000001 0.628125
2 0.15468750000000006 0.521875 0.12343750000000005 0.521875 0.12343750000000006 0.6921875 0.1546875000000001 0.6921875
2 0.8640625 0.5484375000000001 0.8453125 0.5484375000000001 0.8453125 0.7484375000000002 0.8640625 0.7484375000000002
2 0.02812500000000011 0.809375 9.91198503059889e-17 0.809375 1.1079226511036212e-16 1 0.028125000000000122 1
2 0.7125000000000001 0.834375 0.6531250000000002 0.834375 0.6531250000000002 0.984375 0.7125000000000001 0.984375
1 1 0.32500000000000007 0.984375 0.32500000000000007 0.984375 0.4593750000000002 1 0.4593750000000002