2 0.915625 0.17656250000000012 0.89375 0.1765625000000001 0.89375 0.28593750000000007 0.915625 0.28593750000000007
2 0.5 0.2734375000000001 0.4703125 0.2734375000000001 0.4703125 0.3890625000000001 0.5 0.3890625000000001
2 0.584375 0.33281250000000007 0.55625 0.33281250000000007 0.55625 0.434375 0.584375 0.434375
2 0.5421875 0.3546875000000001 0.515625 0.3546875000000001 0.515625 0.4453125 0.5421875 0.4453125
0 0.584375 0.4140625 0.5640625 0.4140625 0.5640625 0.4515625 0.584375 0.4515625
2 0.4765625 0.3937500000000001 0.4421875 0.3937500000000001 0.4421875 0.4984375 0.4765625 0.4984375
2 0.63125 0.4375 0.5953125 0.4375 0.5953125 0.559375 0.63125 0.559375
2 0.2218750000000001 0.4546875 0.19687500000000005 0.4546875 0.19687500000000008 0.575 0.2218750000000001 0.575
3 0.915625 0.5390625000000002 0.8734375 0.5390625000000002 0.8734375 0.6546875000000002 0.915625 0.6546875000000002
2 0.3625000000000001 0.6125 0.32500000000000007 0.6125 0.32500000000000007 0.771875 0.3625000000000001 0.771875
2 0.9859375 0.8296875 0.946875 0.8296875 0.946875 0.9984375 0.9859375 0.9984375
1 0.27968750000000003 0.359375 0.2296875 0.359375 0.22968750000000004 0.4984375 0.2796875000000001 0.4984375