2 0.4390625 0.2093750000000001 0.4125 0.2093750000000001 0.4125 0.30937500000000007 0.4390625 0.30937500000000007
2 0.584375 0.2531250000000001 0.5578125 0.2531250000000001 0.5578125 0.3468750000000001 0.584375 0.3468750000000001
2 0.7984375 0.2593750000000001 0.775 0.2593750000000001 0.775 0.3687500000000001 0.7984375 0.3687500000000001
2 0.9375 0.2906250000000001 0.9140625 0.2906250000000001 0.9140625 0.39531250000000007 0.9375 0.39531250000000007
2 0.56875 0.3421875000000001 0.5484375 0.3421875000000001 0.5484375 0.45 0.56875 0.45
2 0.36875 0.353125 0.3375 0.353125 0.3375 0.475 0.3687500000000001 0.475
3 0.8875 0.39531250000000007 0.8625 0.39531250000000007 0.8625 0.5031250000000002 0.8875 0.5031250000000002
0 0.3734375000000001 0.44375 0.3609375000000001 0.44375 0.3609375000000001 0.48125 0.3734375000000001 0.48125
2 0.7296875 0.5093750000000001 0.7015625 0.509375 0.7015625 0.6484375000000001 0.7296875 0.6484375000000002
2 0.21875000000000008 0.5328125 0.19687500000000005 0.5328125 0.19687500000000008 0.6625 0.21875000000000008 0.6625
2 0.5015625000000001 0.58125 0.4765625 0.58125 0.4765625000000001 0.728125 0.5015625000000001 0.728125
2 0.6015625000000001 0.69375 0.5734375 0.69375 0.5734375 0.846875 0.6015625000000002 0.846875