3 0.19843750000000002 0.1375 0.1625 0.1375 0.16250000000000003 0.25625 0.19843750000000004 0.25625
2 0.06875000000000006 0.35 0.034375000000000044 0.35 0.03437500000000005 0.4640625 0.06875000000000006 0.4640625
2 0.8421875 0.4078125000000002 0.821875 0.4078125000000002 0.821875 0.5281250000000002 0.8421875 0.5281250000000002
2 0.1765625 1.8561053049577072e-17 0.1265625 1.549943605170869e-17 0.1265625 0.103125 0.1765625 0.103125
2 0.565625 0.5953125 0.5328125 0.5953125 0.5328125000000001 0.734375 0.5656250000000002 0.734375
2 0.971875 0.015625000000000118 0.9421875 0.015625000000000118 0.9421875 0.12656250000000013 0.971875 0.12656250000000013
2 0.7437500000000001 0.6656250000000001 0.703125 0.665625 0.7031250000000001 0.784375 0.7437500000000001 0.7843750000000002
2 0.7140625 0.6890625 0.6546875 0.6890625 0.6546875000000001 0.803125 0.7140625000000002 0.803125
0 0.4359375000000002 0.7421875 0.4109375000000002 0.7421875 0.4109375000000002 0.778125 0.4359375000000002 0.778125
2 0.746875 0.02968750000000009 0.725 0.02968750000000009 0.725 0.13437500000000008 0.746875 0.13437500000000008
2 0.596875 0.07968750000000006 0.565625 0.07968750000000006 0.565625 0.18906250000000008 0.596875 0.18906250000000008