3 0.8390625 0.1921875000000001 0.8140625 0.1921875000000001 0.8140625 0.2734375000000001 0.8390625 0.2734375000000001
2 0.8015625 0.2515625000000001 0.7625 0.2515625000000001 0.7625 0.3125000000000001 0.8015625 0.3125000000000001
2 0.5984375 0.2671875000000001 0.5703125 0.2671875000000001 0.5703125 0.3500000000000001 0.5984375 0.3500000000000001
2 0.6328125 0.2921875000000001 0.609375 0.2921875000000001 0.609375 0.3968750000000001 0.6328125 0.3968750000000001
0 0.5546875 0.3546875000000001 0.5390625 0.3546875000000001 0.5390625 0.3765625000000001 0.5546875 0.3765625000000001
2 0.34062500000000007 0.446875 0.3062500000000001 0.446875 0.3062500000000001 0.54375 0.34062500000000007 0.54375
2 0.3937500000000001 0.4625 0.37187500000000007 0.4625 0.37187500000000007 0.5578125 0.3937500000000001 0.5578125
2 0.5296875 0.459375 0.503125 0.459375 0.503125 0.5984375 0.5296875 0.5984375
2 0.90625 0.5046875000000002 0.865625 0.5046875000000002 0.865625 0.6453125000000002 0.90625 0.6453125000000002
2 0.840625 0.7062500000000002 0.809375 0.7062500000000002 0.809375 0.8703125 0.840625 0.8703125
1 0.16406250000000006 0.3546875 0.11406250000000004 0.3546875 0.11406250000000004 0.5 0.16406250000000006 0.5