2 0.09218750000000002 0.159375 0.06718750000000002 0.159375 0.06718750000000002 0.25625 0.09218750000000002 0.25625
2 0.484375 0.2296875000000001 0.453125 0.2296875000000001 0.453125 0.35625000000000007 0.484375 0.35625000000000007
2 0.71875 0.2453125000000001 0.684375 0.2453125000000001 0.684375 0.37187500000000007 0.71875 0.37187500000000007
2 0.04843750000000004 0.309375 0.004687500000000037 0.309375 0.0046875000000000475 0.459375 0.04843750000000006 0.459375
2 0.9296875 0.3593750000000001 0.884375 0.3593750000000001 0.884375 0.42968750000000017 0.9296875 0.42968750000000017
2 0.878125 0.3781250000000001 0.8140625 0.3781250000000001 0.8140625 0.42500000000000016 0.878125 0.42500000000000016
2 0.35937500000000006 0.3390625 0.321875 0.3390625 0.321875 0.4984375 0.3593750000000001 0.4984375
2 0.6359375 0.409375 0.6015625 0.409375 0.6015625 0.5296875 0.6359375 0.5296875
2 0.74375 0.45781250000000007 0.703125 0.4578125 0.703125 0.5750000000000001 0.74375 0.5750000000000002
0 0.5796875 0.528125 0.565625 0.528125 0.565625 0.559375 0.5796875 0.559375
1 0.7640625 0.2875000000000001 0.71875 0.2875000000000001 0.71875 0.4437500000000001 0.7640625 0.4437500000000002