2 0.4375 0.17031250000000003 0.4078125 0.17031250000000003 0.4078125 0.2593750000000001 0.4375 0.2593750000000001
2 0.865625 0.21093750000000008 0.8390625 0.21093750000000008 0.8390625 0.3078125000000001 0.865625 0.3078125000000001
2 0.615625 0.2140625000000001 0.584375 0.2140625000000001 0.584375 0.3218750000000001 0.615625 0.3218750000000001
2 1 0.2406250000000001 0.9640625 0.2406250000000001 0.9640625 0.3296875000000001 1 0.3296875000000001
2 0.04843750000000005 0.3234375 0.00937500000000004 0.3234375 0.009375000000000046 0.4359375 0.04843750000000006 0.4359375
2 0.5375 0.32500000000000007 0.5109375 0.32500000000000007 0.5109375 0.4390625 0.5375 0.4390625
3 0.865625 0.34062500000000007 0.828125 0.34062500000000007 0.828125 0.4625000000000002 0.865625 0.4625000000000002
2 0.403125 0.3453125000000001 0.3734375 0.3453125000000001 0.37343750000000003 0.4609375 0.403125 0.4609375
0 0.3937500000000001 0.4296875 0.3765625000000001 0.4296875 0.3765625000000001 0.4671875 0.3937500000000001 0.4671875
2 0.3187500000000001 0.45 0.3000000000000001 0.45 0.3000000000000001 0.5828125 0.3187500000000001 0.5828125
2 0.7078125 0.48125 0.6828125 0.48125 0.6828125 0.6 0.7078125 0.6
2 0.465625 0.5375 0.425 0.5375 0.425 0.68125 0.465625 0.68125
2 0.58125 0.6171875 0.5609375 0.6171875 0.5609375000000001 0.7515625 0.5812500000000002 0.7515625