2 0.4703125 0.17968750000000006 0.4578125 0.17968750000000006 0.4578125 0.2328125000000001 0.4703125 0.2328125000000001
2 0.4453125 0.18437500000000004 0.425 0.18437500000000004 0.425 0.2390625000000001 0.4453125 0.2390625000000001
2 0.6015625 0.18906250000000008 0.58125 0.18906250000000008 0.58125 0.2531250000000001 0.6015625 0.2531250000000001
2 0.2703125 0.19687500000000005 0.2484375 0.19687500000000005 0.2484375 0.2609375 0.2703125 0.2609375
2 0.584375 0.2156250000000001 0.5671875 0.2156250000000001 0.5671875 0.2796875000000001 0.584375 0.2796875000000001
3 0.3484375 0.23125 0.3265625 0.23125 0.3265625 0.2921875 0.3484375 0.2921875
2 0.14531250000000004 0.2421875 0.12812500000000004 0.2421875 0.12812500000000004 0.3015625 0.14531250000000004 0.3015625
2 0.5640625 0.2468750000000001 0.54375 0.2468750000000001 0.54375 0.3109375000000001 0.5640625 0.3109375000000001
2 0.11562500000000005 0.2796875 0.09218750000000005 0.2796875 0.09218750000000005 0.3671875 0.11562500000000005 0.3671875
2 0.6640625 0.2968750000000001 0.6453125 0.2968750000000001 0.6453125 0.37968750000000007 0.6640625 0.37968750000000007
2 0.4859375 0.3125000000000001 0.4640625 0.3125000000000001 0.4640625 0.37187500000000007 0.4859375 0.37187500000000007
2 0.60625 0.3109375000000001 0.59375 0.3109375000000001 0.59375 0.3812500000000001 0.60625 0.3812500000000001
2 0.571875 0.3078125000000001 0.546875 0.3078125000000001 0.546875 0.3859375000000001 0.571875 0.3859375000000001
2 0.6359375 0.3218750000000001 0.615625 0.3218750000000001 0.615625 0.3968750000000001 0.6359375 0.3968750000000001
2 0.384375 0.32656250000000003 0.3609375 0.3265625 0.3609375 0.41875 0.3843750000000001 0.41875
2 0.5453125 0.40625 0.521875 0.40625 0.521875 0.5046875 0.5453125 0.5046875
2 0.565625 0.6046875 0.5421875 0.6046875 0.5421875 0.7140625 0.565625 0.7140625
2 0.5828125000000002 0.8046875 0.5468750000000002 0.8046875 0.5468750000000002 0.9265625 0.5828125000000002 0.9265625
1 0.8234375 0.26250000000000007 0.7984375 0.26250000000000007 0.7984375 0.3531250000000001 0.8234375 0.3531250000000001