2 0.4703125 0.14218750000000005 0.4375 0.14218750000000005 0.4375 0.2453125000000001 0.4703125 0.2453125000000001
2 0.30625 0.14531250000000004 0.2765625 0.14531250000000004 0.2765625 0.25 0.30625 0.25
2 0.029687500000000026 0.1765625 0.007812500000000023 0.1765625 0.007812500000000028 0.2765625 0.029687500000000033 0.2765625
3 0.18593750000000003 0.2640625 0.14843750000000006 0.2640625 0.14843750000000006 0.39375 0.18593750000000003 0.39375
2 0.7 0.3546875000000001 0.6703125 0.3546875000000001 0.6703125 0.4765625 0.7 0.4765625
2 0.4234375 0.3984375000000001 0.38750000000000007 0.3984375000000001 0.38750000000000007 0.5359375 0.4234375 0.5359375
2 0.7796875 0.42187500000000017 0.7453125 0.42187500000000017 0.7453125 0.5312500000000002 0.7796875 0.5312500000000002
2 0.80625 0.44531250000000017 0.7765625 0.44531250000000017 0.7765625 0.5781250000000002 0.80625 0.5781250000000002
2 0.16093750000000007 0.440625 0.12968750000000004 0.440625 0.12968750000000007 0.590625 0.1609375000000001 0.590625
0 0.825 0.5062500000000002 0.8078125 0.5062500000000002 0.8078125 0.5406250000000001 0.825 0.5406250000000001
2 0.928125 0.6546875000000002 0.8890625 0.6546875000000002 0.8890625 0.8109375 0.928125 0.8109375
2 0.35625 0.012500000000000042 0.3328125 0.012500000000000039 0.3328125 0.13750000000000004 0.35625 0.13750000000000004
2 0.4937500000000002 0.94375 0.45312500000000017 0.94375 0.45312500000000017 1 0.4937500000000002 1
2 0.54375 0.07656250000000006 0.515625 0.07656250000000006 0.515625 0.17343750000000005 0.54375 0.17343750000000005