2 0.15625000000000006 0.365625 0.13906250000000003 0.365625 0.13906250000000003 0.4203125 0.15625000000000006 0.4203125
2 0.09843750000000004 0.3671875 0.07968750000000005 0.3671875 0.07968750000000005 0.4390625 0.09843750000000004 0.4390625
2 0.2671875000000001 0.3734375 0.2468750000000001 0.3734375 0.2468750000000001 0.46875 0.2671875000000001 0.46875
2 0.19218750000000004 0.390625 0.17500000000000004 0.390625 0.17500000000000004 0.4875 0.19218750000000004 0.4875
2 0.3062500000000001 0.409375 0.2812500000000001 0.409375 0.2812500000000001 0.4875 0.3062500000000001 0.4875
2 0.15156250000000004 0.4109375 0.12656250000000005 0.4109375 0.12656250000000005 0.4921875 0.15156250000000004 0.4921875
2 0.2515625000000001 0.428125 0.23437500000000008 0.428125 0.23437500000000008 0.503125 0.2515625000000001 0.503125
2 0.7265625 0.4921875000000001 0.703125 0.4921875 0.703125 0.6078125000000001 0.7265625 0.6078125000000002
2 0.403125 0.5171875 0.3750000000000001 0.5171875 0.3750000000000001 0.6015625 0.403125 0.6015625
2 0.6140625 0.5328125 0.59375 0.5328125 0.59375 0.6390625 0.6140625 0.6390625
2 0.3765625000000001 0.5921875 0.3625000000000001 0.5921875 0.3625000000000001 0.6890625 0.3765625000000001 0.6890625
2 0.915625 0.6171875000000002 0.9046875 0.6171875000000002 0.9046875 0.7078125000000002 0.915625 0.7078125000000002
1 0.35468750000000004 0.3421875 0.3265625 0.3421875 0.32656250000000003 0.4421875 0.3546875000000001 0.4421875