3 0.9765625 0.17343750000000013 0.9453125 0.17343750000000013 0.9453125 0.2593750000000001 0.9765625 0.2593750000000001
2 0.8328125 0.25468750000000007 0.80625 0.25468750000000007 0.80625 0.34843750000000007 0.8328125 0.34843750000000007
2 0.7578125 0.2765625000000001 0.73125 0.2765625000000001 0.73125 0.3546875000000001 0.7578125 0.3546875000000001
2 0.6859375 0.2843750000000001 0.6515625 0.2843750000000001 0.6515625 0.3671875000000001 0.6859375 0.3671875000000001
2 0.8765625 0.3000000000000001 0.8328125 0.3000000000000001 0.8328125 0.3859375000000001 0.8765625 0.3859375000000001
2 0.578125 0.3312500000000001 0.5546875 0.3312500000000001 0.5546875 0.4265625 0.578125 0.4265625
2 0.4765625 0.36406250000000007 0.4265625 0.36406250000000007 0.4265625 0.4734375 0.4765625 0.4734375
2 0.6734375 0.3906250000000001 0.634375 0.3906250000000001 0.634375 0.4703125 0.6734375 0.4703125
2 0.5890625 0.3968750000000001 0.55625 0.3968750000000001 0.55625 0.496875 0.5890625 0.496875
2 0.44375 0.39531250000000007 0.4 0.39531250000000007 0.4 0.5234375 0.44375 0.5234375
2 0.3515625000000001 0.44375 0.31718750000000007 0.44375 0.31718750000000007 0.565625 0.3515625000000001 0.565625
2 0.678125 0.4546875 0.634375 0.4546875 0.634375 0.5734375 0.678125 0.5734375
2 0.2906250000000001 0.4640625 0.2609375000000001 0.4640625 0.2609375000000001 0.58125 0.2906250000000001 0.58125
2 0.12968750000000007 0.4671875 0.10937500000000004 0.4671875 0.10937500000000007 0.5890625 0.1296875000000001 0.5890625
2 0.18906250000000008 0.478125 0.16875000000000004 0.478125 0.16875000000000007 0.6 0.18906250000000008 0.6
2 0.709375 0.5078125 0.675 0.5078125 0.675 0.6125 0.709375 0.6125
3 0.6187500000000001 0.6625 0.5796875 0.6625 0.5796875000000001 0.8125 0.6187500000000001 0.8125
1 0.2234375000000001 0.3703125 0.18906250000000005 0.3703125 0.18906250000000005 0.528125 0.2234375000000001 0.528125