2 0.5203125 0.2765625000000001 0.4921875 0.2765625000000001 0.4921875 0.3734375000000001 0.5203125 0.3734375000000001
2 0.953125 0.2843750000000001 0.925 0.2843750000000001 0.925 0.3703125000000001 0.953125 0.3703125000000001
2 0.578125 0.3125000000000001 0.5484375 0.3125000000000001 0.5484375 0.3968750000000001 0.578125 0.3968750000000001
2 0.9109375 0.33281250000000007 0.8796875 0.33281250000000007 0.8796875 0.4187500000000002 0.9109375 0.4187500000000002
2 0.453125 0.3390625000000001 0.4265625 0.3390625000000001 0.4265625 0.4109375 0.453125 0.4109375
2 1 0.3765625000000001 0.98125 0.3765625000000001 0.98125 0.4468750000000002 1 0.4468750000000002
2 0.6671875 0.3890625000000001 0.6390625 0.3890625000000001 0.6390625 0.4921875 0.6671875 0.4921875
2 0.3781250000000001 0.40625 0.3468750000000001 0.40625 0.3468750000000001 0.515625 0.3781250000000001 0.515625
2 0.4453125 0.4671875 0.4140625 0.4671875 0.4140625 0.55 0.4453125 0.55
2 0.2968750000000001 0.4734375 0.27031250000000007 0.4734375 0.27031250000000007 0.5609375 0.2968750000000001 0.5609375
2 0.6859375 0.4734375 0.6546875 0.4734375 0.6546875 0.575 0.6859375 0.575
3 0.7546875 0.5390625000000001 0.7234375 0.5390625 0.7234375 0.6453125000000001 0.7546875 0.6453125000000002
2 0.1765625000000001 0.60625 0.1437500000000001 0.60625 0.1437500000000001 0.73125 0.1765625000000001 0.73125
2 0.5203125000000002 0.728125 0.47968750000000016 0.728125 0.47968750000000016 0.85 0.5203125000000002 0.85