2 0.628125 0.2671875000000001 0.615625 0.2671875000000001 0.615625 0.3062500000000001 0.628125 0.3062500000000001
2 0.590625 0.27031250000000007 0.5828125 0.27031250000000007 0.5828125 0.3062500000000001 0.590625 0.3062500000000001
2 0.6109375 0.2875000000000001 0.6 0.2875000000000001 0.6 0.3281250000000001 0.6109375 0.3281250000000001
2 0.7015625 0.2921875000000001 0.690625 0.2921875000000001 0.690625 0.3343750000000001 0.7015625 0.3343750000000001
2 0.625 0.3000000000000001 0.6125 0.3000000000000001 0.6125 0.3359375000000001 0.625 0.3359375000000001
2 0.8359375 0.2843750000000001 0.821875 0.2843750000000001 0.821875 0.3593750000000001 0.8359375 0.3593750000000001
2 0.79375 0.30937500000000007 0.784375 0.30937500000000007 0.784375 0.3500000000000001 0.79375 0.3500000000000001
2 0.7109375 0.3265625000000001 0.7015625 0.3265625000000001 0.7015625 0.3843750000000001 0.7109375 0.3843750000000001
2 0.9328125 0.3375000000000001 0.9234375 0.3375000000000001 0.9234375 0.3906250000000001 0.9328125 0.3906250000000001
2 0.7734375 0.3421875000000001 0.7609375 0.3421875000000001 0.7609375 0.4000000000000002 0.7734375 0.4000000000000002
2 0.903125 0.34843750000000007 0.8875 0.34843750000000007 0.8875 0.4031250000000002 0.903125 0.4031250000000002
2 0.18125000000000005 0.35625 0.16562500000000005 0.35625 0.16562500000000005 0.4015625 0.18125000000000005 0.4015625
3 0.546875 0.34843750000000007 0.534375 0.34843750000000007 0.534375 0.415625 0.546875 0.415625
2 0.21875000000000006 0.359375 0.19843750000000004 0.359375 0.19843750000000004 0.4109375 0.21875000000000008 0.4109375
2 0.5609375 0.3578125000000001 0.5453125 0.3578125000000001 0.5453125 0.4109375 0.5609375 0.4109375
2 0.6515625 0.3656250000000001 0.63125 0.3656250000000001 0.63125 0.43125 0.6515625 0.43125
2 0.2812500000000001 0.38125 0.2593750000000001 0.38125 0.2593750000000001 0.4390625 0.2812500000000001 0.4390625
2 1 0.41718750000000016 0.984375 0.41718750000000016 0.984375 0.5031250000000002 1 0.5031250000000002
2 0.746875 0.46093750000000017 0.7328125 0.46093750000000017 0.7328125 0.5203125000000002 0.746875 0.5203125000000002
2 0.5890625 0.5078125 0.5703125 0.5078125 0.5703125 0.5671875 0.5890625 0.5671875