2 0.21875 0.25625 0.19218750000000004 0.25625 0.19218750000000004 0.321875 0.21875 0.321875
2 0.4390625 0.2796875000000001 0.4125 0.2796875000000001 0.4125 0.3546875000000001 0.4390625 0.3546875000000001
2 0.5046875 0.3265625000000001 0.48125 0.3265625000000001 0.48125 0.4171875 0.5046875 0.4171875
2 0.4265625 0.3578125000000001 0.4 0.3578125000000001 0.4 0.425 0.4265625 0.425
2 0.3187500000000001 0.365625 0.2890625000000001 0.365625 0.2890625000000001 0.4640625 0.3187500000000001 0.4640625
2 0.621875 0.37187500000000007 0.603125 0.37187500000000007 0.603125 0.4796875 0.621875 0.4796875
2 0.615625 0.415625 0.5921875 0.415625 0.5921875 0.49375 0.615625 0.49375
2 0.7296875 0.4484375000000001 0.709375 0.4484375 0.709375 0.5484375000000001 0.7296875 0.5484375000000001
2 0.534375 0.4640625 0.50625 0.4640625 0.50625 0.553125 0.534375 0.553125
3 0.16718750000000007 0.4859375 0.13906250000000003 0.4859375 0.13906250000000006 0.59375 0.1671875000000001 0.59375
2 0.5953125 0.5015625 0.56875 0.5015625 0.56875 0.590625 0.5953125 0.590625
0 0.509375 0.5421875 0.49375 0.5421875 0.49375 0.5765625 0.509375 0.5765625
2 0.809375 0.5109375000000002 0.78125 0.5109375000000002 0.78125 0.6515625000000002 0.809375 0.6515625000000002
2 0.8296875 0.5750000000000002 0.8046875 0.5750000000000002 0.8046875 0.7031250000000002 0.8296875 0.7031250000000002
2 0.6203125 0.6 0.5765625 0.6 0.5765625 0.709375 0.6203125 0.709375
2 0.6640625000000001 0.6125 0.621875 0.6125 0.6218750000000001 0.7296875 0.6640625000000002 0.7296875
2 0.8828125 0.6375000000000002 0.8484375 0.6375000000000002 0.8484375 0.7546875000000002 0.8828125 0.7546875000000002
2 0.31718750000000007 0.6453125 0.2718750000000001 0.6453125 0.2718750000000001 0.775 0.31718750000000007 0.775
2 0.05312500000000011 0.8984375 0.01875000000000011 0.8984375 0.018750000000000117 0.996875 0.05312500000000011 0.996875
1 0.746875 0.2796875000000001 0.7078125 0.2796875000000001 0.7078125 0.3734375000000001 0.746875 0.3734375000000001