2 0.4140625 0.2750000000000001 0.39375 0.2750000000000001 0.39375 0.35625000000000007 0.4140625 0.35625000000000007
2 0.5296875 0.30156250000000007 0.4953125 0.30156250000000007 0.4953125 0.3859375000000001 0.5296875 0.3859375000000001
2 0.5921875 0.3078125000000001 0.565625 0.3078125000000001 0.565625 0.4140625 0.5921875 0.4140625
2 0.04062500000000005 0.3703125 0.010937500000000044 0.3703125 0.010937500000000051 0.475 0.04062500000000006 0.475
2 0.5265625 0.3828125000000001 0.5 0.3828125000000001 0.5 0.490625 0.5265625 0.490625
2 0.4015625 0.3968750000000001 0.3750000000000001 0.3968750000000001 0.3750000000000001 0.4765625 0.4015625 0.4765625
0 0.4578125 0.4265625 0.4390625 0.4265625 0.4390625 0.45625 0.4578125 0.45625
2 0.7234375 0.421875 0.6953125 0.421875 0.6953125 0.525 0.7234375 0.525
3 0.19375000000000003 0.4234375 0.16406250000000006 0.4234375 0.16406250000000006 0.53125 0.19375000000000003 0.53125
2 0.4734375 0.4234375 0.446875 0.4234375 0.446875 0.54375 0.4734375 0.54375
2 0.771875 0.4546875000000002 0.7375 0.4546875000000002 0.7375 0.5828125000000002 0.771875 0.5828125000000002
2 0.8296875 0.4656250000000002 0.7953125 0.4656250000000002 0.7953125 0.5796875000000001 0.8296875 0.5796875000000001
2 0.621875 0.4703125 0.5921875 0.4703125 0.5921875 0.5984375 0.621875 0.5984375
2 0.3578125000000001 0.6265625 0.3218750000000001 0.6265625 0.3218750000000001 0.7671875 0.3578125000000001 0.7671875
1 0.9921875 0.2562500000000001 0.9359375 0.2562500000000001 0.9359375 0.3546875000000001 0.9921875 0.3546875000000001