2 0.75625 0.2406250000000001 0.73125 0.2406250000000001 0.73125 0.3234375000000001 0.75625 0.3234375000000001
2 0.6859375 0.24375000000000008 0.65625 0.24375000000000008 0.65625 0.3343750000000001 0.6859375 0.3343750000000001
2 0.6328125 0.2718750000000001 0.603125 0.2718750000000001 0.603125 0.38750000000000007 0.6328125 0.38750000000000007
2 0.771875 0.29375000000000007 0.7484375 0.29375000000000007 0.7484375 0.3859375000000001 0.771875 0.3859375000000001
2 0.5203125 0.33281250000000007 0.4984375 0.33281250000000007 0.4984375 0.4546875 0.5203125 0.4546875
2 0.46875 0.3671875000000001 0.44375 0.3671875000000001 0.44375 0.4875 0.46875 0.4875
2 0.3890625000000001 0.38906250000000003 0.3593750000000001 0.3890625 0.3593750000000001 0.490625 0.3890625000000001 0.490625
2 0.3625000000000001 0.425 0.3359375000000001 0.425 0.3359375000000001 0.5296875 0.3625000000000001 0.5296875
2 0.5546875 0.4328125 0.5203125 0.4328125 0.5203125 0.55 0.5546875 0.55
2 0.2687500000000001 0.44375 0.24375000000000008 0.44375 0.24375000000000008 0.565625 0.2687500000000001 0.565625
2 0.19218750000000007 0.459375 0.16562500000000005 0.459375 0.16562500000000008 0.5734375 0.1921875000000001 0.5734375
2 0.634375 0.478125 0.6 0.478125 0.6 0.571875 0.634375 0.571875
2 0.10468750000000007 0.4734375 0.07187500000000006 0.4734375 0.07187500000000006 0.61875 0.10468750000000009 0.61875
2 0.15468750000000006 0.4953125 0.12343750000000005 0.4953125 0.12343750000000006 0.6015625 0.1546875000000001 0.6015625
3 0.5546875000000001 0.6328125 0.5234375 0.6328125 0.5234375000000001 0.809375 0.5546875000000002 0.809375
2 0.9046875 0.6484375000000002 0.884375 0.6484375000000002 0.884375 0.8078125 0.9046875 0.8078125
1 0.18281250000000004 0.3890625 0.14375000000000004 0.3890625 0.14375000000000004 0.5 0.18281250000000004 0.5
3 0.915625 0.17812500000000012 0.8859375 0.1781250000000001 0.8859375 0.2734375000000001 0.915625 0.2734375000000001