2 1 0.16875000000000012 0.9859375 0.16875000000000012 0.9859375 0.24375000000000008 1 0.24375000000000008
2 0.784375 0.2734375000000001 0.7640625 0.2734375000000001 0.7640625 0.3453125000000001 0.784375 0.3453125000000001
2 0.6796875 0.27031250000000007 0.6578125 0.27031250000000007 0.6578125 0.35625000000000007 0.6796875 0.35625000000000007
2 0.575 0.3656250000000001 0.55 0.3656250000000001 0.55 0.4546875 0.575 0.4546875
2 0.7140625 0.4234375 0.6796875 0.4234375 0.6796875 0.5140625 0.7140625 0.5140625
2 0.43125 0.459375 0.3859375000000001 0.459375 0.3859375000000001 0.5390625 0.43125 0.5390625
2 0.2843750000000001 0.4875 0.2500000000000001 0.4875 0.2500000000000001 0.584375 0.2843750000000001 0.584375
2 0.4890625 0.4859375 0.45625 0.4859375 0.45625 0.5875 0.4890625 0.5875
2 0.2406250000000001 0.521875 0.2171875000000001 0.521875 0.2171875000000001 0.621875 0.2406250000000001 0.621875
0 0.4953125 0.559375 0.46875 0.559375 0.46875 0.5984375 0.4953125 0.5984375
2 0.6328125 0.5234375 0.6015625 0.5234375 0.6015625 0.6421875 0.6328125 0.6421875
2 0.1281250000000001 0.5859375 0.10937500000000008 0.5859375 0.10937500000000008 0.7109375 0.1281250000000001 0.7109375
3 0.6859375 0.6 0.65625 0.6 0.65625 0.725 0.6859375 0.725
2 0.0546875000000001 0.6796875 0.025000000000000078 0.6796875 0.025000000000000088 0.825 0.05468750000000011 0.825
2 1 0.6968750000000001 0.98125 0.6968750000000001 0.98125 0.846875 1 0.846875
2 0.37187500000000007 0.7390625 0.3375000000000001 0.7390625 0.3375000000000001 0.86875 0.37187500000000007 0.86875
2 0.4281250000000002 0.7921875 0.3937500000000001 0.7921875 0.3937500000000001 0.953125 0.4281250000000002 0.953125
1 0.2109375 0.2515625 0.16562500000000005 0.2515625 0.16562500000000005 0.3578125 0.2109375 0.3578125