2 0.8828125 0.1859375000000001 0.8625 0.1859375000000001 0.8625 0.2578125000000001 0.8828125 0.2578125000000001
2 0.8671875 0.2234375000000001 0.8484375 0.2234375000000001 0.8484375 0.30937500000000007 0.8671875 0.30937500000000007
2 0.7765625 0.2390625000000001 0.746875 0.2390625000000001 0.746875 0.3312500000000001 0.7765625 0.3312500000000001
2 0.6328125 0.2953125000000001 0.6015625 0.2953125000000001 0.6015625 0.3984375000000001 0.6328125 0.3984375000000001
2 0.584375 0.3375000000000001 0.5453125 0.3375000000000001 0.5453125 0.44375 0.584375 0.44375
2 0.8203125 0.3531250000000001 0.796875 0.3531250000000001 0.796875 0.4468750000000002 0.8203125 0.4468750000000002
2 0.4328125 0.3937500000000001 0.4015625 0.3937500000000001 0.4015625 0.5 0.4328125 0.5
2 0.37968750000000007 0.4296875 0.3500000000000001 0.4296875 0.3500000000000001 0.5578125 0.37968750000000007 0.5578125
2 0.30156250000000007 0.4609375 0.2765625000000001 0.4609375 0.2765625000000001 0.571875 0.30156250000000007 0.571875
2 0.2453125000000001 0.521875 0.22812500000000008 0.521875 0.22812500000000008 0.6609375 0.2453125000000001 0.6609375
2 0.578125 0.5296875 0.5390625 0.5296875 0.5390625 0.6625 0.578125 0.6625
3 1 0.5593750000000002 0.975 0.5593750000000002 0.975 0.7078125000000002 1 0.7078125000000002
0 0.27031250000000007 0.6171875 0.2453125000000001 0.6171875 0.2453125000000001 0.6578125 0.27031250000000007 0.6578125
2 0.3656250000000001 0.6390625 0.3281250000000001 0.6390625 0.3281250000000001 0.803125 0.3656250000000001 0.803125
2 0.7031250000000001 0.703125 0.6765625 0.703125 0.6765625000000001 0.878125 0.7031250000000002 0.878125
2 0.30156250000000007 0.778125 0.2671875000000001 0.778125 0.2671875000000001 0.934375 0.30156250000000007 0.934375
1 0.440625 0.15937500000000004 0.390625 0.15937500000000004 0.390625 0.2875000000000001 0.440625 0.2875000000000001