2 0.6765625 0.3187500000000001 0.6515625 0.3187500000000001 0.6515625 0.434375 0.6765625 0.434375
2 0.3140625 0.3546875 0.26875 0.3546875 0.26875000000000004 0.4734375 0.3140625000000001 0.4734375
2 0.8140625 0.34843750000000007 0.7734375 0.34843750000000007 0.7734375 0.48437500000000017 0.8140625 0.48437500000000017
2 0.40625 0.4046875 0.3734375000000001 0.4046875 0.3734375000000001 0.534375 0.40625 0.534375
2 0.6921875 0.415625 0.6484375 0.415625 0.6484375 0.559375 0.6921875 0.559375
2 0.8203125 0.4859375000000002 0.78125 0.4859375000000002 0.78125 0.6281250000000002 0.8203125 0.6281250000000002
2 0.5421875 0.4921875 0.503125 0.4921875 0.503125 0.628125 0.5421875 0.628125
2 0.4625 0.5140625 0.4203125 0.5140625 0.4203125 0.65625 0.4625 0.65625
2 0.18125000000000008 0.5 0.15156250000000004 0.5 0.15156250000000007 0.6828125 0.18125000000000008 0.6828125
2 0.4984375 0.5296875 0.4671875 0.5296875 0.4671875 0.678125 0.4984375 0.678125
3 0.85625 0.6562500000000002 0.796875 0.6562500000000002 0.7968750000000001 0.7281250000000001 0.85625 0.7281250000000001
2 0.7750000000000001 0.8546875 0.7406250000000002 0.8546875 0.7406250000000002 0.9984375 0.7750000000000001 0.9984375
1 0.3703125000000001 0.428125 0.2906250000000001 0.428125 0.2906250000000001 0.5609375 0.3703125000000001 0.5609375