2 0.846875 0.2640625000000001 0.8203125 0.2640625000000001 0.8203125 0.3437500000000001 0.846875 0.3437500000000001
2 0.496875 0.2984375000000001 0.4765625 0.2984375000000001 0.4765625 0.3687500000000001 0.496875 0.3687500000000001
2 0.453125 0.2906250000000001 0.428125 0.2906250000000001 0.428125 0.3828125000000001 0.453125 0.3828125000000001
2 0.36718750000000006 0.32500000000000007 0.3453125 0.325 0.3453125 0.39687500000000003 0.3671875000000001 0.3968750000000001
2 0.746875 0.3218750000000001 0.715625 0.3218750000000001 0.715625 0.4062500000000001 0.746875 0.40625000000000017
0 0.7140625 0.3781250000000001 0.69375 0.3781250000000001 0.69375 0.4125 0.7140625 0.4125
2 0.9171875 0.3531250000000001 0.890625 0.3531250000000001 0.890625 0.4390625000000002 0.9171875 0.4390625000000002
2 0.3812500000000001 0.39687500000000003 0.3609375000000001 0.396875 0.3609375000000001 0.496875 0.3812500000000001 0.496875
2 0.59375 0.409375 0.5671875 0.409375 0.5671875 0.5 0.59375 0.5
2 0.4171875 0.459375 0.3921875000000001 0.459375 0.3921875000000001 0.5484375 0.4171875 0.5484375
2 0.634375 0.4640625 0.60625 0.4640625 0.60625 0.575 0.634375 0.575
2 0.2656250000000001 0.4796875 0.2390625000000001 0.4796875 0.2390625000000001 0.590625 0.2656250000000001 0.590625
3 0.7515625 0.5109375000000002 0.7265625 0.5109375000000002 0.7265625 0.6078125000000002 0.7515625 0.6078125000000002
2 0.1843750000000001 0.66875 0.14843750000000008 0.66875 0.14843750000000008 0.784375 0.1843750000000001 0.784375
2 0.5796875000000001 0.790625 0.5546875000000002 0.790625 0.5546875000000002 0.9015625 0.5796875000000001 0.9015625
3 0.4390625 0.2062500000000001 0.41875 0.2062500000000001 0.41875 0.2765625000000001 0.4390625 0.2765625000000001