2 0.7078125 0.24375000000000008 0.6859375 0.24375000000000008 0.6859375 0.30937500000000007 0.7078125 0.30937500000000007
2 0.4671875 0.3281250000000001 0.440625 0.3281250000000001 0.440625 0.4234375 0.4671875 0.4234375
0 0.534375 0.3625000000000001 0.515625 0.3625000000000001 0.515625 0.3968750000000001 0.534375 0.3968750000000001
2 0.7359375 0.3359375000000001 0.7125 0.3359375000000001 0.7125 0.4359375000000001 0.7359375 0.4359375000000002
2 0.9984375 0.3390625000000001 0.9765625 0.3390625000000001 0.9765625 0.44531250000000017 0.9984375 0.44531250000000017
2 0.4328125 0.35625000000000007 0.4109375 0.35625000000000007 0.4109375 0.4515625 0.4328125 0.4515625
2 0.34843750000000007 0.3703125 0.3265625000000001 0.3703125 0.3265625000000001 0.4703125 0.34843750000000007 0.4703125
2 0.3062500000000001 0.4390625 0.2890625000000001 0.4390625 0.2890625000000001 0.5484375 0.3062500000000001 0.5484375
2 0.2500000000000001 0.478125 0.23437500000000008 0.478125 0.23437500000000008 0.5921875 0.2500000000000001 0.5921875
2 0.2718750000000001 0.46875 0.2468750000000001 0.46875 0.2468750000000001 0.60625 0.2718750000000001 0.60625
2 0.2078125000000001 0.5 0.17656250000000004 0.5 0.17656250000000007 0.6109375 0.2078125000000001 0.6109375
2 0.2406250000000001 0.4984375 0.2062500000000001 0.4984375 0.2062500000000001 0.6140625 0.2406250000000001 0.6140625
2 0.17187500000000006 0.5046875 0.15156250000000004 0.5046875 0.15156250000000007 0.6140625 0.17187500000000008 0.6140625
2 0.06406250000000008 0.5171875 0.04687500000000007 0.5171875 0.04687500000000007 0.6421875 0.06406250000000009 0.6421875
2 0.09687500000000007 0.5515625 0.07187500000000006 0.5515625 0.07187500000000008 0.6515625 0.09687500000000009 0.6515625
2 0.509375 0.546875 0.4890625 0.546875 0.4890625 0.665625 0.509375 0.665625
2 0.675 0.625 0.6484375 0.625 0.6484375000000001 0.7609375 0.6750000000000002 0.7609375
3 0.4531250000000001 0.678125 0.428125 0.678125 0.4281250000000001 0.803125 0.45312500000000017 0.803125
3 0.79375 0.2390625000000001 0.75625 0.2390625000000001 0.75625 0.3109375000000001 0.79375 0.3109375000000001
1 0.17031250000000003 0.4 0.13593750000000004 0.4 0.13593750000000004 0.5421875 0.17031250000000003 0.5421875