2 0.8890625 0.09687500000000011 0.8546875 0.09687500000000011 0.8546875 0.2015625000000001 0.8890625 0.2015625000000001
2 0.571875 0.08906250000000007 0.5484375 0.08906250000000007 0.5484375 0.2171875000000001 0.571875 0.2171875000000001
2 0.425 0.15625000000000006 0.3984375 0.15625000000000006 0.3984375 0.2812500000000001 0.425 0.2812500000000001
2 0.2046875 2.2675100890462708e-17 0.165625 2.0283212610878037e-17 0.165625 0.051562500000000025 0.2046875 0.051562500000000025
3 0.06250000000000003 0.2484375 0.014062500000000028 0.2484375 0.014062500000000037 0.378125 0.06250000000000004 0.378125
2 0.2984375 3.5208595475486407e-17 0.2765625 3.386913803891899e-17 0.2765625 0.09843750000000004 0.2984375 0.09843750000000004
2 0.4078125 0.0015625000000000487 0.3875 0.0015625000000000471 0.3875 0.10937500000000004 0.4078125 0.10937500000000004
2 0.859375 0.4781250000000002 0.81875 0.4781250000000002 0.81875 0.6187500000000001 0.859375 0.6187500000000001
2 0.5796875 0.609375 0.5328125 0.609375 0.5328125 0.7015625 0.5796875 0.7015625
2 0.5875000000000001 0.66875 0.53125 0.66875 0.5312500000000001 0.790625 0.5875000000000001 0.790625
2 0.43437500000000007 0.7203125 0.3671875000000001 0.7203125 0.3671875000000001 0.8765625 0.4343750000000002 0.8765625
0 0.5812500000000002 0.8 0.5656250000000002 0.8 0.5656250000000002 0.8390625 0.5812500000000002 0.8390625