0 0.58125 0.3890625000000001 0.565625 0.3890625000000001 0.565625 0.41875 0.58125 0.41875
2 0.05937500000000005 0.3578125 0.03281250000000004 0.3578125 0.03281250000000005 0.471875 0.05937500000000007 0.471875
2 0.5453125 0.3750000000000001 0.521875 0.3750000000000001 0.521875 0.5140625 0.5453125 0.5140625
2 0.06093750000000007 0.459375 0.03593750000000005 0.459375 0.03593750000000006 0.5859375 0.06093750000000007 0.5859375
2 0.015625000000000062 0.46875 5.740531871003217e-17 0.46875 6.410260589286927e-17 0.578125 0.015625000000000073 0.578125
2 0.6953125 0.4734375 0.6578125 0.4734375 0.6578125 0.5734375 0.6953125 0.5734375
2 0.22656250000000008 0.4671875 0.2078125000000001 0.4671875 0.2078125000000001 0.603125 0.22656250000000008 0.603125
2 0.4734375 0.490625 0.4484375 0.490625 0.4484375 0.65 0.4734375 0.65
2 0.2921875000000001 0.7703125 0.2531250000000001 0.7703125 0.2531250000000001 0.9296875 0.2921875000000001 0.9296875
2 0.6578125000000001 0.9109375 0.6234375000000002 0.9109375 0.6234375000000002 1 0.6578125000000001 1
1 0.6171875 0.459375 0.5359375 0.459375 0.5359375 0.51875 0.6171875 0.51875