2 0.5125 0.11250000000000004 0.4859375 0.11250000000000004 0.4859375 0.20312500000000008 0.5125 0.20312500000000008
2 0.9984375 0.11718750000000014 0.9703125 0.11718750000000014 0.9703125 0.2140625000000001 0.9984375 0.2140625000000001
2 0.7390625 0.23593750000000008 0.715625 0.23593750000000008 0.715625 0.3312500000000001 0.7390625 0.3312500000000001
2 0.578125 0.2515625000000001 0.559375 0.2515625000000001 0.559375 0.3453125000000001 0.578125 0.3453125000000001
3 0.7609375 0.3031250000000001 0.7390625 0.3031250000000001 0.7390625 0.3921875000000001 0.7609375 0.3921875000000001
2 0.26562500000000006 0.3453125 0.2453125 0.3453125 0.24531250000000004 0.4484375 0.2656250000000001 0.4484375
2 0.3750000000000001 0.409375 0.3546875000000001 0.409375 0.3546875000000001 0.4984375 0.3750000000000001 0.4984375
2 0.734375 0.4609375000000001 0.7 0.4609375 0.7 0.5875000000000001 0.734375 0.5875000000000001
0 0.7234375 0.5453125 0.70625 0.5453125 0.70625 0.5984375 0.7234375 0.5984375
2 0.66875 0.02968750000000008 0.6546875 0.02968750000000008 0.6546875 0.0906250000000001 0.66875 0.0906250000000001
2 0.5484375 0.528125 0.5203125 0.528125 0.5203125 0.65 0.5484375 0.65
2 0.6859375 0.5671875 0.646875 0.5671875 0.646875 0.6890625 0.6859375 0.6890625
2 0.4265625000000002 0.846875 0.3984375000000001 0.846875 0.3984375000000001 0.9921875 0.4265625000000002 0.9921875
2 0.41875 0.09843750000000004 0.4015625 0.09843750000000004 0.4015625 0.17031250000000003 0.41875 0.17031250000000003