2 0.6265625 0.2656250000000001 0.621875 0.2656250000000001 0.621875 0.2921875000000001 0.6265625 0.2921875000000001
2 0.6640625 0.2640625000000001 0.6546875 0.2640625000000001 0.6546875 0.2984375000000001 0.6640625 0.2984375000000001
2 0.63125 0.2906250000000001 0.621875 0.2906250000000001 0.621875 0.3296875000000001 0.63125 0.3296875000000001
2 0.74375 0.2968750000000001 0.734375 0.2968750000000001 0.734375 0.33281250000000007 0.74375 0.33281250000000007
2 0.6515625 0.30156250000000007 0.6421875 0.30156250000000007 0.6421875 0.3453125000000001 0.6515625 0.3453125000000001
2 0.8578125 0.30156250000000007 0.8484375 0.30156250000000007 0.8484375 0.3468750000000001 0.8578125 0.3468750000000001
2 0.8203125 0.30937500000000007 0.80625 0.30937500000000007 0.80625 0.3546875000000001 0.8203125 0.3546875000000001
2 0.7359375 0.3296875000000001 0.7234375 0.3296875000000001 0.7234375 0.37968750000000007 0.7359375 0.37968750000000007
2 0.275 0.353125 0.2640625 0.353125 0.26406250000000003 0.3734375 0.2750000000000001 0.3734375
2 0.9609375 0.34843750000000007 0.946875 0.34843750000000007 0.946875 0.40156250000000016 0.9609375 0.40156250000000016
2 0.7984375 0.35625000000000007 0.7859375 0.35625000000000007 0.7859375 0.4031250000000002 0.7984375 0.4031250000000002
3 0.20156250000000003 0.35625 0.18750000000000006 0.35625 0.18750000000000006 0.4015625 0.2015625000000001 0.4015625
3 0.5796875 0.3625000000000001 0.5703125 0.3625000000000001 0.5703125 0.403125 0.5796875 0.403125
2 0.9265625 0.36406250000000007 0.9140625 0.36406250000000007 0.9140625 0.40937500000000016 0.9265625 0.40937500000000016
2 0.65625 0.3781250000000001 0.646875 0.3781250000000001 0.646875 0.425 0.65625 0.425
2 0.571875 0.37968750000000007 0.559375 0.37968750000000007 0.559375 0.425 0.571875 0.425
2 0.2812500000000001 0.38125 0.27031250000000007 0.38125 0.27031250000000007 0.4265625 0.2812500000000001 0.4265625
2 1 0.42968750000000017 0.9859375 0.42968750000000017 0.9859375 0.49218750000000017 1 0.49218750000000017
2 0.7171875 0.46875 0.703125 0.46875 0.703125 0.51875 0.7171875 0.51875
2 0.5859375 0.5046875 0.5671875 0.5046875 0.5671875 0.5640625 0.5859375 0.5640625