2 0.6953125 0.27031250000000007 0.6828125 0.27031250000000007 0.6828125 0.3031250000000001 0.6953125 0.3031250000000001
2 0.6796875 0.2875000000000001 0.665625 0.2875000000000001 0.665625 0.3265625000000001 0.6796875 0.3265625000000001
2 0.9421875 0.30156250000000007 0.93125 0.30156250000000007 0.93125 0.3421875000000001 0.9421875 0.3421875000000001
2 0.7015625 0.3046875000000001 0.6875 0.3046875000000001 0.6875 0.3390625000000001 0.7015625 0.3390625000000001
2 0.8203125 0.3062500000000001 0.80625 0.3062500000000001 0.80625 0.34062500000000007 0.8203125 0.34062500000000007
2 0.8875 0.3156250000000001 0.8734375 0.3156250000000001 0.8734375 0.3687500000000001 0.8875 0.3687500000000001
2 0.3453125 0.33125 0.33125 0.33125 0.33125000000000004 0.3703125 0.3453125000000001 0.3703125
2 0.7890625 0.3359375000000001 0.775 0.3359375000000001 0.775 0.3828125000000001 0.7890625 0.3828125000000001
2 0.19218750000000004 0.35625 0.18281250000000004 0.35625 0.18281250000000004 0.4015625 0.19218750000000004 0.4015625
2 0.8515625 0.3656250000000001 0.840625 0.3656250000000001 0.840625 0.4109375000000002 0.8515625 0.4109375000000002
3 0.625 0.3703125000000001 0.6125 0.3703125000000001 0.6125 0.4125 0.625 0.4125
2 1 0.37187500000000007 0.99375 0.37187500000000007 0.99375 0.43281250000000016 1 0.43281250000000016
2 0.2750000000000001 0.384375 0.2593750000000001 0.384375 0.2593750000000001 0.4296875 0.2750000000000001 0.4296875
2 0.6921875 0.3828125000000001 0.6765625 0.3828125000000001 0.6765625 0.4359375 0.6921875 0.4359375
2 0.5890625 0.3890625000000001 0.575 0.3890625000000001 0.575 0.4390625 0.5890625 0.4390625
2 0.709375 0.4875 0.6921875 0.4875 0.6921875 0.5515625 0.709375 0.5515625
2 0.5921875 0.525 0.578125 0.525 0.578125 0.5859375 0.5921875 0.5859375
2 0.728125 0.2578125000000001 0.7125 0.2578125000000001 0.7125 0.30156250000000007 0.728125 0.30156250000000007