2 0.4328125 0.3703125000000001 0.4234375 0.3703125000000001 0.4234375 0.4234375 0.4328125 0.4234375
2 0.4484375 0.3593750000000001 0.4390625 0.3593750000000001 0.4390625 0.4046875 0.4484375 0.4046875
2 0.4421875 0.3390625000000001 0.4359375 0.3390625000000001 0.4359375 0.3734375000000001 0.4421875 0.3734375000000001
2 0.4796875 0.3296875000000001 0.4734375 0.3296875000000001 0.4734375 0.3546875000000001 0.4796875 0.3546875000000001
2 0.48125 0.33281250000000007 0.475 0.33281250000000007 0.475 0.3625000000000001 0.48125 0.3625000000000001
2 0.4828125 0.3531250000000001 0.471875 0.3531250000000001 0.471875 0.3968750000000001 0.4828125 0.3968750000000001
2 0.475 0.3453125000000001 0.4671875 0.3453125000000001 0.4671875 0.3828125000000001 0.475 0.3828125000000001
2 0.5171875 0.3546875000000001 0.50625 0.3546875000000001 0.50625 0.3984375000000001 0.5171875 0.3984375000000001
2 0.525 0.3359375000000001 0.5171875 0.3359375000000001 0.5171875 0.3734375000000001 0.525 0.3734375000000001
2 0.7109375 0.36406250000000007 0.7046875 0.36406250000000007 0.7046875 0.3968750000000001 0.7109375 0.3968750000000001
2 0.571875 0.3609375000000001 0.565625 0.3609375000000001 0.565625 0.4046875 0.571875 0.4046875
2 0.565625 0.3593750000000001 0.55625 0.3593750000000001 0.55625 0.4015625 0.565625 0.4015625
2 0.55625 0.34062500000000007 0.5484375 0.34062500000000007 0.5484375 0.3734375000000001 0.55625 0.3734375000000001
2 0.421875 0.3437500000000001 0.4171875 0.3437500000000001 0.4171875 0.3734375000000001 0.421875 0.3734375000000001
2 0.39843750000000006 0.3578125000000001 0.3921875 0.3578125000000001 0.3921875 0.3921875000000001 0.3984375000000001 0.3921875000000001
2 0.3703125000000001 0.3734375000000001 0.36406250000000007 0.3734375000000001 0.36406250000000007 0.4140625 0.3703125000000001 0.4140625
2 0.3500000000000001 0.365625 0.3453125000000001 0.365625 0.3453125000000001 0.3953125 0.3500000000000001 0.3953125
2 0.3296875000000001 0.3765625 0.32500000000000007 0.3765625 0.32500000000000007 0.4078125 0.3296875000000001 0.4078125
2 0.3296875000000001 0.3875 0.32500000000000007 0.3875 0.32500000000000007 0.4203125 0.3296875000000001 0.4203125
2 0.2968750000000001 0.403125 0.2906250000000001 0.403125 0.2906250000000001 0.44375 0.2968750000000001 0.44375
2 0.2984375000000001 0.4484375 0.2906250000000001 0.4484375 0.2906250000000001 0.5078125 0.2984375000000001 0.5078125
2 0.27031250000000007 0.4328125 0.2640625000000001 0.4328125 0.2640625000000001 0.475 0.27031250000000007 0.475
2 0.25468750000000007 0.4140625 0.2468750000000001 0.4140625 0.2468750000000001 0.44375 0.25468750000000007 0.44375
0 0.2515625000000001 0.4203125 0.2484375000000001 0.4203125 0.2484375000000001 0.4265625 0.2515625000000001 0.4265625