2 0.4453125 0.3921875000000001 0.4375 0.3921875000000001 0.4375 0.4484375 0.4453125 0.4484375
2 0.4609375 0.37968750000000007 0.45 0.37968750000000007 0.45 0.4375 0.4609375 0.4375
2 0.41875 0.3453125000000001 0.4125 0.3453125000000001 0.4125 0.3750000000000001 0.41875 0.3750000000000001
2 0.478125 0.3609375000000001 0.4671875 0.3609375000000001 0.4671875 0.403125 0.478125 0.403125
2 0.4859375 0.34843750000000007 0.4765625 0.34843750000000007 0.4765625 0.3968750000000001 0.4859375 0.3968750000000001
2 0.675 0.35625000000000007 0.6703125 0.35625000000000007 0.6703125 0.3937500000000001 0.675 0.3937500000000001
2 0.21093750000000008 0.4359375 0.2078125000000001 0.4359375 0.2078125000000001 0.4546875 0.21093750000000008 0.4546875
2 0.22656250000000008 0.4328125 0.22031250000000008 0.4328125 0.22031250000000008 0.4625 0.22656250000000008 0.4625
2 0.20468750000000008 0.43125 0.2000000000000001 0.43125 0.2000000000000001 0.446875 0.20468750000000008 0.446875
2 0.2062500000000001 0.434375 0.2015625000000001 0.434375 0.2015625000000001 0.4625 0.2062500000000001 0.4625
2 0.2156250000000001 0.4421875 0.2093750000000001 0.4421875 0.2093750000000001 0.4734375 0.2156250000000001 0.4734375
2 0.2593750000000001 0.4171875 0.2531250000000001 0.4171875 0.2531250000000001 0.4546875 0.2593750000000001 0.4546875
2 0.2656250000000001 0.4046875 0.2609375000000001 0.4046875 0.2609375000000001 0.43125 0.2656250000000001 0.43125
2 0.2671875000000001 0.425 0.2609375000000001 0.425 0.2609375000000001 0.4671875 0.2671875000000001 0.4671875
2 0.28593750000000007 0.3984375 0.2812500000000001 0.3984375 0.2812500000000001 0.428125 0.28593750000000007 0.428125
2 0.19687500000000005 0.434375 0.19218750000000004 0.434375 0.19218750000000004 0.4609375 0.19687500000000005 0.4609375
2 0.19531250000000006 0.4421875 0.18906250000000005 0.4421875 0.18906250000000005 0.4703125 0.19531250000000006 0.4703125
2 0.19062500000000004 0.446875 0.18437500000000004 0.446875 0.18437500000000004 0.4734375 0.19062500000000004 0.4734375
2 0.18906250000000005 0.4640625 0.18281250000000004 0.4640625 0.18281250000000004 0.5015625 0.18906250000000005 0.5015625
2 0.17968750000000006 0.459375 0.17343750000000005 0.459375 0.17343750000000005 0.4890625 0.17968750000000006 0.4890625
2 0.16562500000000005 0.46875 0.16093750000000004 0.46875 0.16093750000000004 0.4984375 0.16562500000000005 0.4984375
2 0.16718750000000004 0.490625 0.16093750000000004 0.490625 0.16093750000000004 0.525 0.16718750000000004 0.525
0 0.28593750000000007 0.3578125 0.284375 0.3578125 0.28437500000000004 0.3640625 0.28593750000000007 0.3640625