2 0.55625 0.446875 0.5421875 0.446875 0.5421875 0.5375 0.55625 0.5375
2 0.5875 0.4578125 0.5765625 0.4578125 0.5765625 0.5484375 0.5875 0.5484375
2 0.5578125 0.3843750000000001 0.55 0.3843750000000001 0.55 0.4421875 0.5578125 0.4421875
2 0.525 0.3781250000000001 0.515625 0.3781250000000001 0.515625 0.43125 0.525 0.43125
2 0.50625 0.3546875000000001 0.5015625 0.3546875000000001 0.5015625 0.3968750000000001 0.50625 0.3968750000000001
2 0.503125 0.3531250000000001 0.496875 0.3531250000000001 0.496875 0.3984375000000001 0.503125 0.3984375000000001
2 0.3312500000000001 0.4703125 0.3218750000000001 0.4703125 0.3218750000000001 0.5359375 0.3312500000000001 0.5359375
2 0.3531250000000001 0.3734375 0.34843750000000007 0.3734375 0.34843750000000007 0.4078125 0.3531250000000001 0.4078125
2 0.2890625000000001 0.4234375 0.2828125000000001 0.4234375 0.2828125000000001 0.471875 0.2890625000000001 0.471875
2 0.2906250000000001 0.4015625 0.2843750000000001 0.4015625 0.2843750000000001 0.440625 0.2906250000000001 0.440625
2 0.75 0.3750000000000001 0.7453125 0.3750000000000001 0.7453125 0.4125000000000002 0.75 0.4125000000000002
2 0.16093750000000007 0.5359375 0.15156250000000004 0.5359375 0.15156250000000007 0.5921875 0.1609375000000001 0.5921875
2 0.1296875000000001 0.5625 0.12031250000000009 0.5625 0.12031250000000009 0.615625 0.1296875000000001 0.615625
2 0.09687500000000007 0.565625 0.09062500000000007 0.565625 0.09062500000000007 0.60625 0.09687500000000007 0.60625
2 0.09218750000000006 0.559375 0.08750000000000006 0.559375 0.08750000000000006 0.5875 0.09218750000000006 0.5875
2 0.11718750000000007 0.5296875 0.10781250000000005 0.5296875 0.10781250000000006 0.5765625 0.11718750000000008 0.5765625
2 0.09687500000000007 0.55 0.09062500000000007 0.55 0.09062500000000007 0.578125 0.09687500000000007 0.578125
2 0.17812500000000003 0.496875 0.16875000000000004 0.496875 0.16875000000000004 0.540625 0.17812500000000003 0.540625
2 0.19531250000000006 0.4828125 0.18750000000000006 0.4828125 0.18750000000000006 0.528125 0.19531250000000006 0.528125
2 0.2234375000000001 0.4796875 0.2140625000000001 0.4796875 0.2140625000000001 0.5328125 0.2234375000000001 0.5328125
2 0.25468750000000007 0.49375 0.24375000000000008 0.49375 0.24375000000000008 0.5515625 0.25468750000000007 0.5515625
2 0.21875000000000008 0.4484375 0.21250000000000008 0.4484375 0.21250000000000008 0.4859375 0.21875000000000008 0.4859375
2 0.19375000000000003 0.44375 0.18906250000000005 0.44375 0.18906250000000005 0.46875 0.19375000000000003 0.46875