2 0.46875 0.3906250000000001 0.459375 0.3906250000000001 0.459375 0.446875 0.46875 0.446875
2 0.4828125 0.3765625000000001 0.471875 0.3765625000000001 0.471875 0.4328125 0.4828125 0.4328125
2 0.4625 0.3531250000000001 0.453125 0.3531250000000001 0.453125 0.4 0.4625 0.4
2 0.4578125 0.3390625000000001 0.4515625 0.3390625000000001 0.4515625 0.36406250000000007 0.4578125 0.36406250000000007
2 0.4640625 0.3375000000000001 0.4578125 0.3375000000000001 0.4578125 0.3703125000000001 0.4640625 0.3703125000000001
2 0.5609375 0.3453125000000001 0.5546875 0.3453125000000001 0.5546875 0.38750000000000007 0.5609375 0.38750000000000007
2 0.6046875 0.3671875000000001 0.5984375 0.3671875000000001 0.5984375 0.409375 0.6046875 0.409375
2 0.584375 0.3296875000000001 0.578125 0.3296875000000001 0.578125 0.3609375000000001 0.584375 0.3609375000000001
2 0.621875 0.3515625000000001 0.6125 0.3515625000000001 0.6125 0.3734375000000001 0.621875 0.3734375000000001
2 0.621875 0.3343750000000001 0.6171875 0.3343750000000001 0.6171875 0.3609375000000001 0.621875 0.3609375000000001
2 0.6265625 0.3515625000000001 0.6203125 0.3515625000000001 0.6203125 0.3937500000000001 0.6265625 0.3937500000000001
2 0.6875 0.3984375000000001 0.6796875 0.3984375000000001 0.6796875 0.446875 0.6875 0.446875
2 0.659375 0.3531250000000001 0.6546875 0.3531250000000001 0.6546875 0.3843750000000001 0.659375 0.3843750000000001
2 0.65625 0.34062500000000007 0.65 0.34062500000000007 0.65 0.3687500000000001 0.65625 0.3687500000000001
2 0.7640625 0.44062500000000016 0.7546875 0.44062500000000016 0.7546875 0.4703125000000002 0.7640625 0.4703125000000002
2 0.7625 0.42968750000000017 0.753125 0.42968750000000017 0.753125 0.46093750000000017 0.7625 0.46093750000000017
2 0.7578125 0.3828125000000001 0.7515625 0.3828125000000001 0.7515625 0.4203125000000002 0.7578125 0.4203125000000002
2 0.71875 0.36406250000000007 0.7125 0.36406250000000007 0.7125 0.39531250000000007 0.71875 0.39531250000000007
2 0.7125 0.3625000000000001 0.70625 0.3625000000000001 0.70625 0.3921875000000001 0.7125 0.3921875000000001
2 0.828125 0.4578125000000002 0.821875 0.4578125000000002 0.821875 0.5000000000000002 0.828125 0.5000000000000002
2 0.79375 0.3843750000000001 0.7875 0.3843750000000001 0.7875 0.41406250000000017 0.79375 0.41406250000000017
2 0.6796875 0.3437500000000001 0.675 0.3437500000000001 0.675 0.37187500000000007 0.6796875 0.37187500000000007
2 0.2921875000000001 0.4 0.28593750000000007 0.4 0.28593750000000007 0.4328125 0.2921875000000001 0.4328125
0 0.7765625 0.4734375000000002 0.7734375 0.4734375000000002 0.7734375 0.4828125000000002 0.7765625 0.4828125000000002