2 0.4828125 0.3578125000000001 0.4765625 0.3578125000000001 0.4765625 0.4 0.4828125 0.4
2 0.5015625 0.3609375000000001 0.490625 0.3609375000000001 0.490625 0.40625 0.5015625 0.40625
2 0.478125 0.34062500000000007 0.4734375 0.34062500000000007 0.4734375 0.37968750000000007 0.478125 0.37968750000000007
2 0.496875 0.3218750000000001 0.4890625 0.3218750000000001 0.4890625 0.3609375000000001 0.496875 0.3609375000000001
2 0.49375 0.3234375000000001 0.4890625 0.3234375000000001 0.4890625 0.3609375000000001 0.49375 0.3609375000000001
2 0.4203125 0.3500000000000001 0.4125 0.3500000000000001 0.4125 0.3828125000000001 0.4203125 0.3828125000000001
2 0.4140625 0.34062500000000007 0.4078125 0.34062500000000007 0.4078125 0.3687500000000001 0.4140625 0.3687500000000001
2 0.38593750000000004 0.35625000000000007 0.38125 0.35625000000000007 0.38125000000000003 0.3890625000000001 0.3859375000000001 0.3890625000000001
2 0.38125000000000003 0.3531250000000001 0.3765625 0.3531250000000001 0.3765625 0.3828125000000001 0.3812500000000001 0.3828125000000001
2 0.3687500000000001 0.36718750000000006 0.3625000000000001 0.3671875 0.3625000000000001 0.4015625 0.3687500000000001 0.4015625
2 0.37812500000000004 0.3437500000000001 0.3734375 0.3437500000000001 0.37343750000000003 0.3687500000000001 0.3781250000000001 0.3687500000000001
2 0.35625000000000007 0.3609375 0.35 0.3609375 0.35000000000000003 0.3890625 0.35625000000000007 0.3890625
2 0.30156250000000007 0.4171875 0.2953125000000001 0.4171875 0.2953125000000001 0.4609375 0.30156250000000007 0.4609375
2 0.3218750000000001 0.384375 0.3156250000000001 0.384375 0.3156250000000001 0.4171875 0.3218750000000001 0.4171875
2 0.29375000000000007 0.3875 0.2890625000000001 0.3875 0.2890625000000001 0.415625 0.29375000000000007 0.415625
2 0.3453125 0.35 0.3421875 0.35 0.34218750000000003 0.371875 0.3453125000000001 0.371875
2 0.3203125000000001 0.3640625 0.31718750000000007 0.3640625 0.31718750000000007 0.3859375 0.3203125000000001 0.3859375
2 0.27031250000000007 0.403125 0.2640625000000001 0.403125 0.2640625000000001 0.4328125 0.27031250000000007 0.4328125
2 0.2453125000000001 0.4296875 0.2406250000000001 0.4296875 0.2406250000000001 0.4671875 0.2453125000000001 0.4671875
2 0.29375000000000007 0.3828125 0.2890625000000001 0.3828125 0.2890625000000001 0.409375 0.29375000000000007 0.409375
2 0.24218750000000008 0.4140625 0.2375000000000001 0.4140625 0.2375000000000001 0.43125 0.24218750000000008 0.43125
0 0.24218750000000008 0.425 0.2406250000000001 0.425 0.2406250000000001 0.43125 0.24218750000000008 0.43125
2 0.6859375 0.3578125000000001 0.6828125 0.3578125000000001 0.6828125 0.38750000000000007 0.6859375 0.38750000000000007