2 0.471875 0.3765625000000001 0.4625 0.3765625000000001 0.4625 0.434375 0.471875 0.434375
2 0.4578125 0.3453125000000001 0.45 0.3453125000000001 0.45 0.3906250000000001 0.4578125 0.3906250000000001
2 0.44375 0.34843750000000007 0.4375 0.34843750000000007 0.4375 0.3890625000000001 0.44375 0.3890625000000001
2 0.428125 0.3890625000000001 0.4171875 0.3890625000000001 0.4171875 0.4453125 0.428125 0.4453125
2 0.3515625000000001 0.390625 0.3437500000000001 0.390625 0.3437500000000001 0.4359375 0.3515625000000001 0.4359375
2 0.31875000000000003 0.3625 0.3140625 0.3625 0.3140625 0.3890625 0.3187500000000001 0.3890625
2 0.30937500000000007 0.3828125 0.3046875000000001 0.3828125 0.3046875000000001 0.4 0.30937500000000007 0.4
2 0.3109375000000001 0.3953125 0.3062500000000001 0.3953125 0.3062500000000001 0.428125 0.3109375000000001 0.428125
2 0.3031250000000001 0.4109375 0.2968750000000001 0.4109375 0.2968750000000001 0.4515625 0.3031250000000001 0.4515625
0 0.2968750000000001 0.4140625 0.2953125000000001 0.4140625 0.2953125000000001 0.4203125 0.2968750000000001 0.4203125
2 0.2890625000000001 0.3890625 0.28593750000000007 0.3890625 0.28593750000000007 0.4140625 0.2890625000000001 0.4140625
2 0.28593750000000007 0.4046875 0.2812500000000001 0.4046875 0.2812500000000001 0.4296875 0.28593750000000007 0.4296875
2 0.2906250000000001 0.409375 0.2843750000000001 0.409375 0.2843750000000001 0.4484375 0.2906250000000001 0.4484375
2 0.2828125000000001 0.3953125 0.2765625000000001 0.3953125 0.2765625000000001 0.425 0.2828125000000001 0.425
2 0.27031250000000007 0.446875 0.2640625000000001 0.446875 0.2640625000000001 0.496875 0.27031250000000007 0.496875
2 0.25468750000000007 0.4296875 0.2484375000000001 0.4296875 0.2484375000000001 0.4703125 0.25468750000000007 0.4703125
2 0.2390625000000001 0.4234375 0.23437500000000008 0.4234375 0.23437500000000008 0.453125 0.2390625000000001 0.453125
2 0.21250000000000008 0.43125 0.2078125000000001 0.43125 0.2078125000000001 0.45625 0.21250000000000008 0.45625
2 0.2250000000000001 0.4375 0.21875000000000008 0.4375 0.21875000000000008 0.46875 0.2250000000000001 0.46875
2 0.21250000000000008 0.4515625 0.2062500000000001 0.4515625 0.2062500000000001 0.4859375 0.21250000000000008 0.4859375
2 0.19218750000000004 0.475 0.18593750000000003 0.475 0.18593750000000003 0.5125 0.19218750000000004 0.5125
2 0.22031250000000008 0.5078125 0.21093750000000008 0.5078125 0.21093750000000008 0.5671875 0.22031250000000008 0.5671875
2 0.6796875 0.3656250000000001 0.675 0.3656250000000001 0.675 0.403125 0.6796875 0.403125
2 0.3109375000000001 0.390625 0.3078125000000001 0.390625 0.3078125000000001 0.4078125 0.3109375000000001 0.4078125