2 0.465625 0.3937500000000001 0.4515625 0.3937500000000001 0.4515625 0.4515625 0.465625 0.4515625
2 0.490625 0.3734375000000001 0.4796875 0.3734375000000001 0.4796875 0.41875 0.490625 0.41875
2 0.51875 0.3578125000000001 0.5078125 0.3578125000000001 0.5078125 0.403125 0.51875 0.403125
2 0.3765625000000001 0.4109375 0.36406250000000007 0.4109375 0.36406250000000007 0.4609375 0.3765625000000001 0.4609375
2 0.3843750000000001 0.3765625000000001 0.3750000000000001 0.3765625000000001 0.3750000000000001 0.409375 0.3843750000000001 0.409375
2 0.39062500000000006 0.3546875000000001 0.38125 0.3546875000000001 0.38125000000000003 0.38750000000000007 0.3906250000000001 0.38750000000000007
2 0.3765625000000001 0.3703125000000001 0.3703125000000001 0.3703125000000001 0.3703125000000001 0.4015625 0.3765625000000001 0.4015625
2 0.37187500000000007 0.3593750000000001 0.3671875 0.3593750000000001 0.36718750000000006 0.3859375000000001 0.37187500000000007 0.3859375000000001
2 0.4640625 0.3437500000000001 0.4546875 0.3437500000000001 0.4546875 0.3750000000000001 0.4640625 0.3750000000000001
2 0.471875 0.3453125000000001 0.465625 0.3453125000000001 0.465625 0.3765625000000001 0.471875 0.3765625000000001
2 0.45625 0.3359375000000001 0.4515625 0.3359375000000001 0.4515625 0.36406250000000007 0.45625 0.36406250000000007
2 0.4703125 0.3312500000000001 0.4640625 0.3312500000000001 0.4640625 0.3531250000000001 0.4703125 0.3531250000000001
2 0.5671875 0.3625000000000001 0.559375 0.3625000000000001 0.559375 0.4015625 0.5671875 0.4015625
2 0.528125 0.3218750000000001 0.521875 0.3218750000000001 0.521875 0.34843750000000007 0.528125 0.34843750000000007
2 0.565625 0.3296875000000001 0.559375 0.3296875000000001 0.559375 0.3625000000000001 0.565625 0.3625000000000001
2 0.596875 0.3390625000000001 0.5921875 0.3390625000000001 0.5921875 0.3687500000000001 0.596875 0.3687500000000001
2 0.596875 0.3375000000000001 0.59375 0.3375000000000001 0.59375 0.36406250000000007 0.596875 0.36406250000000007
2 0.7359375 0.3703125000000001 0.7328125 0.3703125000000001 0.7328125 0.4000000000000002 0.7359375 0.4000000000000002
2 0.2562500000000001 0.5015625 0.2406250000000001 0.5015625 0.2406250000000001 0.5734375 0.2562500000000001 0.5734375
2 0.2796875000000001 0.4515625 0.27031250000000007 0.4515625 0.27031250000000007 0.5 0.2796875000000001 0.5
2 0.3359375000000001 0.3828125 0.3281250000000001 0.3828125 0.3281250000000001 0.4125 0.3359375000000001 0.4125
2 0.21093750000000008 0.43125 0.20468750000000008 0.43125 0.20468750000000008 0.459375 0.21093750000000008 0.459375
2 0.2484375000000001 0.5609375 0.2453125000000001 0.5609375 0.2453125000000001 0.5703125 0.2484375000000001 0.5703125