2 0.5609375 0.3500000000000001 0.553125 0.3500000000000001 0.553125 0.39531250000000007 0.5609375 0.39531250000000007
2 0.5390625 0.3265625000000001 0.53125 0.3265625000000001 0.53125 0.3531250000000001 0.5390625 0.3531250000000001
2 0.5328125 0.3296875000000001 0.525 0.3296875000000001 0.525 0.3703125000000001 0.5328125 0.3703125000000001
2 0.5390625 0.34062500000000007 0.53125 0.34062500000000007 0.53125 0.3812500000000001 0.5390625 0.3812500000000001
2 0.5171875 0.3234375000000001 0.5125 0.3234375000000001 0.5125 0.3546875000000001 0.5171875 0.3546875000000001
2 0.7125 0.3593750000000001 0.70625 0.3593750000000001 0.70625 0.3890625000000001 0.7125 0.3890625000000001
2 0.7234375 0.35625000000000007 0.71875 0.35625000000000007 0.71875 0.3781250000000001 0.7234375 0.3781250000000001
2 0.7359375 0.36406250000000007 0.7296875 0.36406250000000007 0.7296875 0.3906250000000001 0.7359375 0.3906250000000001
2 0.7421875 0.3781250000000001 0.7375 0.3781250000000001 0.7375 0.4109375000000002 0.7421875 0.4109375000000002
2 0.7578125 0.3781250000000001 0.753125 0.3781250000000001 0.753125 0.40937500000000016 0.7578125 0.40937500000000016
2 0.8140625 0.4203125000000002 0.8078125 0.4203125000000002 0.8078125 0.4500000000000002 0.8140625 0.4500000000000002
2 0.7796875 0.3750000000000001 0.775 0.3750000000000001 0.775 0.40156250000000016 0.7796875 0.40156250000000016
2 0.7046875 0.3437500000000001 0.7015625 0.3437500000000001 0.7015625 0.3656250000000001 0.7046875 0.3656250000000001
2 0.7078125 0.3515625000000001 0.7015625 0.3515625000000001 0.7015625 0.37968750000000007 0.7078125 0.37968750000000007
2 0.703125 0.3578125000000001 0.696875 0.3578125000000001 0.696875 0.3765625000000001 0.703125 0.3765625000000001
2 0.703125 0.3625000000000001 0.696875 0.3625000000000001 0.696875 0.38750000000000007 0.703125 0.38750000000000007
2 0.6765625 0.3343750000000001 0.671875 0.3343750000000001 0.671875 0.3625000000000001 0.6765625 0.3625000000000001
2 0.6796875 0.3437500000000001 0.671875 0.3437500000000001 0.671875 0.3734375000000001 0.6796875 0.3734375000000001
2 0.671875 0.3515625000000001 0.665625 0.3515625000000001 0.665625 0.3843750000000001 0.671875 0.3843750000000001
2 0.659375 0.3296875000000001 0.6546875 0.3296875000000001 0.6546875 0.35625000000000007 0.659375 0.35625000000000007
2 0.6640625 0.3421875000000001 0.6578125 0.3421875000000001 0.6578125 0.37187500000000007 0.6640625 0.37187500000000007
2 0.3343750000000001 0.375 0.3281250000000001 0.375 0.3281250000000001 0.40625 0.3343750000000001 0.40625
0 0.6703125 0.3031250000000001 0.66875 0.3031250000000001 0.66875 0.30937500000000007 0.6703125 0.30937500000000007
2 0.725 0.3656250000000001 0.7203125 0.3656250000000001 0.7203125 0.39531250000000007 0.725 0.39531250000000007