2 0.509375 0.4421875 0.4953125 0.4421875 0.4953125 0.528125 0.509375 0.528125
2 0.4765625 0.4390625 0.465625 0.4390625 0.465625 0.5265625 0.4765625 0.5265625
2 0.4953125 0.3687500000000001 0.48125 0.3687500000000001 0.48125 0.4265625 0.4953125 0.4265625
2 0.515625 0.3359375000000001 0.5078125 0.3359375000000001 0.5078125 0.3703125000000001 0.515625 0.3703125000000001
2 0.5640625 0.3203125000000001 0.559375 0.3203125000000001 0.559375 0.3453125000000001 0.5640625 0.3453125000000001
2 0.684375 0.4078125 0.678125 0.4078125 0.678125 0.465625 0.684375 0.465625
2 0.7171875 0.434375 0.7078125 0.434375 0.7078125 0.475 0.7171875 0.475
2 0.803125 0.4421875000000002 0.7953125 0.4421875000000002 0.7953125 0.4906250000000002 0.803125 0.4906250000000002
2 0.821875 0.4343750000000002 0.815625 0.4343750000000002 0.815625 0.47656250000000017 0.821875 0.47656250000000017
2 0.8359375 0.4265625000000002 0.8296875 0.4265625000000002 0.8296875 0.46093750000000017 0.8359375 0.46093750000000017
2 0.86875 0.4421875000000002 0.8625 0.4421875000000002 0.8625 0.4750000000000002 0.86875 0.4750000000000002
2 0.878125 0.4515625000000002 0.871875 0.4515625000000002 0.871875 0.48437500000000017 0.878125 0.48437500000000017
2 0.8828125 0.4546875000000002 0.8765625 0.4546875000000002 0.8765625 0.48750000000000016 0.8828125 0.48750000000000016
2 0.90625 0.4906250000000002 0.896875 0.4906250000000002 0.896875 0.5312500000000002 0.90625 0.5312500000000002
2 0.8 0.3906250000000001 0.7953125 0.3906250000000001 0.7953125 0.41718750000000016 0.8 0.41718750000000016
2 0.796875 0.3937500000000001 0.7921875 0.3937500000000001 0.7921875 0.42500000000000016 0.796875 0.42500000000000016
2 0.778125 0.3906250000000001 0.7734375 0.3906250000000001 0.7734375 0.42187500000000017 0.778125 0.42187500000000017
2 0.7703125 0.3937500000000001 0.7640625 0.3937500000000001 0.7640625 0.4312500000000002 0.7703125 0.4312500000000002
2 0.7625 0.3765625000000001 0.7578125 0.3765625000000001 0.7578125 0.4046875000000002 0.7625 0.4046875000000002
2 0.7390625 0.3671875000000001 0.734375 0.3671875000000001 0.734375 0.3984375000000001 0.7390625 0.3984375000000001
2 0.2671875000000001 0.4109375 0.2609375000000001 0.4109375 0.2609375000000001 0.453125 0.2671875000000001 0.453125