2 0.5765625 0.37187500000000007 0.56875 0.37187500000000007 0.56875 0.4203125 0.5765625 0.4203125
2 0.609375 0.34843750000000007 0.6015625 0.34843750000000007 0.6015625 0.3812500000000001 0.609375 0.3812500000000001
2 0.5796875 0.3390625000000001 0.575 0.3390625000000001 0.575 0.3703125000000001 0.5796875 0.3703125000000001
2 0.59375 0.3218750000000001 0.5890625 0.3218750000000001 0.5890625 0.3468750000000001 0.59375 0.3468750000000001
2 0.653125 0.33281250000000007 0.65 0.33281250000000007 0.65 0.3578125000000001 0.653125 0.3578125000000001
2 0.671875 0.3390625000000001 0.66875 0.3390625000000001 0.66875 0.3656250000000001 0.671875 0.3656250000000001
2 0.684375 0.34843750000000007 0.678125 0.34843750000000007 0.678125 0.3781250000000001 0.684375 0.3781250000000001
2 0.7015625 0.3468750000000001 0.696875 0.3468750000000001 0.696875 0.37187500000000007 0.7015625 0.37187500000000007
2 0.690625 0.3390625000000001 0.6875 0.3390625000000001 0.6875 0.3609375000000001 0.690625 0.3609375000000001
2 0.721875 0.3546875000000001 0.715625 0.3546875000000001 0.715625 0.3812500000000001 0.721875 0.3812500000000001
2 0.728125 0.35625000000000007 0.7234375 0.35625000000000007 0.7234375 0.3843750000000001 0.728125 0.3843750000000001
2 0.7375 0.3593750000000001 0.7328125 0.3593750000000001 0.7328125 0.3859375000000001 0.7375 0.3859375000000001
2 0.7546875 0.40156250000000016 0.7484375 0.40156250000000016 0.7484375 0.44062500000000016 0.7546875 0.44062500000000016
2 0.7703125 0.3781250000000001 0.765625 0.3781250000000001 0.765625 0.4046875000000002 0.7703125 0.4046875000000002
2 0.79375 0.4000000000000002 0.7890625 0.4000000000000002 0.7890625 0.4281250000000002 0.79375 0.4281250000000002
2 0.803125 0.3937500000000001 0.7984375 0.3937500000000001 0.7984375 0.4187500000000002 0.803125 0.4187500000000002
2 0.7828125 0.3859375000000001 0.778125 0.3859375000000001 0.778125 0.4109375000000002 0.7828125 0.4109375000000002
2 0.840625 0.4078125000000002 0.834375 0.4078125000000002 0.834375 0.43281250000000016 0.840625 0.43281250000000016
2 0.5078125 0.3437500000000001 0.5015625 0.3437500000000001 0.5015625 0.3812500000000001 0.5078125 0.3812500000000001
2 0.503125 0.3437500000000001 0.4953125 0.3437500000000001 0.4953125 0.3812500000000001 0.503125 0.3812500000000001
2 0.4921875 0.3296875000000001 0.4859375 0.3296875000000001 0.4859375 0.36406250000000007 0.4921875 0.36406250000000007
2 0.484375 0.34062500000000007 0.478125 0.34062500000000007 0.478125 0.3828125000000001 0.484375 0.3828125000000001
2 0.2500000000000001 0.4140625 0.24375000000000008 0.4140625 0.24375000000000008 0.44375 0.2500000000000001 0.44375