2 0.503125 0.3359375000000001 0.4984375 0.3359375000000001 0.4984375 0.3734375000000001 0.503125 0.3734375000000001
2 0.4984375 0.3390625000000001 0.4921875 0.3390625000000001 0.4921875 0.3765625000000001 0.4984375 0.3765625000000001
2 0.4796875 0.3343750000000001 0.4734375 0.3343750000000001 0.4734375 0.3671875000000001 0.4796875 0.3671875000000001
2 0.5109375 0.32500000000000007 0.50625 0.32500000000000007 0.50625 0.3531250000000001 0.5109375 0.3531250000000001
2 0.5140625 0.3156250000000001 0.5109375 0.3156250000000001 0.5109375 0.3390625000000001 0.5140625 0.3390625000000001
2 0.4796875 0.3140625000000001 0.4765625 0.3140625000000001 0.4765625 0.34062500000000007 0.4796875 0.34062500000000007
2 0.559375 0.3156250000000001 0.55625 0.3156250000000001 0.55625 0.3375000000000001 0.559375 0.3375000000000001
2 0.590625 0.3296875000000001 0.5859375 0.3296875000000001 0.5859375 0.35625000000000007 0.590625 0.35625000000000007
2 0.58125 0.3187500000000001 0.578125 0.3187500000000001 0.578125 0.3359375000000001 0.58125 0.3359375000000001
0 0.5796875 0.3234375000000001 0.578125 0.3234375000000001 0.578125 0.3265625000000001 0.5796875 0.3265625000000001
2 0.6015625 0.3281250000000001 0.5953125 0.3281250000000001 0.5953125 0.3546875000000001 0.6015625 0.3546875000000001
2 0.6125 0.3296875000000001 0.609375 0.3296875000000001 0.609375 0.35625000000000007 0.6125 0.35625000000000007
2 0.646875 0.3343750000000001 0.6421875 0.3343750000000001 0.6421875 0.3593750000000001 0.646875 0.3593750000000001
2 0.64375 0.33281250000000007 0.640625 0.33281250000000007 0.640625 0.3546875000000001 0.64375 0.3546875000000001
2 0.6171875 0.3218750000000001 0.6140625 0.3218750000000001 0.6140625 0.3437500000000001 0.6171875 0.3437500000000001
2 0.6375 0.3218750000000001 0.6328125 0.3218750000000001 0.6328125 0.3437500000000001 0.6375 0.3437500000000001
2 0.6390625 0.3234375000000001 0.6359375 0.3234375000000001 0.6359375 0.3453125000000001 0.6390625 0.3453125000000001
2 0.6671875 0.34843750000000007 0.6625 0.34843750000000007 0.6625 0.3750000000000001 0.6671875 0.3750000000000001
2 0.7171875 0.4 0.709375 0.4 0.709375 0.440625 0.7171875 0.440625
2 0.69375 0.3437500000000001 0.690625 0.3437500000000001 0.690625 0.3687500000000001 0.69375 0.3687500000000001
2 0.678125 0.3390625000000001 0.675 0.3390625000000001 0.675 0.3609375000000001 0.678125 0.3609375000000001
2 0.671875 0.3343750000000001 0.66875 0.3343750000000001 0.66875 0.35625000000000007 0.671875 0.35625000000000007
2 0.74375 0.3781250000000001 0.740625 0.3781250000000001 0.740625 0.4078125000000002 0.74375 0.4078125000000002
2 0.784375 0.3781250000000001 0.78125 0.3781250000000001 0.78125 0.4046875000000002 0.784375 0.4046875000000002
2 0.3234375000000001 0.378125 0.3187500000000001 0.378125 0.3187500000000001 0.40625 0.3234375000000001 0.40625