2 0.5265625 0.3203125000000001 0.5203125 0.3203125000000001 0.5203125 0.3468750000000001 0.5265625 0.3468750000000001
2 0.5265625 0.3390625000000001 0.5203125 0.3390625000000001 0.5203125 0.37187500000000007 0.5265625 0.37187500000000007
2 0.5421875 0.3218750000000001 0.534375 0.3218750000000001 0.534375 0.3453125000000001 0.5421875 0.3453125000000001
2 0.5546875 0.3187500000000001 0.5484375 0.3187500000000001 0.5484375 0.3437500000000001 0.5546875 0.3437500000000001
2 0.5671875 0.3187500000000001 0.5625 0.3187500000000001 0.5625 0.33281250000000007 0.5671875 0.33281250000000007
2 0.5703125 0.3218750000000001 0.5640625 0.3218750000000001 0.5640625 0.3500000000000001 0.5703125 0.3500000000000001
2 0.5921875 0.31718750000000007 0.5875 0.31718750000000007 0.5875 0.3390625000000001 0.5921875 0.3390625000000001
2 0.5875 0.3218750000000001 0.584375 0.3218750000000001 0.584375 0.3468750000000001 0.5875 0.3468750000000001
2 0.596875 0.3312500000000001 0.5921875 0.3312500000000001 0.5921875 0.35625000000000007 0.596875 0.35625000000000007
2 0.6125 0.3203125000000001 0.6078125 0.3203125000000001 0.6078125 0.3421875000000001 0.6125 0.3421875000000001
2 0.6203125 0.3218750000000001 0.615625 0.3218750000000001 0.615625 0.3468750000000001 0.6203125 0.3468750000000001
2 0.653125 0.3343750000000001 0.646875 0.3343750000000001 0.646875 0.3593750000000001 0.653125 0.3593750000000001
2 0.6765625 0.3531250000000001 0.6703125 0.3531250000000001 0.6703125 0.3843750000000001 0.6765625 0.3843750000000001
2 0.7125 0.40625 0.7046875 0.40625 0.7046875 0.45625 0.7125 0.45625
2 0.5125 0.3187500000000001 0.50625 0.3187500000000001 0.50625 0.34843750000000007 0.5125 0.34843750000000007
2 0.484375 0.3218750000000001 0.4796875 0.3218750000000001 0.4796875 0.3515625000000001 0.484375 0.3515625000000001
2 0.4609375 0.3203125000000001 0.45625 0.3203125000000001 0.45625 0.3421875000000001 0.4609375 0.3421875000000001
2 0.465625 0.32500000000000007 0.4609375 0.32500000000000007 0.4609375 0.3578125000000001 0.465625 0.3578125000000001
2 0.4140625 0.3296875000000001 0.4109375 0.3296875000000001 0.4109375 0.3546875000000001 0.4140625 0.3546875000000001
2 0.3281250000000001 0.36875 0.3234375000000001 0.36875 0.3234375000000001 0.396875 0.3281250000000001 0.396875
2 0.7828125 0.3750000000000001 0.778125 0.3750000000000001 0.778125 0.40156250000000016 0.7828125 0.40156250000000016
0 0.5359375 0.3359375000000001 0.534375 0.3359375000000001 0.534375 0.3421875000000001 0.5359375 0.3421875000000001