2 0.59375 0.3968750000000001 0.5859375 0.3968750000000001 0.5859375 0.4578125 0.59375 0.4578125
2 0.6234375 0.3859375000000001 0.615625 0.3859375000000001 0.615625 0.44375 0.6234375 0.44375
2 0.665625 0.5015625 0.6515625 0.5015625 0.6515625 0.603125 0.665625 0.603125
2 0.6921875 0.4640625 0.678125 0.4640625 0.678125 0.540625 0.6921875 0.540625
2 0.4734375 0.484375 0.4578125 0.484375 0.4578125 0.590625 0.4734375 0.590625
2 0.3859375000000001 0.5 0.3734375000000001 0.5 0.3734375000000001 0.5953125 0.3859375000000001 0.5953125
2 0.3812500000000001 0.5953125 0.36406250000000007 0.5953125 0.36406250000000007 0.71875 0.3812500000000001 0.71875
2 0.2953125000000001 0.596875 0.2765625000000001 0.596875 0.2765625000000001 0.7 0.2953125000000001 0.7
2 0.3578125000000001 0.4578125 0.3468750000000001 0.4578125 0.3468750000000001 0.5296875 0.3578125000000001 0.5296875
2 0.3625000000000001 0.4328125 0.3531250000000001 0.4328125 0.3531250000000001 0.4953125 0.3625000000000001 0.4953125
2 0.3437500000000001 0.4203125 0.3343750000000001 0.4203125 0.3343750000000001 0.4734375 0.3437500000000001 0.4734375
2 0.4875 0.35625000000000007 0.48125 0.35625000000000007 0.48125 0.4 0.4875 0.4
2 0.34062500000000007 0.3859375 0.3343750000000001 0.3859375 0.3343750000000001 0.428125 0.34062500000000007 0.428125
2 0.2890625000000001 0.41875 0.2828125000000001 0.41875 0.2828125000000001 0.453125 0.2890625000000001 0.453125
2 0.7609375 0.3968750000000001 0.7546875 0.3968750000000001 0.7546875 0.4312500000000002 0.7609375 0.4312500000000002
0 0.2453125000000001 0.5234375 0.2390625000000001 0.5234375 0.2390625000000001 0.540625 0.2453125000000001 0.540625
2 0.2578125000000001 0.565625 0.24375000000000008 0.565625 0.24375000000000008 0.659375 0.2578125000000001 0.659375
2 0.2296875000000001 0.5796875 0.2171875000000001 0.5796875 0.2171875000000001 0.6734375 0.2296875000000001 0.6734375
2 0.1843750000000001 0.5765625 0.17343750000000008 0.5765625 0.17343750000000008 0.6609375 0.1843750000000001 0.6609375
2 0.17187500000000008 0.559375 0.1625000000000001 0.559375 0.1625000000000001 0.625 0.17187500000000008 0.625
2 0.18750000000000006 0.525 0.17656250000000004 0.525 0.17656250000000007 0.5734375 0.18750000000000008 0.5734375
2 0.2578125000000001 0.4546875 0.2515625000000001 0.4546875 0.2515625000000001 0.5046875 0.2578125000000001 0.5046875
2 0.24375000000000008 0.5359375 0.22656250000000008 0.5359375 0.22656250000000008 0.6015625 0.24375000000000008 0.6015625
2 0.2000000000000001 0.4421875 0.19375000000000003 0.4421875 0.19375000000000003 0.4671875 0.2000000000000001 0.4671875