2 0.2312500000000001 0.4265625 0.2250000000000001 0.4265625 0.2250000000000001 0.453125 0.2312500000000001 0.453125
2 0.2375000000000001 0.4546875 0.2312500000000001 0.4546875 0.2312500000000001 0.49375 0.2375000000000001 0.49375
2 0.2562500000000001 0.4296875 0.2500000000000001 0.4296875 0.2500000000000001 0.4625 0.2562500000000001 0.4625
2 0.26250000000000007 0.4296875 0.2531250000000001 0.4296875 0.2531250000000001 0.4640625 0.26250000000000007 0.4640625
2 0.2796875000000001 0.4515625 0.2718750000000001 0.4515625 0.2718750000000001 0.5046875 0.2796875000000001 0.5046875
2 0.2734375000000001 0.415625 0.2671875000000001 0.415625 0.2671875000000001 0.45625 0.2734375000000001 0.45625
2 0.27812500000000007 0.4078125 0.2734375000000001 0.4078125 0.2734375000000001 0.440625 0.27812500000000007 0.440625
2 0.3125000000000001 0.390625 0.3046875000000001 0.390625 0.3046875000000001 0.4203125 0.3125000000000001 0.4203125
2 0.31718750000000007 0.4140625 0.30937500000000007 0.4140625 0.30937500000000007 0.45625 0.31718750000000007 0.45625
2 0.3234375000000001 0.3953125 0.3156250000000001 0.3953125 0.3156250000000001 0.428125 0.3234375000000001 0.428125
2 0.3375000000000001 0.4015625 0.3312500000000001 0.4015625 0.3312500000000001 0.4390625 0.3375000000000001 0.4390625
2 0.3437500000000001 0.3859375 0.3375000000000001 0.3859375 0.3375000000000001 0.4171875 0.3437500000000001 0.4171875
2 0.3421875000000001 0.375 0.3359375000000001 0.375 0.3359375000000001 0.4015625 0.3421875000000001 0.4015625
0 0.3468750000000001 0.378125 0.3453125000000001 0.378125 0.3453125000000001 0.384375 0.3468750000000001 0.384375
2 0.4125 0.3843750000000001 0.4015625 0.3843750000000001 0.4015625 0.4265625 0.4125 0.4265625
2 0.503125 0.3359375000000001 0.496875 0.3359375000000001 0.496875 0.3703125000000001 0.503125 0.3703125000000001
2 0.50625 0.3375000000000001 0.5 0.3375000000000001 0.5 0.3703125000000001 0.50625 0.3703125000000001
2 0.528125 0.3390625000000001 0.5203125 0.3390625000000001 0.5203125 0.37187500000000007 0.528125 0.37187500000000007
2 0.5734375 0.4515625 0.5578125 0.4515625 0.5578125 0.528125 0.5734375 0.528125
2 0.584375 0.434375 0.5703125 0.434375 0.5703125 0.50625 0.584375 0.50625
2 0.5609375 0.3984375000000001 0.546875 0.3984375000000001 0.546875 0.45625 0.5609375 0.45625
2 0.5640625 0.3921875000000001 0.5546875 0.3921875000000001 0.5546875 0.45 0.5640625 0.45
2 0.5671875 0.36406250000000007 0.559375 0.36406250000000007 0.559375 0.4078125 0.5671875 0.4078125
2 0.7703125 0.3765625000000001 0.765625 0.3765625000000001 0.765625 0.4046875000000002 0.7703125 0.4046875000000002
2 0.3671875000000001 0.559375 0.3453125000000001 0.559375 0.3453125000000001 0.6671875 0.3671875000000001 0.6671875