2 0.2296875000000001 0.421875 0.22656250000000008 0.421875 0.22656250000000008 0.45 0.2296875000000001 0.45
2 0.3343750000000001 0.3921875 0.3281250000000001 0.3921875 0.3281250000000001 0.434375 0.3343750000000001 0.434375
2 0.32500000000000007 0.371875 0.3203125000000001 0.371875 0.3203125000000001 0.3984375 0.32500000000000007 0.3984375
2 0.34218750000000003 0.3546875 0.3390625 0.3546875 0.33906250000000004 0.378125 0.3421875000000001 0.378125
2 0.37187500000000007 0.34843750000000007 0.3671875 0.34843750000000007 0.36718750000000006 0.3734375000000001 0.37187500000000007 0.3734375000000001
0 0.3953125 0.3359375000000001 0.39375 0.3359375000000001 0.39375 0.3390625000000001 0.3953125 0.3390625000000001
2 0.3953125 0.3343750000000001 0.3921875 0.3343750000000001 0.3921875 0.3515625000000001 0.3953125 0.3515625000000001
2 0.4328125 0.3625000000000001 0.425 0.3625000000000001 0.425 0.4046875 0.4328125 0.4046875
2 0.45 0.3203125000000001 0.4453125 0.3203125000000001 0.4453125 0.3421875000000001 0.45 0.3421875000000001
2 0.4609375 0.3281250000000001 0.4578125 0.3281250000000001 0.4578125 0.35625000000000007 0.4609375 0.35625000000000007
2 0.4671875 0.3203125000000001 0.4625 0.3203125000000001 0.4625 0.3468750000000001 0.4671875 0.3468750000000001
2 0.4609375 0.3531250000000001 0.453125 0.3531250000000001 0.453125 0.3937500000000001 0.4609375 0.3937500000000001
2 0.475 0.3343750000000001 0.46875 0.3343750000000001 0.46875 0.37187500000000007 0.475 0.37187500000000007
2 0.496875 0.3390625000000001 0.490625 0.3390625000000001 0.490625 0.3765625000000001 0.496875 0.3765625000000001
2 0.4921875 0.3156250000000001 0.4890625 0.3156250000000001 0.4890625 0.3390625000000001 0.4921875 0.3390625000000001
2 0.5 0.31718750000000007 0.4953125 0.31718750000000007 0.4953125 0.34062500000000007 0.5 0.34062500000000007
2 0.5046875 0.3203125000000001 0.5 0.3203125000000001 0.5 0.3421875000000001 0.5046875 0.3421875000000001
2 0.5125 0.3187500000000001 0.5078125 0.3187500000000001 0.5078125 0.3437500000000001 0.5125 0.3437500000000001
2 0.5265625 0.3234375000000001 0.521875 0.3234375000000001 0.521875 0.3515625000000001 0.5265625 0.3515625000000001
2 0.5171875 0.3140625000000001 0.5140625 0.3140625000000001 0.5140625 0.3390625000000001 0.5171875 0.3390625000000001
2 0.5203125 0.3140625000000001 0.5171875 0.3140625000000001 0.5171875 0.3390625000000001 0.5203125 0.3390625000000001
2 0.5390625 0.3296875000000001 0.5328125 0.3296875000000001 0.5328125 0.3609375000000001 0.5390625 0.3609375000000001
2 0.5453125 0.34062500000000007 0.5390625 0.34062500000000007 0.5390625 0.3734375000000001 0.5453125 0.3734375000000001
2 0.55 0.32500000000000007 0.54375 0.32500000000000007 0.54375 0.35625000000000007 0.55 0.35625000000000007
2 0.6703125 0.3390625000000001 0.665625 0.3390625000000001 0.665625 0.3656250000000001 0.6703125 0.3656250000000001