2 0.4203125 0.4203125 0.4078125 0.4203125 0.4078125 0.49375 0.4203125 0.49375
2 0.48125 0.3500000000000001 0.4734375 0.3500000000000001 0.4734375 0.3937500000000001 0.48125 0.3937500000000001
2 0.471875 0.34843750000000007 0.4640625 0.34843750000000007 0.4640625 0.3921875000000001 0.471875 0.3921875000000001
2 0.34062500000000007 0.3984375 0.33281250000000007 0.3984375 0.33281250000000007 0.4421875 0.34062500000000007 0.4421875
2 0.33281250000000007 0.41875 0.32500000000000007 0.41875 0.32500000000000007 0.471875 0.33281250000000007 0.471875
2 0.3031250000000001 0.390625 0.2968750000000001 0.390625 0.2968750000000001 0.4234375 0.3031250000000001 0.4234375
2 0.2812500000000001 0.3875 0.2750000000000001 0.3875 0.2750000000000001 0.4125 0.2812500000000001 0.4125
2 0.2609375000000001 0.4015625 0.2562500000000001 0.4015625 0.2562500000000001 0.4265625 0.2609375000000001 0.4265625
2 0.2296875000000001 0.425 0.2250000000000001 0.425 0.2250000000000001 0.4546875 0.2296875000000001 0.4546875
2 0.2718750000000001 0.4109375 0.2656250000000001 0.4109375 0.2656250000000001 0.4484375 0.2718750000000001 0.4484375
2 0.2234375000000001 0.4328125 0.21875000000000008 0.4328125 0.21875000000000008 0.45625 0.2234375000000001 0.45625
2 0.2250000000000001 0.4453125 0.22031250000000008 0.4453125 0.22031250000000008 0.4796875 0.2250000000000001 0.4796875
2 0.2218750000000001 0.446875 0.2171875000000001 0.446875 0.2171875000000001 0.478125 0.2218750000000001 0.478125
2 0.2218750000000001 0.45 0.2156250000000001 0.45 0.2156250000000001 0.4890625 0.2218750000000001 0.4890625
2 0.21875000000000008 0.4375 0.2156250000000001 0.4375 0.2156250000000001 0.4625 0.21875000000000008 0.4625
2 0.2171875000000001 0.4390625 0.21250000000000008 0.4390625 0.21250000000000008 0.4671875 0.2171875000000001 0.4671875
2 0.21250000000000008 0.459375 0.2062500000000001 0.459375 0.2062500000000001 0.5 0.21250000000000008 0.5
2 0.20312500000000008 0.4609375 0.19687500000000005 0.4609375 0.19687500000000005 0.4984375 0.20312500000000008 0.4984375
2 0.20468750000000008 0.440625 0.19843750000000004 0.440625 0.19843750000000004 0.465625 0.20468750000000008 0.465625
2 0.2093750000000001 0.5421875 0.19531250000000006 0.5421875 0.19531250000000006 0.6125 0.2093750000000001 0.6125
2 0.6765625 0.3625000000000001 0.6703125 0.3625000000000001 0.6703125 0.4 0.6765625 0.4
0 0.22031250000000008 0.3734375 0.21875000000000008 0.3734375 0.21875000000000008 0.3796875 0.22031250000000008 0.3796875