2 0.5 0.3468750000000001 0.4953125 0.3468750000000001 0.4953125 0.3890625000000001 0.5 0.3890625000000001
2 0.5046875 0.3500000000000001 0.4984375 0.3500000000000001 0.4984375 0.38750000000000007 0.5046875 0.38750000000000007
2 0.559375 0.3421875000000001 0.5515625 0.3421875000000001 0.5515625 0.3812500000000001 0.559375 0.3812500000000001
2 0.5078125 0.3234375000000001 0.503125 0.3234375000000001 0.503125 0.34843750000000007 0.5078125 0.34843750000000007
2 0.4984375 0.3281250000000001 0.49375 0.3281250000000001 0.49375 0.3578125000000001 0.4984375 0.3578125000000001
2 0.503125 0.3265625000000001 0.4984375 0.3265625000000001 0.4984375 0.3546875000000001 0.503125 0.3546875000000001
2 0.5515625 0.3234375000000001 0.5453125 0.3234375000000001 0.5453125 0.3531250000000001 0.5515625 0.3531250000000001
2 0.5328125 0.3203125000000001 0.5265625 0.3203125000000001 0.5265625 0.3468750000000001 0.5328125 0.3468750000000001
2 0.6203125 0.3687500000000001 0.6109375 0.3687500000000001 0.6109375 0.4140625 0.6203125 0.4140625
2 0.603125 0.3437500000000001 0.59375 0.3437500000000001 0.59375 0.3781250000000001 0.603125 0.3781250000000001
2 0.60625 0.34062500000000007 0.6 0.34062500000000007 0.6 0.3781250000000001 0.60625 0.3781250000000001
2 0.7234375 0.36406250000000007 0.71875 0.36406250000000007 0.71875 0.3937500000000001 0.7234375 0.3937500000000001
2 0.453125 0.3265625000000001 0.4484375 0.3265625000000001 0.4484375 0.34843750000000007 0.453125 0.34843750000000007
2 0.45 0.3359375000000001 0.4453125 0.3359375000000001 0.4453125 0.36406250000000007 0.45 0.36406250000000007
2 0.446875 0.3265625000000001 0.4421875 0.3265625000000001 0.4421875 0.3531250000000001 0.446875 0.3531250000000001
2 0.4453125 0.3281250000000001 0.4390625 0.3281250000000001 0.4390625 0.35625000000000007 0.4453125 0.35625000000000007
2 0.4171875 0.3500000000000001 0.4109375 0.3500000000000001 0.4109375 0.3812500000000001 0.4171875 0.3812500000000001
2 0.39843750000000006 0.3390625000000001 0.39375 0.3390625000000001 0.39375000000000004 0.36406250000000007 0.3984375000000001 0.36406250000000007
2 0.38750000000000007 0.3390625000000001 0.3828125 0.3390625000000001 0.38281250000000006 0.3656250000000001 0.38750000000000007 0.3656250000000001
2 0.3937500000000001 0.3750000000000001 0.3843750000000001 0.3750000000000001 0.3843750000000001 0.4171875 0.3937500000000001 0.4171875
2 0.37187500000000007 0.38750000000000007 0.3625000000000001 0.3875 0.3625000000000001 0.4296875 0.37187500000000007 0.4296875
0 0.39062500000000006 0.3578125000000001 0.3890625 0.3578125000000001 0.38906250000000003 0.36406250000000007 0.3906250000000001 0.36406250000000007
2 0.3546875000000001 0.3671875 0.34843750000000007 0.3671875 0.34843750000000007 0.396875 0.3546875000000001 0.396875
2 0.3312500000000001 0.3796875 0.32500000000000007 0.3796875 0.32500000000000007 0.4125 0.3312500000000001 0.4125
2 0.2640625000000001 0.3984375 0.2593750000000001 0.3984375 0.2593750000000001 0.428125 0.2640625000000001 0.428125
2 0.3078125000000001 0.396875 0.30156250000000007 0.396875 0.30156250000000007 0.4375 0.3078125000000001 0.4375