2 0.484375 0.3390625000000001 0.4765625 0.3390625000000001 0.4765625 0.3781250000000001 0.484375 0.3781250000000001
2 0.4578125 0.3390625000000001 0.4515625 0.3390625000000001 0.4515625 0.37187500000000007 0.4578125 0.37187500000000007
2 0.4640625 0.3203125000000001 0.459375 0.3203125000000001 0.459375 0.3468750000000001 0.4640625 0.3468750000000001
2 0.446875 0.3218750000000001 0.4421875 0.3218750000000001 0.4421875 0.3468750000000001 0.446875 0.3468750000000001
2 0.3921875 0.3390625000000001 0.3875 0.3390625000000001 0.3875 0.3625000000000001 0.3921875 0.3625000000000001
2 0.3640625 0.34062500000000007 0.359375 0.340625 0.359375 0.36250000000000004 0.3640625 0.3625000000000001
2 0.35937500000000006 0.3421875 0.35625 0.3421875 0.35625000000000007 0.3640625 0.3593750000000001 0.3640625
2 0.3453125 0.3578125 0.3421875 0.3578125 0.34218750000000003 0.384375 0.3453125000000001 0.384375
2 0.3203125000000001 0.4015625 0.3156250000000001 0.4015625 0.3156250000000001 0.4421875 0.3203125000000001 0.4421875
2 0.31718750000000007 0.375 0.3125000000000001 0.375 0.3125000000000001 0.4046875 0.31718750000000007 0.4046875
2 0.3203125000000001 0.3640625 0.3156250000000001 0.3640625 0.3156250000000001 0.3890625 0.3203125000000001 0.3890625
2 0.31093750000000003 0.3609375 0.3078125 0.3609375 0.30781250000000004 0.3796875 0.3109375000000001 0.3796875
2 0.30937500000000007 0.375 0.3046875000000001 0.375 0.3046875000000001 0.403125 0.30937500000000007 0.403125
2 0.3062500000000001 0.365625 0.3031250000000001 0.365625 0.3031250000000001 0.38125 0.3062500000000001 0.38125
2 0.2890625000000001 0.38125 0.28593750000000007 0.38125 0.28593750000000007 0.40625 0.2890625000000001 0.40625
2 0.2718750000000001 0.390625 0.2671875000000001 0.390625 0.2671875000000001 0.415625 0.2718750000000001 0.415625
2 0.2671875000000001 0.409375 0.26250000000000007 0.409375 0.26250000000000007 0.4390625 0.2671875000000001 0.4390625
2 0.25468750000000007 0.4078125 0.2515625000000001 0.4078125 0.2515625000000001 0.434375 0.25468750000000007 0.434375
2 0.25468750000000007 0.421875 0.2484375000000001 0.421875 0.2484375000000001 0.4546875 0.25468750000000007 0.4546875
2 0.2468750000000001 0.4171875 0.24218750000000008 0.4171875 0.24218750000000008 0.446875 0.2468750000000001 0.446875
2 0.2406250000000001 0.4453125 0.2328125000000001 0.4453125 0.2328125000000001 0.4875 0.2406250000000001 0.4875
2 0.2234375000000001 0.41875 0.21875000000000008 0.41875 0.21875000000000008 0.4453125 0.2234375000000001 0.4453125
2 0.65 0.3453125000000001 0.64375 0.3453125000000001 0.64375 0.3750000000000001 0.65 0.3750000000000001
0 0.375 0.3453125000000001 0.3734375 0.3453125000000001 0.3734375 0.3515625000000001 0.375 0.3515625000000001