2 0.471875 0.4 0.4625 0.4 0.4625 0.4640625 0.471875 0.4640625
2 0.49375 0.3671875000000001 0.4828125 0.3671875000000001 0.4828125 0.4234375 0.49375 0.4234375
2 0.453125 0.3296875000000001 0.4484375 0.3296875000000001 0.4484375 0.3578125000000001 0.453125 0.3578125000000001
2 0.5 0.33281250000000007 0.4953125 0.33281250000000007 0.4953125 0.3671875000000001 0.5 0.3671875000000001
2 0.46875 0.3421875000000001 0.4609375 0.3421875000000001 0.4609375 0.3812500000000001 0.46875 0.3812500000000001
2 0.4421875 0.3531250000000001 0.4359375 0.3531250000000001 0.4359375 0.3968750000000001 0.4421875 0.3968750000000001
2 0.4265625 0.34843750000000007 0.4203125 0.34843750000000007 0.4203125 0.3859375000000001 0.4265625 0.3859375000000001
2 0.4453125 0.3312500000000001 0.440625 0.3312500000000001 0.440625 0.3593750000000001 0.4453125 0.3593750000000001
2 0.56875 0.3203125000000001 0.5640625 0.3203125000000001 0.5640625 0.34843750000000007 0.56875 0.34843750000000007
2 0.5609375 0.3421875000000001 0.5546875 0.3421875000000001 0.5546875 0.3828125000000001 0.5609375 0.3828125000000001
2 0.54375 0.33281250000000007 0.5375 0.33281250000000007 0.5375 0.3703125000000001 0.54375 0.3703125000000001
2 0.5453125 0.3187500000000001 0.540625 0.3187500000000001 0.540625 0.34843750000000007 0.5453125 0.34843750000000007
2 0.6359375 0.3968750000000001 0.6265625 0.3968750000000001 0.6265625 0.4515625 0.6359375 0.4515625
2 0.6234375 0.33281250000000007 0.6171875 0.33281250000000007 0.6171875 0.36406250000000007 0.6234375 0.36406250000000007
2 0.678125 0.3625000000000001 0.671875 0.3625000000000001 0.671875 0.4 0.678125 0.4
2 0.590625 0.3265625000000001 0.584375 0.3265625000000001 0.584375 0.3593750000000001 0.590625 0.3593750000000001
2 0.58125 0.3343750000000001 0.575 0.3343750000000001 0.575 0.37187500000000007 0.58125 0.37187500000000007
2 0.7125 0.36406250000000007 0.70625 0.36406250000000007 0.70625 0.3968750000000001 0.7125 0.3968750000000001
2 0.7296875 0.35625000000000007 0.725 0.35625000000000007 0.725 0.3812500000000001 0.7296875 0.3812500000000001
0 0.728125 0.36406250000000007 0.725 0.36406250000000007 0.725 0.3703125000000001 0.728125 0.3703125000000001
2 0.425 0.3968750000000001 0.415625 0.3968750000000001 0.415625 0.45625 0.425 0.45625
2 0.2500000000000001 0.4078125 0.24375000000000008 0.4078125 0.24375000000000008 0.4390625 0.2500000000000001 0.4390625
2 0.4515625 0.3359375000000001 0.4453125 0.3359375000000001 0.4453125 0.3703125000000001 0.4515625 0.3703125000000001