2 0.540625 0.3812500000000001 0.5234375 0.3812500000000001 0.5234375 0.4515625 0.540625 0.4515625
2 0.590625 0.3921875000000001 0.58125 0.3921875000000001 0.58125 0.440625 0.590625 0.440625
2 0.6203125 0.4171875 0.609375 0.4171875 0.609375 0.4828125 0.6203125 0.4828125
2 0.7265625 0.3812500000000001 0.7203125 0.3812500000000001 0.7203125 0.41875000000000007 0.7265625 0.4187500000000002
2 0.5390625 0.3531250000000001 0.53125 0.3531250000000001 0.53125 0.39531250000000007 0.5390625 0.39531250000000007
2 0.3984375000000001 0.3781250000000001 0.3906250000000001 0.3781250000000001 0.3906250000000001 0.4203125 0.3984375000000001 0.4203125
2 0.3921875000000001 0.4078125 0.3812500000000001 0.4078125 0.3812500000000001 0.465625 0.3921875000000001 0.465625
2 0.37968750000000007 0.4015625 0.3703125000000001 0.4015625 0.3703125000000001 0.4546875 0.37968750000000007 0.4546875
2 0.37187500000000007 0.425 0.3609375000000001 0.425 0.3609375000000001 0.4859375 0.37187500000000007 0.4859375
2 0.3625000000000001 0.44375 0.3531250000000001 0.44375 0.3531250000000001 0.5125 0.3625000000000001 0.5125
2 0.35625000000000007 0.45 0.3468750000000001 0.45 0.3468750000000001 0.51875 0.35625000000000007 0.51875
2 0.3781250000000001 0.496875 0.3593750000000001 0.496875 0.3593750000000001 0.5625 0.3781250000000001 0.5625
2 0.3625000000000001 0.5171875 0.3453125000000001 0.5171875 0.3453125000000001 0.5984375 0.3625000000000001 0.5984375
2 0.3125000000000001 0.5578125 0.2953125000000001 0.5578125 0.2953125000000001 0.6421875 0.3125000000000001 0.6421875
2 0.3203125000000001 0.565625 0.30156250000000007 0.565625 0.30156250000000007 0.65625 0.3203125000000001 0.65625
0 0.3234375000000001 0.6375 0.31718750000000007 0.6375 0.31718750000000007 0.6546875 0.3234375000000001 0.6546875
2 0.36718750000000006 0.353125 0.3625 0.353125 0.36250000000000004 0.37968750000000007 0.3671875000000001 0.37968750000000007
2 0.3390625000000001 0.38125 0.33281250000000007 0.38125 0.33281250000000007 0.4140625 0.3390625000000001 0.4140625
2 0.3046875000000001 0.4078125 0.2984375000000001 0.4078125 0.2984375000000001 0.4515625 0.3046875000000001 0.4515625
2 0.29375000000000007 0.4484375 0.28593750000000007 0.4484375 0.28593750000000007 0.503125 0.29375000000000007 0.503125
2 0.2640625000000001 0.4578125 0.25468750000000007 0.4578125 0.25468750000000007 0.5109375 0.2640625000000001 0.5109375
2 0.2500000000000001 0.5046875 0.2390625000000001 0.5046875 0.2390625000000001 0.575 0.2500000000000001 0.575
2 0.2296875000000001 0.5171875 0.21875000000000008 0.5171875 0.21875000000000008 0.5828125 0.2296875000000001 0.5828125
2 0.2015625000000001 0.440625 0.19531250000000006 0.440625 0.19531250000000006 0.4703125 0.2015625000000001 0.4703125