0 0.5453125 0.3500000000000001 0.5421875 0.3500000000000001 0.5421875 0.35625000000000007 0.5453125 0.35625000000000007
2 0.54375 0.3453125000000001 0.5375 0.3453125000000001 0.5375 0.3859375000000001 0.54375 0.3859375000000001
2 0.5375 0.3203125000000001 0.5296875 0.3203125000000001 0.5296875 0.3421875000000001 0.5375 0.3421875000000001
2 0.55 0.3187500000000001 0.5453125 0.3187500000000001 0.5453125 0.34062500000000007 0.55 0.34062500000000007
2 0.5703125 0.3390625000000001 0.5625 0.3390625000000001 0.5625 0.3687500000000001 0.5703125 0.3687500000000001
2 0.6 0.3343750000000001 0.59375 0.3343750000000001 0.59375 0.3609375000000001 0.6 0.3609375000000001
2 0.634375 0.36406250000000007 0.625 0.36406250000000007 0.625 0.4046875 0.634375 0.4046875
2 0.6671875 0.3593750000000001 0.6625 0.3593750000000001 0.6625 0.3921875000000001 0.6671875 0.3921875000000001
2 0.6578125 0.3390625000000001 0.6546875 0.3390625000000001 0.6546875 0.3687500000000001 0.6578125 0.3687500000000001
2 0.659375 0.3390625000000001 0.65625 0.3390625000000001 0.65625 0.3687500000000001 0.659375 0.3687500000000001
2 0.7015625 0.3671875000000001 0.6953125 0.3671875000000001 0.6953125 0.4046875 0.7015625 0.4046875
2 0.7234375 0.4328125 0.7140625 0.4328125 0.7140625 0.4875 0.7234375 0.4875
2 0.75 0.3687500000000001 0.7453125 0.3687500000000001 0.7453125 0.39531250000000007 0.75 0.39531250000000007
2 0.496875 0.3312500000000001 0.4890625 0.3312500000000001 0.4890625 0.3609375000000001 0.496875 0.3609375000000001
2 0.45 0.3312500000000001 0.4421875 0.3312500000000001 0.4421875 0.3593750000000001 0.45 0.3593750000000001
2 0.45625 0.3812500000000001 0.446875 0.3812500000000001 0.446875 0.4375 0.45625 0.4375
2 0.4671875 0.478125 0.4515625 0.478125 0.4515625 0.5703125 0.4671875 0.5703125
2 0.39531250000000007 0.37968750000000007 0.3859375000000001 0.37968750000000007 0.3859375000000001 0.4265625 0.39531250000000007 0.4265625
2 0.403125 0.37187500000000007 0.39531250000000007 0.37187500000000007 0.39531250000000007 0.4109375 0.403125 0.4109375
2 0.4 0.3578125000000001 0.39375 0.3578125000000001 0.39375000000000004 0.3765625000000001 0.4 0.3765625000000001
2 0.41875 0.3437500000000001 0.4125 0.3437500000000001 0.4125 0.3765625000000001 0.41875 0.3765625000000001
2 0.4125 0.3437500000000001 0.4078125 0.3437500000000001 0.4078125 0.3765625000000001 0.4125 0.3765625000000001
2 0.41875 0.3359375000000001 0.415625 0.3359375000000001 0.415625 0.3593750000000001 0.41875 0.3593750000000001
2 0.2328125000000001 0.4171875 0.22656250000000008 0.4171875 0.22656250000000008 0.4453125 0.2328125000000001 0.4453125