2 0.5234375 0.34843750000000007 0.5125 0.34843750000000007 0.5125 0.3906250000000001 0.5234375 0.3906250000000001
2 0.5296875 0.3437500000000001 0.521875 0.3437500000000001 0.521875 0.3812500000000001 0.5296875 0.3812500000000001
2 0.6203125 0.3578125000000001 0.6125 0.3578125000000001 0.6125 0.3984375000000001 0.6203125 0.3984375000000001
2 0.6109375 0.3593750000000001 0.6046875 0.3593750000000001 0.6046875 0.4046875 0.6109375 0.4046875
2 0.6546875 0.3890625000000001 0.646875 0.3890625000000001 0.646875 0.4421875 0.6546875 0.4421875
2 0.653125 0.3437500000000001 0.646875 0.3437500000000001 0.646875 0.3750000000000001 0.653125 0.3750000000000001
2 0.671875 0.3546875000000001 0.665625 0.3546875000000001 0.665625 0.3921875000000001 0.671875 0.3921875000000001
2 0.7140625 0.41875 0.7046875 0.41875 0.7046875 0.475 0.7140625 0.475
2 0.746875 0.41406250000000017 0.7375 0.41406250000000017 0.7375 0.4625000000000002 0.746875 0.4625000000000002
2 0.7640625 0.4078125000000002 0.7578125 0.4078125000000002 0.7578125 0.4515625000000002 0.7640625 0.4515625000000002
2 0.8203125 0.43281250000000016 0.8140625 0.43281250000000016 0.8140625 0.4703125000000002 0.8203125 0.4703125000000002
2 0.7921875 0.4156250000000002 0.7859375 0.4156250000000002 0.7859375 0.45625000000000016 0.7921875 0.45625000000000016
2 0.7953125 0.42187500000000017 0.7890625 0.42187500000000017 0.7890625 0.46406250000000016 0.7953125 0.46406250000000016
2 0.771875 0.3859375000000001 0.7671875 0.3859375000000001 0.7671875 0.4234375000000002 0.771875 0.4234375000000002
2 0.76875 0.4000000000000002 0.7625 0.4000000000000002 0.7625 0.43281250000000016 0.76875 0.43281250000000016
2 0.7625 0.3828125000000001 0.7578125 0.3828125000000001 0.7578125 0.4109375000000002 0.7625 0.4109375000000002
2 0.740625 0.3781250000000001 0.734375 0.3781250000000001 0.734375 0.4109375000000002 0.740625 0.4109375000000002
2 0.7328125 0.3625000000000001 0.728125 0.3625000000000001 0.728125 0.3921875000000001 0.7328125 0.3921875000000001
2 0.7234375 0.3625000000000001 0.71875 0.3625000000000001 0.71875 0.3921875000000001 0.7234375 0.3921875000000001
2 0.7 0.36406250000000007 0.69375 0.36406250000000007 0.69375 0.4015625 0.7 0.4015625
2 0.6828125 0.3468750000000001 0.6765625 0.3468750000000001 0.6765625 0.3765625000000001 0.6828125 0.3765625000000001
2 0.3421875000000001 0.3828125 0.3359375000000001 0.3828125 0.3359375000000001 0.4203125 0.3421875000000001 0.4203125