2 0.4359375 0.515625 0.4171875 0.515625 0.4171875 0.621875 0.4359375 0.621875
2 0.540625 0.4953125 0.51875 0.4953125 0.51875 0.5890625 0.540625 0.5890625
2 0.5890625 0.3734375000000001 0.5796875 0.3734375000000001 0.5796875 0.4234375 0.5890625 0.4234375
2 0.5765625 0.3546875000000001 0.5703125 0.3546875000000001 0.5703125 0.3921875000000001 0.5765625 0.3921875000000001
2 0.5359375 0.3500000000000001 0.528125 0.3500000000000001 0.528125 0.38750000000000007 0.5359375 0.38750000000000007
2 0.5328125 0.3296875000000001 0.5265625 0.3296875000000001 0.5265625 0.3593750000000001 0.5328125 0.3593750000000001
2 0.5578125 0.3296875000000001 0.5515625 0.3296875000000001 0.5515625 0.3609375000000001 0.5578125 0.3609375000000001
2 0.6015625 0.3656250000000001 0.59375 0.3656250000000001 0.59375 0.4109375 0.6015625 0.4109375
2 0.446875 0.3453125000000001 0.440625 0.3453125000000001 0.440625 0.3843750000000001 0.446875 0.3843750000000001
2 0.37968750000000007 0.3984375000000001 0.3687500000000001 0.3984375000000001 0.3687500000000001 0.446875 0.37968750000000007 0.446875
2 0.35625000000000007 0.440625 0.3468750000000001 0.440625 0.3468750000000001 0.5015625 0.35625000000000007 0.5015625
2 0.3656250000000001 0.3765625 0.3593750000000001 0.3765625 0.3593750000000001 0.41875 0.3656250000000001 0.41875
2 0.37968750000000007 0.3750000000000001 0.37187500000000007 0.3750000000000001 0.37187500000000007 0.4171875 0.37968750000000007 0.4171875
2 0.39062500000000006 0.3531250000000001 0.384375 0.3531250000000001 0.384375 0.37968750000000007 0.3906250000000001 0.37968750000000007
2 0.7640625 0.3750000000000001 0.759375 0.3750000000000001 0.759375 0.4078125000000002 0.7640625 0.4078125000000002
0 0.2140625000000001 0.615625 0.2093750000000001 0.615625 0.2093750000000001 0.6265625 0.2140625000000001 0.6265625
2 0.2000000000000001 0.5671875 0.1843750000000001 0.5671875 0.1843750000000001 0.6375 0.2000000000000001 0.6375
2 0.2078125000000001 0.559375 0.19687500000000008 0.559375 0.19687500000000008 0.63125 0.2078125000000001 0.63125
2 0.2156250000000001 0.49375 0.20468750000000008 0.49375 0.20468750000000008 0.5484375 0.2156250000000001 0.5484375
2 0.20468750000000008 0.48125 0.19531250000000006 0.48125 0.19531250000000006 0.525 0.20468750000000008 0.525
2 0.2171875000000001 0.4375 0.21250000000000008 0.4375 0.21250000000000008 0.4640625 0.2171875000000001 0.4640625
2 0.3265625000000001 0.4515625 0.3156250000000001 0.4515625 0.3156250000000001 0.515625 0.3265625000000001 0.515625
2 0.3000000000000001 0.409375 0.29375000000000007 0.409375 0.29375000000000007 0.4515625 0.3000000000000001 0.4515625
2 0.3078125000000001 0.3984375 0.30156250000000007 0.3984375 0.30156250000000007 0.428125 0.3078125000000001 0.428125