2 0.5 0.35625000000000007 0.490625 0.35625000000000007 0.490625 0.4046875 0.5 0.4046875
2 0.4625 0.4203125 0.4484375 0.4203125 0.4484375 0.4921875 0.4625 0.4921875
2 0.446875 0.3906250000000001 0.43125 0.3906250000000001 0.43125 0.4515625 0.446875 0.4515625
2 0.403125 0.41875 0.3921875000000001 0.41875 0.3921875000000001 0.440625 0.403125 0.440625
2 0.44375 0.4296875 0.4296875 0.4296875 0.4296875 0.509375 0.44375 0.509375
2 0.5703125 0.540625 0.54375 0.540625 0.54375 0.6671875 0.5703125 0.6671875
2 0.6109375 0.4390625 0.5953125 0.4390625 0.5953125 0.515625 0.6109375 0.515625
2 0.5890625 0.40625 0.5765625 0.40625 0.5765625 0.471875 0.5890625 0.471875
2 0.715625 0.4890625 0.703125 0.4890625 0.703125 0.575 0.715625 0.575
2 0.6453125 0.3859375000000001 0.6375 0.3859375000000001 0.6375 0.44375 0.6453125 0.44375
2 0.6234375 0.3890625000000001 0.6140625 0.3890625000000001 0.6140625 0.4453125 0.6234375 0.4453125
2 0.6109375 0.3656250000000001 0.6015625 0.3656250000000001 0.6015625 0.4140625 0.6109375 0.4140625
2 0.6015625 0.3453125000000001 0.5953125 0.3453125000000001 0.5953125 0.3859375000000001 0.6015625 0.3859375000000001
2 0.596875 0.3531250000000001 0.5890625 0.3531250000000001 0.5890625 0.3937500000000001 0.596875 0.3937500000000001
2 0.534375 0.3343750000000001 0.5265625 0.3343750000000001 0.5265625 0.3765625000000001 0.534375 0.3765625000000001
2 0.5328125 0.33281250000000007 0.528125 0.33281250000000007 0.528125 0.3437500000000001 0.5328125 0.3437500000000001
2 0.3609375000000001 0.3796875 0.3546875000000001 0.3796875 0.3546875000000001 0.4234375 0.3609375000000001 0.4234375
2 0.3375000000000001 0.403125 0.3312500000000001 0.403125 0.3312500000000001 0.446875 0.3375000000000001 0.446875
2 0.3046875000000001 0.446875 0.2953125000000001 0.446875 0.2953125000000001 0.5109375 0.3046875000000001 0.5109375
2 0.3656250000000001 0.559375 0.3453125000000001 0.559375 0.3453125000000001 0.671875 0.3656250000000001 0.671875
2 0.23437500000000008 0.4375 0.22656250000000008 0.4375 0.22656250000000008 0.475 0.23437500000000008 0.475
2 0.778125 0.3812500000000001 0.7734375 0.3812500000000001 0.7734375 0.4078125000000002 0.778125 0.4078125000000002