2 0.5609375 0.3421875000000001 0.55625 0.3421875000000001 0.55625 0.37968750000000007 0.5609375 0.37968750000000007
2 0.6421875 0.36406250000000007 0.634375 0.36406250000000007 0.634375 0.4046875 0.6421875 0.4046875
2 0.634375 0.3546875000000001 0.6265625 0.3546875000000001 0.6265625 0.3968750000000001 0.634375 0.3968750000000001
2 0.6234375 0.34062500000000007 0.6171875 0.34062500000000007 0.6171875 0.3734375000000001 0.6234375 0.3734375000000001
2 0.61875 0.3390625000000001 0.6125 0.3390625000000001 0.6125 0.37187500000000007 0.61875 0.37187500000000007
2 0.7171875 0.3546875000000001 0.7125 0.3546875000000001 0.7125 0.3828125000000001 0.7171875 0.3828125000000001
2 0.7140625 0.3828125000000001 0.7078125 0.3828125000000001 0.7078125 0.425 0.7140625 0.425
2 0.6828125 0.34843750000000007 0.6765625 0.34843750000000007 0.6765625 0.3812500000000001 0.6828125 0.3812500000000001
2 0.74375 0.3703125000000001 0.7390625 0.3703125000000001 0.7390625 0.3984375000000001 0.74375 0.3984375000000001
2 0.759375 0.3734375000000001 0.7546875 0.3734375000000001 0.7546875 0.3984375000000001 0.759375 0.3984375000000001
2 0.7609375 0.3734375000000001 0.7578125 0.3734375000000001 0.7578125 0.4046875000000002 0.7609375 0.4046875000000002
2 0.765625 0.3765625000000001 0.7609375 0.3765625000000001 0.7609375 0.4046875000000002 0.765625 0.4046875000000002
2 0.7734375 0.37968750000000007 0.76875 0.37968750000000007 0.76875 0.4078125000000002 0.7734375 0.4078125000000002
2 0.7765625 0.3765625000000001 0.771875 0.3765625000000001 0.771875 0.4031250000000002 0.7765625 0.4031250000000002
2 0.78125 0.3859375000000001 0.7765625 0.3859375000000001 0.7765625 0.41406250000000017 0.78125 0.41406250000000017
2 0.784375 0.3781250000000001 0.78125 0.3781250000000001 0.78125 0.4031250000000002 0.784375 0.4031250000000002
2 0.7859375 0.3843750000000001 0.78125 0.3843750000000001 0.78125 0.4109375000000002 0.7859375 0.4109375000000002
2 0.7875 0.3734375000000001 0.784375 0.3734375000000001 0.784375 0.3859375000000001 0.7875 0.3859375000000001
2 0.7890625 0.3828125000000001 0.7859375 0.3828125000000001 0.7859375 0.4078125000000002 0.7890625 0.4078125000000002
2 0.790625 0.3859375000000001 0.7859375 0.3859375000000001 0.7859375 0.41718750000000016 0.790625 0.41718750000000016
2 0.3437500000000001 0.3796875 0.3375000000000001 0.3796875 0.3375000000000001 0.4171875 0.3437500000000001 0.4171875
2 0.91875 0.4703125000000002 0.9125 0.4703125000000002 0.9125 0.5000000000000002 0.91875 0.5000000000000002
0 0.9171875 0.4937500000000002 0.915625 0.4937500000000002 0.915625 0.5015625000000001 0.9171875 0.5015625000000001