2 0.4640625 0.4 0.453125 0.4 0.453125 0.4640625 0.4640625 0.4640625
2 0.453125 0.36406250000000007 0.440625 0.36406250000000007 0.440625 0.4109375 0.453125 0.4109375
2 0.4140625 0.3500000000000001 0.4078125 0.3500000000000001 0.4078125 0.3828125000000001 0.4140625 0.3828125000000001
2 0.4875 0.3343750000000001 0.48125 0.3343750000000001 0.48125 0.3671875000000001 0.4875 0.3671875000000001
2 0.38593750000000004 0.3515625000000001 0.38125 0.3515625000000001 0.38125000000000003 0.3828125000000001 0.3859375000000001 0.3828125000000001
2 0.38750000000000007 0.37187500000000007 0.3812500000000001 0.37187500000000007 0.3812500000000001 0.415625 0.38750000000000007 0.415625
2 0.3812500000000001 0.3828125000000001 0.3734375000000001 0.3828125000000001 0.3734375000000001 0.425 0.3812500000000001 0.425
2 0.3765625000000001 0.403125 0.3703125000000001 0.403125 0.3703125000000001 0.45625 0.3765625000000001 0.45625
2 0.3203125000000001 0.3890625 0.3140625000000001 0.3890625 0.3140625000000001 0.4296875 0.3203125000000001 0.4296875
2 0.2921875000000001 0.459375 0.2843750000000001 0.459375 0.2843750000000001 0.515625 0.2921875000000001 0.515625
2 0.2734375000000001 0.475 0.2640625000000001 0.475 0.2640625000000001 0.5359375 0.2734375000000001 0.5359375
2 0.2656250000000001 0.4390625 0.2593750000000001 0.4390625 0.2593750000000001 0.4828125 0.2656250000000001 0.4828125
2 0.2484375000000001 0.4328125 0.2390625000000001 0.4328125 0.2390625000000001 0.4703125 0.2484375000000001 0.4703125
2 0.20468750000000008 0.45 0.19843750000000004 0.45 0.19843750000000004 0.484375 0.20468750000000008 0.484375
0 0.2062500000000001 0.475 0.20312500000000008 0.475 0.20312500000000008 0.4828125 0.2062500000000001 0.4828125
2 0.5484375 0.3609375000000001 0.54375 0.3609375000000001 0.54375 0.4078125 0.5484375 0.4078125
2 0.553125 0.3671875000000001 0.546875 0.3671875000000001 0.546875 0.4140625 0.553125 0.4140625
2 0.54375 0.34062500000000007 0.5359375 0.34062500000000007 0.5359375 0.3750000000000001 0.54375 0.3750000000000001
2 0.61875 0.4125 0.6109375 0.4125 0.6109375 0.4734375 0.61875 0.4734375
2 0.603125 0.4 0.5953125 0.4 0.5953125 0.459375 0.603125 0.459375
2 0.5875 0.3578125000000001 0.5796875 0.3578125000000001 0.5796875 0.40625 0.5875 0.40625
2 0.5796875 0.37968750000000007 0.578125 0.37968750000000007 0.578125 0.3812500000000001 0.5796875 0.3812500000000001
2 0.596875 0.3625000000000001 0.590625 0.3625000000000001 0.590625 0.409375 0.596875 0.409375
2 0.615625 0.3843750000000001 0.609375 0.3843750000000001 0.609375 0.4421875 0.615625 0.4421875
2 0.7125 0.3687500000000001 0.70625 0.3687500000000001 0.70625 0.4015625 0.7125 0.4015625