2 0.715625 0.3515625000000001 0.7109375 0.3515625000000001 0.7109375 0.3812500000000001 0.715625 0.3812500000000001
2 0.628125 0.3546875000000001 0.621875 0.3546875000000001 0.621875 0.3843750000000001 0.628125 0.3843750000000001
2 0.5421875 0.34062500000000007 0.5328125 0.34062500000000007 0.5328125 0.37968750000000007 0.5421875 0.37968750000000007
2 0.553125 0.3218750000000001 0.5484375 0.3218750000000001 0.5484375 0.34843750000000007 0.553125 0.34843750000000007
0 0.5484375 0.3421875000000001 0.546875 0.3421875000000001 0.546875 0.34843750000000007 0.5484375 0.34843750000000007
2 0.6234375 0.3281250000000001 0.621875 0.3281250000000001 0.621875 0.3531250000000001 0.6234375 0.3531250000000001
2 0.603125 0.3296875000000001 0.5984375 0.3296875000000001 0.5984375 0.3546875000000001 0.603125 0.3546875000000001
2 0.5875 0.32500000000000007 0.5828125 0.32500000000000007 0.5828125 0.34843750000000007 0.5875 0.34843750000000007
2 0.559375 0.3203125000000001 0.5546875 0.3203125000000001 0.5546875 0.3468750000000001 0.559375 0.3468750000000001
2 0.584375 0.3187500000000001 0.58125 0.3187500000000001 0.58125 0.3421875000000001 0.584375 0.3421875000000001
2 0.553125 0.3140625000000001 0.5484375 0.3140625000000001 0.5484375 0.3281250000000001 0.553125 0.3281250000000001
2 0.5296875 0.32500000000000007 0.525 0.32500000000000007 0.525 0.3515625000000001 0.5296875 0.3515625000000001
2 0.5265625 0.3187500000000001 0.521875 0.3187500000000001 0.521875 0.3453125000000001 0.5265625 0.3453125000000001
2 0.48125 0.3437500000000001 0.471875 0.3437500000000001 0.471875 0.3812500000000001 0.48125 0.3812500000000001
2 0.4671875 0.33281250000000007 0.4625 0.33281250000000007 0.4625 0.3515625000000001 0.4671875 0.3515625000000001
2 0.3687500000000001 0.384375 0.3625000000000001 0.384375 0.3625000000000001 0.428125 0.3687500000000001 0.428125
2 0.36875 0.3609375 0.3625 0.3609375 0.36250000000000004 0.38906250000000003 0.3687500000000001 0.3890625000000001
2 0.403125 0.3375000000000001 0.3984375 0.3375000000000001 0.39843750000000006 0.36406250000000007 0.403125 0.36406250000000007
2 0.4109375 0.3375000000000001 0.4046875 0.3375000000000001 0.4046875 0.3593750000000001 0.4109375 0.3593750000000001
2 0.45625 0.3187500000000001 0.4515625 0.3187500000000001 0.4515625 0.34843750000000007 0.45625 0.34843750000000007
2 0.4734375 0.31718750000000007 0.46875 0.31718750000000007 0.46875 0.3421875000000001 0.4734375 0.3421875000000001
2 0.46875 0.3265625000000001 0.4640625 0.3265625000000001 0.4640625 0.3515625000000001 0.46875 0.3515625000000001
2 0.2468750000000001 0.4109375 0.2406250000000001 0.4109375 0.2406250000000001 0.4390625 0.2468750000000001 0.4390625