2 0.46875 0.3734375000000001 0.4578125 0.3734375000000001 0.4578125 0.4328125 0.46875 0.4328125
2 0.4453125 0.36406250000000007 0.4375 0.36406250000000007 0.4375 0.4109375 0.4453125 0.4109375
2 0.4453125 0.3359375000000001 0.4390625 0.3359375000000001 0.4390625 0.3671875000000001 0.4453125 0.3671875000000001
2 0.4375 0.3421875000000001 0.4296875 0.3421875000000001 0.4296875 0.3750000000000001 0.4375 0.3750000000000001
2 0.5515625 0.3593750000000001 0.540625 0.3593750000000001 0.540625 0.403125 0.5515625 0.403125
2 0.5921875 0.34843750000000007 0.5828125 0.34843750000000007 0.5828125 0.3890625000000001 0.5921875 0.3890625000000001
2 0.6125 0.3515625000000001 0.603125 0.3515625000000001 0.603125 0.3906250000000001 0.6125 0.3906250000000001
2 0.6203125 0.3609375000000001 0.609375 0.3609375000000001 0.609375 0.4078125 0.6203125 0.4078125
2 0.6671875 0.3750000000000001 0.6546875 0.3750000000000001 0.6546875 0.4171875 0.6671875 0.4171875
2 0.7234375 0.40625 0.7109375 0.40625 0.7109375 0.45625 0.7234375 0.45625
2 0.7375 0.3906250000000001 0.728125 0.3906250000000001 0.728125 0.43281250000000016 0.7375 0.43281250000000016
2 0.775 0.4312500000000002 0.7640625 0.4312500000000002 0.7640625 0.4812500000000002 0.775 0.4812500000000002
2 0.8078125 0.4734375000000002 0.7953125 0.4734375000000002 0.7953125 0.5187500000000002 0.8078125 0.5187500000000002
2 0.8046875 0.4968750000000002 0.7953125 0.4968750000000002 0.7953125 0.5609375000000002 0.8046875 0.5609375000000002
0 0.8046875 0.5484375000000001 0.8015625 0.5484375000000001 0.8015625 0.5593750000000002 0.8046875 0.5593750000000002
2 0.75625 0.3906250000000001 0.7484375 0.3906250000000001 0.7484375 0.4234375000000002 0.75625 0.4234375000000002
2 0.7984375 0.3859375000000001 0.7921875 0.3859375000000001 0.7921875 0.4125000000000002 0.7984375 0.4125000000000002
2 0.71875 0.3625000000000001 0.7125 0.3625000000000001 0.7125 0.3921875000000001 0.71875 0.3921875000000001
2 0.7046875 0.3546875000000001 0.7 0.3546875000000001 0.7 0.3812500000000001 0.7046875 0.3812500000000001
2 0.68125 0.3468750000000001 0.675 0.3468750000000001 0.675 0.3750000000000001 0.68125 0.3750000000000001
2 0.6890625 0.3453125000000001 0.6828125 0.3453125000000001 0.6828125 0.37187500000000007 0.6890625 0.37187500000000007
2 0.690625 0.3546875000000001 0.684375 0.3546875000000001 0.684375 0.3828125000000001 0.690625 0.3828125000000001
2 0.65625 0.3421875000000001 0.65 0.3421875000000001 0.65 0.3734375000000001 0.65625 0.3734375000000001
2 0.27812500000000007 0.403125 0.2734375000000001 0.403125 0.2734375000000001 0.4359375 0.27812500000000007 0.4359375