2 0.3312500000000001 0.3796875 0.3265625000000001 0.3796875 0.3265625000000001 0.4078125 0.3312500000000001 0.4078125
2 0.5453125 0.3343750000000001 0.5390625 0.3343750000000001 0.5390625 0.3687500000000001 0.5453125 0.3687500000000001
2 0.5453125 0.3234375000000001 0.540625 0.3234375000000001 0.540625 0.3468750000000001 0.5453125 0.3468750000000001
2 0.571875 0.3375000000000001 0.5671875 0.3375000000000001 0.5671875 0.3703125000000001 0.571875 0.3703125000000001
2 0.55625 0.3265625000000001 0.553125 0.3265625000000001 0.553125 0.3531250000000001 0.55625 0.3531250000000001
2 0.6296875 0.3687500000000001 0.6234375 0.3687500000000001 0.6234375 0.4109375 0.6296875 0.4109375
2 0.6296875 0.3375000000000001 0.625 0.3375000000000001 0.625 0.3656250000000001 0.6296875 0.3656250000000001
2 0.6671875 0.3390625000000001 0.6640625 0.3390625000000001 0.6640625 0.3656250000000001 0.6671875 0.3656250000000001
2 0.671875 0.3453125000000001 0.66875 0.3453125000000001 0.66875 0.3734375000000001 0.671875 0.3734375000000001
2 0.6734375 0.33281250000000007 0.6703125 0.33281250000000007 0.6703125 0.3546875000000001 0.6734375 0.3546875000000001
2 0.703125 0.3500000000000001 0.7 0.3500000000000001 0.7 0.3734375000000001 0.703125 0.3734375000000001
2 0.7171875 0.3578125000000001 0.7125 0.3578125000000001 0.7125 0.3843750000000001 0.7171875 0.3843750000000001
2 0.709375 0.3437500000000001 0.70625 0.3437500000000001 0.70625 0.3625000000000001 0.709375 0.3625000000000001
2 0.7953125 0.4000000000000002 0.7921875 0.4000000000000002 0.7921875 0.4265625000000002 0.7953125 0.4265625000000002
2 0.7765625 0.3828125000000001 0.7734375 0.3828125000000001 0.7734375 0.4078125000000002 0.7765625 0.4078125000000002
2 0.778125 0.3765625000000001 0.775 0.3765625000000001 0.775 0.40156250000000016 0.778125 0.40156250000000016
2 0.75 0.3656250000000001 0.746875 0.3656250000000001 0.746875 0.3906250000000001 0.75 0.3906250000000001
2 0.7265625 0.35625000000000007 0.7234375 0.35625000000000007 0.7234375 0.3781250000000001 0.7265625 0.3781250000000001
2 0.703125 0.3421875000000001 0.7 0.3421875000000001 0.7 0.35625000000000007 0.703125 0.35625000000000007
2 0.69375 0.3375000000000001 0.6921875 0.3375000000000001 0.6921875 0.3531250000000001 0.69375 0.3531250000000001
2 0.690625 0.3375000000000001 0.6875 0.3375000000000001 0.6875 0.3531250000000001 0.690625 0.3531250000000001
0 0.6875 0.3468750000000001 0.6859375 0.3468750000000001 0.6859375 0.3531250000000001 0.6875 0.3531250000000001
2 0.6875 0.3359375000000001 0.6859375 0.3359375000000001 0.6859375 0.3531250000000001 0.6875 0.3531250000000001