2 0.4015625 0.3578125000000001 0.396875 0.3578125000000001 0.39687500000000003 0.3921875000000001 0.4015625 0.3921875000000001
2 0.5296875 0.3421875000000001 0.5234375 0.3421875000000001 0.5234375 0.37968750000000007 0.5296875 0.37968750000000007
2 0.525 0.34062500000000007 0.5203125 0.34062500000000007 0.5203125 0.3734375000000001 0.525 0.3734375000000001
2 0.6046875 0.3515625000000001 0.6015625 0.3515625000000001 0.6015625 0.3843750000000001 0.6046875 0.3843750000000001
2 0.6234375 0.3609375000000001 0.61875 0.3609375000000001 0.61875 0.4015625 0.6234375 0.4015625
2 0.6390625 0.34062500000000007 0.634375 0.34062500000000007 0.634375 0.3703125000000001 0.6390625 0.3703125000000001
2 0.709375 0.3687500000000001 0.7046875 0.3687500000000001 0.7046875 0.3984375000000001 0.709375 0.3984375000000001
0 0.640625 0.3656250000000001 0.6390625 0.3656250000000001 0.6390625 0.37187500000000007 0.640625 0.37187500000000007
2 0.821875 0.42968750000000017 0.8171875 0.42968750000000017 0.8171875 0.4625000000000002 0.821875 0.4625000000000002
2 0.7984375 0.40937500000000016 0.79375 0.40937500000000016 0.79375 0.44062500000000016 0.7984375 0.44062500000000016
2 0.7828125 0.3984375000000001 0.778125 0.3984375000000001 0.778125 0.42968750000000017 0.7828125 0.42968750000000017
2 0.7421875 0.3828125000000001 0.7359375 0.3828125000000001 0.7359375 0.4156250000000002 0.7421875 0.4156250000000002
2 0.715625 0.3546875000000001 0.7125 0.3546875000000001 0.7125 0.37968750000000007 0.715625 0.37968750000000007
2 0.78125 0.3734375000000001 0.778125 0.3734375000000001 0.778125 0.3984375000000001 0.78125 0.3984375000000001
2 0.75625 0.3843750000000001 0.75 0.3843750000000001 0.75 0.41718750000000016 0.75625 0.41718750000000016
2 0.76875 0.3890625000000001 0.765625 0.3890625000000001 0.765625 0.4203125000000002 0.76875 0.4203125000000002
2 0.7703125 0.38750000000000007 0.76875 0.38750000000000007 0.76875 0.4203125000000002 0.7703125 0.4203125000000002
2 0.7578125 0.37968750000000007 0.7546875 0.37968750000000007 0.7546875 0.4125000000000002 0.7578125 0.4125000000000002
2 0.75625 0.3765625000000001 0.753125 0.3765625000000001 0.753125 0.3937500000000001 0.75625 0.3937500000000001
2 0.7 0.3453125000000001 0.696875 0.3453125000000001 0.696875 0.3671875000000001 0.7 0.3671875000000001
2 0.6921875 0.3531250000000001 0.6875 0.3531250000000001 0.6875 0.37968750000000007 0.6921875 0.37968750000000007
2 0.6921875 0.3500000000000001 0.690625 0.3500000000000001 0.690625 0.3671875000000001 0.6921875 0.3671875000000001
2 0.690625 0.3500000000000001 0.6875 0.3500000000000001 0.6875 0.3781250000000001 0.690625 0.3781250000000001
2 0.9265625 0.5140625000000002 0.9203125 0.5140625000000002 0.9203125 0.5546875000000002 0.9265625 0.5546875000000002