0 0.428125 0.4890625 0.421875 0.4890625 0.421875 0.5015625 0.428125 0.5015625
2 0.4234375 0.41875 0.4125 0.41875 0.4125 0.4890625 0.4234375 0.4890625
2 0.4890625 0.3578125000000001 0.48125 0.3578125000000001 0.48125 0.40625 0.4890625 0.40625
2 0.53125 0.4421875 0.5125 0.4421875 0.5125 0.5328125 0.53125 0.5328125
2 0.6515625 0.3625000000000001 0.64375 0.3625000000000001 0.64375 0.4015625 0.6515625 0.4015625
2 0.578125 0.34843750000000007 0.5703125 0.34843750000000007 0.5703125 0.38750000000000007 0.578125 0.38750000000000007
2 0.3296875000000001 0.3796875 0.32500000000000007 0.3796875 0.32500000000000007 0.4125 0.3296875000000001 0.4125
2 0.3296875000000001 0.3921875 0.3234375000000001 0.3921875 0.3234375000000001 0.434375 0.3296875000000001 0.434375
2 0.32500000000000007 0.3828125 0.3187500000000001 0.3828125 0.3187500000000001 0.415625 0.32500000000000007 0.415625
2 0.3031250000000001 0.415625 0.2953125000000001 0.415625 0.2953125000000001 0.4609375 0.3031250000000001 0.4609375
2 0.2984375000000001 0.4171875 0.2890625000000001 0.4171875 0.2890625000000001 0.459375 0.2984375000000001 0.459375
2 0.2687500000000001 0.44375 0.2593750000000001 0.44375 0.2593750000000001 0.4921875 0.2687500000000001 0.4921875
2 0.2843750000000001 0.40625 0.27812500000000007 0.40625 0.27812500000000007 0.4484375 0.2843750000000001 0.4484375
2 0.28593750000000007 0.3984375 0.2796875000000001 0.3984375 0.2796875000000001 0.4296875 0.28593750000000007 0.4296875
2 0.2718750000000001 0.4078125 0.2656250000000001 0.4078125 0.2656250000000001 0.4453125 0.2718750000000001 0.4453125
2 0.24375000000000008 0.4328125 0.2375000000000001 0.4328125 0.2375000000000001 0.4703125 0.24375000000000008 0.4703125
2 0.2593750000000001 0.4359375 0.2531250000000001 0.4359375 0.2531250000000001 0.475 0.2593750000000001 0.475
2 0.2578125000000001 0.4296875 0.2515625000000001 0.4296875 0.2515625000000001 0.4515625 0.2578125000000001 0.4515625
2 0.2312500000000001 0.49375 0.21875000000000008 0.49375 0.21875000000000008 0.5515625 0.2312500000000001 0.5515625
2 0.21875000000000008 0.4953125 0.21093750000000008 0.4953125 0.21093750000000008 0.553125 0.21875000000000008 0.553125
2 0.19843750000000004 0.4828125 0.18906250000000005 0.4828125 0.18906250000000005 0.5296875 0.19843750000000004 0.5296875
2 0.20468750000000008 0.4328125 0.19843750000000004 0.4328125 0.19843750000000004 0.4625 0.20468750000000008 0.4625
2 0.11093750000000009 0.5671875 0.10156250000000008 0.5671875 0.10156250000000008 0.621875 0.11093750000000009 0.621875