2 0.5296875 0.3890625000000001 0.515625 0.3890625000000001 0.515625 0.453125 0.5296875 0.453125
2 0.4640625 0.3937500000000001 0.45 0.3937500000000001 0.45 0.4515625 0.4640625 0.4515625
2 0.471875 0.3312500000000001 0.4640625 0.3312500000000001 0.4640625 0.36406250000000007 0.471875 0.36406250000000007
2 0.4625 0.3421875000000001 0.4546875 0.3421875000000001 0.4546875 0.37968750000000007 0.4625 0.37968750000000007
2 0.4203125 0.3656250000000001 0.409375 0.3656250000000001 0.409375 0.4140625 0.4203125 0.4140625
2 0.5984375 0.3500000000000001 0.590625 0.3500000000000001 0.590625 0.38750000000000007 0.5984375 0.38750000000000007
2 0.5625 0.33281250000000007 0.55625 0.33281250000000007 0.55625 0.36406250000000007 0.5625 0.36406250000000007
2 0.621875 0.34843750000000007 0.6140625 0.34843750000000007 0.6140625 0.3890625000000001 0.621875 0.3890625000000001
2 0.6421875 0.34062500000000007 0.6359375 0.34062500000000007 0.6359375 0.3734375000000001 0.6421875 0.3734375000000001
2 0.659375 0.33281250000000007 0.653125 0.33281250000000007 0.653125 0.3578125000000001 0.659375 0.3578125000000001
2 0.6640625 0.3390625000000001 0.6578125 0.3390625000000001 0.6578125 0.36406250000000007 0.6640625 0.36406250000000007
2 0.6765625 0.34062500000000007 0.671875 0.34062500000000007 0.671875 0.3687500000000001 0.6765625 0.3687500000000001
2 0.69375 0.34843750000000007 0.6890625 0.34843750000000007 0.6890625 0.3750000000000001 0.69375 0.3750000000000001
2 0.7015625 0.3593750000000001 0.696875 0.3593750000000001 0.696875 0.38750000000000007 0.7015625 0.38750000000000007
2 0.7078125 0.3531250000000001 0.7015625 0.3531250000000001 0.7015625 0.37968750000000007 0.7078125 0.37968750000000007
2 0.7390625 0.3734375000000001 0.7328125 0.3734375000000001 0.7328125 0.40625000000000017 0.7390625 0.40625000000000017
2 0.7296875 0.4125000000000001 0.7203125 0.4125 0.7203125 0.46562500000000007 0.7296875 0.4656250000000002
2 0.76875 0.4812500000000002 0.7578125 0.4812500000000002 0.7578125 0.5468750000000002 0.76875 0.5468750000000002
2 0.809375 0.4421875000000002 0.803125 0.4421875000000002 0.803125 0.4859375000000002 0.809375 0.4859375000000002
2 0.765625 0.39531250000000007 0.759375 0.39531250000000007 0.759375 0.43281250000000016 0.765625 0.43281250000000016
2 0.7828125 0.3765625000000001 0.778125 0.3765625000000001 0.778125 0.4031250000000002 0.7828125 0.4031250000000002
2 0.2906250000000001 0.396875 0.2843750000000001 0.396875 0.2843750000000001 0.428125 0.2906250000000001 0.428125
0 0.6796875 0.3609375000000001 0.678125 0.3609375000000001 0.678125 0.3671875000000001 0.6796875 0.3671875000000001
2 0.6953125 0.3593750000000001 0.6890625 0.3593750000000001 0.6890625 0.3906250000000001 0.6953125 0.3906250000000001