2 0.4484375 0.3531250000000001 0.4421875 0.3531250000000001 0.4421875 0.3921875000000001 0.4484375 0.3921875000000001
2 0.4578125 0.3265625000000001 0.453125 0.3265625000000001 0.453125 0.3578125000000001 0.4578125 0.3578125000000001
2 0.48125 0.3187500000000001 0.4765625 0.3187500000000001 0.4765625 0.3437500000000001 0.48125 0.3437500000000001
2 0.5140625 0.3218750000000001 0.5078125 0.3218750000000001 0.5078125 0.34843750000000007 0.5140625 0.34843750000000007
2 0.5859375 0.32500000000000007 0.58125 0.32500000000000007 0.58125 0.3515625000000001 0.5859375 0.3515625000000001
2 0.534375 0.3156250000000001 0.5296875 0.3156250000000001 0.5296875 0.3296875000000001 0.534375 0.3296875000000001
2 0.60625 0.3156250000000001 0.603125 0.3156250000000001 0.603125 0.33281250000000007 0.60625 0.33281250000000007
2 0.6296875 0.3343750000000001 0.6265625 0.3343750000000001 0.6265625 0.3625000000000001 0.6296875 0.3625000000000001
2 0.696875 0.3468750000000001 0.6953125 0.3468750000000001 0.6953125 0.3687500000000001 0.696875 0.3687500000000001
2 0.4046875 0.3578125000000001 0.3984375 0.3578125000000001 0.39843750000000006 0.39531250000000007 0.4046875 0.39531250000000007
2 0.440625 0.3312500000000001 0.434375 0.3312500000000001 0.434375 0.35625000000000007 0.440625 0.35625000000000007
2 0.4359375 0.3203125000000001 0.4328125 0.3203125000000001 0.4328125 0.3421875000000001 0.4359375 0.3421875000000001
2 0.384375 0.3421875000000001 0.38125 0.3421875000000001 0.38125000000000003 0.36406250000000007 0.3843750000000001 0.36406250000000007
2 0.390625 0.3375000000000001 0.3859375 0.3375000000000001 0.3859375 0.3609375000000001 0.390625 0.3609375000000001
2 0.396875 0.3312500000000001 0.3921875 0.3312500000000001 0.3921875 0.3531250000000001 0.396875 0.3531250000000001
2 0.34843750000000007 0.35625 0.3453125 0.35625 0.3453125 0.3828125 0.34843750000000007 0.3828125
2 0.36250000000000004 0.340625 0.359375 0.340625 0.35937500000000006 0.3640625 0.3625000000000001 0.3640625
2 0.36875 0.34062500000000007 0.365625 0.34062500000000007 0.365625 0.3625000000000001 0.36875 0.3625000000000001
2 0.3265625000000001 0.409375 0.3187500000000001 0.409375 0.3187500000000001 0.4625 0.3265625000000001 0.4625
2 0.32500000000000007 0.3828125 0.3187500000000001 0.3828125 0.3187500000000001 0.4125 0.32500000000000007 0.4125
2 0.2484375000000001 0.4046875 0.24375000000000008 0.4046875 0.24375000000000008 0.43125 0.2484375000000001 0.43125
2 0.5046875 0.30937500000000007 0.5 0.30937500000000007 0.5 0.3359375000000001 0.5046875 0.3359375000000001
2 0.5 0.3062500000000001 0.496875 0.3062500000000001 0.496875 0.3343750000000001 0.5 0.3343750000000001