2 0.4640625 0.415625 0.453125 0.415625 0.453125 0.4875 0.4640625 0.4875
2 0.440625 0.4171875 0.4234375 0.4171875 0.4234375 0.490625 0.440625 0.490625
2 0.4828125 0.3625000000000001 0.475 0.3625000000000001 0.475 0.415625 0.4828125 0.415625
2 0.5125 0.3359375000000001 0.5046875 0.3359375000000001 0.5046875 0.3671875000000001 0.5125 0.3671875000000001
2 0.5765625 0.32500000000000007 0.571875 0.32500000000000007 0.571875 0.3515625000000001 0.5765625 0.3515625000000001
2 0.66875 0.3984375000000001 0.6609375 0.3984375000000001 0.6609375 0.45625 0.66875 0.45625
2 0.6921875 0.4015625 0.684375 0.4015625 0.684375 0.4546875 0.6921875 0.4546875
2 0.7109375 0.3609375000000001 0.70625 0.3609375000000001 0.70625 0.3906250000000001 0.7109375 0.3906250000000001
2 0.746875 0.37187500000000007 0.7421875 0.37187500000000007 0.7421875 0.4000000000000002 0.746875 0.4000000000000002
2 0.7671875 0.3812500000000001 0.7609375 0.3812500000000001 0.7609375 0.4109375000000002 0.7671875 0.4109375000000002
2 0.7625 0.39531250000000007 0.7546875 0.39531250000000007 0.7546875 0.43750000000000017 0.7625 0.43750000000000017
2 0.775 0.41718750000000016 0.765625 0.41718750000000016 0.765625 0.4625000000000002 0.775 0.4625000000000002
2 0.7796875 0.41718750000000016 0.7734375 0.41718750000000016 0.7734375 0.4593750000000002 0.7796875 0.4593750000000002
2 0.79375 0.4046875000000002 0.7875 0.4046875000000002 0.7875 0.4390625000000002 0.79375 0.4390625000000002
2 0.8015625 0.4078125000000002 0.796875 0.4078125000000002 0.796875 0.4390625000000002 0.8015625 0.4390625000000002
2 0.8046875 0.4109375000000002 0.7984375 0.4109375000000002 0.7984375 0.4437500000000002 0.8046875 0.4437500000000002
2 0.81875 0.4156250000000002 0.8125 0.4156250000000002 0.8125 0.44843750000000016 0.81875 0.44843750000000016
2 0.7984375 0.3890625000000001 0.79375 0.3890625000000001 0.79375 0.41406250000000017 0.7984375 0.41406250000000017
2 0.8640625 0.4578125000000002 0.859375 0.4578125000000002 0.859375 0.48750000000000016 0.8640625 0.48750000000000016
2 0.865625 0.4625000000000002 0.8578125 0.4625000000000002 0.8578125 0.5000000000000002 0.865625 0.5000000000000002
2 0.821875 0.4812500000000002 0.8109375 0.4812500000000002 0.8109375 0.5375000000000002 0.821875 0.5375000000000002
2 0.8265625 0.5546875000000002 0.8078125 0.5546875000000002 0.8078125 0.6484375000000002 0.8265625 0.6484375000000002
0 0.828125 0.5828125000000002 0.821875 0.5828125000000002 0.821875 0.6000000000000002 0.828125 0.6000000000000002
2 0.2515625000000001 0.4171875 0.2453125000000001 0.4171875 0.2453125000000001 0.45625 0.2515625000000001 0.45625