2 0.4859375 0.4171875 0.4765625 0.4171875 0.4765625 0.490625 0.4859375 0.490625
2 0.4671875 0.409375 0.4515625 0.409375 0.4515625 0.484375 0.4671875 0.484375
2 0.4765625 0.3656250000000001 0.4625 0.3656250000000001 0.4625 0.4203125 0.4765625 0.4203125
2 0.478125 0.36406250000000007 0.46875 0.36406250000000007 0.46875 0.3890625000000001 0.478125 0.3890625000000001
2 0.478125 0.3500000000000001 0.4703125 0.3500000000000001 0.4703125 0.3937500000000001 0.478125 0.3937500000000001
2 0.5734375 0.3437500000000001 0.5671875 0.3437500000000001 0.5671875 0.3812500000000001 0.5734375 0.3812500000000001
2 0.58125 0.3468750000000001 0.5734375 0.3468750000000001 0.5734375 0.3890625000000001 0.58125 0.3890625000000001
2 0.5765625 0.3656250000000001 0.5703125 0.3656250000000001 0.5703125 0.3984375000000001 0.5765625 0.3984375000000001
2 0.5796875 0.38750000000000007 0.5703125 0.38750000000000007 0.5703125 0.446875 0.5796875 0.446875
2 0.59375 0.3859375000000001 0.584375 0.3859375000000001 0.584375 0.4484375 0.59375 0.4484375
2 0.6359375 0.36406250000000007 0.628125 0.36406250000000007 0.628125 0.4078125 0.6359375 0.4078125
2 0.621875 0.428125 0.6125 0.428125 0.6125 0.5 0.621875 0.5
2 0.6390625 0.41875 0.6296875 0.41875 0.6296875 0.4921875 0.6390625 0.4921875
2 0.6875 0.3625000000000001 0.68125 0.3625000000000001 0.68125 0.4 0.6875 0.4
2 0.6953125 0.36406250000000007 0.6890625 0.36406250000000007 0.6890625 0.3968750000000001 0.6953125 0.3968750000000001
2 0.696875 0.4046875 0.6890625 0.4046875 0.6890625 0.4609375 0.696875 0.4609375
2 0.703125 0.38750000000000007 0.696875 0.38750000000000007 0.696875 0.43125 0.703125 0.43125
2 0.7390625 0.3828125000000001 0.7328125 0.3828125000000001 0.7328125 0.4234375000000002 0.7390625 0.4234375000000002
2 0.75 0.3843750000000001 0.74375 0.3843750000000001 0.74375 0.42187500000000017 0.75 0.42187500000000017
2 0.753125 0.40937500000000016 0.746875 0.40937500000000016 0.746875 0.4593750000000002 0.753125 0.4593750000000002
2 0.7515625 0.4500000000000002 0.740625 0.4500000000000002 0.740625 0.5109375000000002 0.7515625 0.5109375000000002
2 0.821875 0.4031250000000002 0.8171875 0.4031250000000002 0.8171875 0.4312500000000002 0.821875 0.4312500000000002
0 0.8015625 0.4187500000000002 0.8 0.4187500000000002 0.8 0.42500000000000016 0.8015625 0.42500000000000016
2 0.2968750000000001 0.403125 0.2906250000000001 0.403125 0.2906250000000001 0.4375 0.2968750000000001 0.4375