2 0.3500000000000001 0.365625 0.3453125000000001 0.365625 0.3453125000000001 0.39375 0.3500000000000001 0.39375
2 0.4875 0.3312500000000001 0.4828125 0.3312500000000001 0.4828125 0.3609375000000001 0.4875 0.3609375000000001
2 0.49375 0.3218750000000001 0.490625 0.3218750000000001 0.490625 0.3500000000000001 0.49375 0.3500000000000001
2 0.5125 0.3234375000000001 0.5078125 0.3234375000000001 0.5078125 0.34062500000000007 0.5125 0.34062500000000007
2 0.5875 0.3312500000000001 0.58125 0.3312500000000001 0.58125 0.3625000000000001 0.5875 0.3625000000000001
2 0.5609375 0.3187500000000001 0.5578125 0.3187500000000001 0.5578125 0.3453125000000001 0.5609375 0.3453125000000001
2 0.5140625 0.3156250000000001 0.509375 0.3156250000000001 0.509375 0.34062500000000007 0.5140625 0.34062500000000007
2 0.5671875 0.3203125000000001 0.5625 0.3203125000000001 0.5625 0.3468750000000001 0.5671875 0.3468750000000001
2 0.6140625 0.3375000000000001 0.609375 0.3375000000000001 0.609375 0.3671875000000001 0.6140625 0.3671875000000001
2 0.5984375 0.3203125000000001 0.59375 0.3203125000000001 0.59375 0.3437500000000001 0.5984375 0.3437500000000001
2 0.6125 0.32500000000000007 0.609375 0.32500000000000007 0.609375 0.3421875000000001 0.6125 0.3421875000000001
2 0.684375 0.37187500000000007 0.6796875 0.37187500000000007 0.6796875 0.409375 0.684375 0.409375
2 0.621875 0.3296875000000001 0.61875 0.3296875000000001 0.61875 0.3515625000000001 0.621875 0.3515625000000001
2 0.640625 0.3312500000000001 0.6375 0.3312500000000001 0.6375 0.3546875000000001 0.640625 0.3546875000000001
2 0.6515625 0.33281250000000007 0.65 0.33281250000000007 0.65 0.3546875000000001 0.6515625 0.3546875000000001
2 0.659375 0.33281250000000007 0.6578125 0.33281250000000007 0.6578125 0.3500000000000001 0.659375 0.3500000000000001
2 0.7328125 0.37968750000000007 0.728125 0.37968750000000007 0.728125 0.4109375000000002 0.7328125 0.4109375000000002
2 0.709375 0.3531250000000001 0.70625 0.3531250000000001 0.70625 0.3812500000000001 0.709375 0.3812500000000001
2 0.6875 0.34062500000000007 0.684375 0.34062500000000007 0.684375 0.3625000000000001 0.6875 0.3625000000000001
2 0.7796875 0.3750000000000001 0.775 0.3750000000000001 0.775 0.40156250000000016 0.7796875 0.40156250000000016
2 0.6609375 0.32500000000000007 0.6578125 0.32500000000000007 0.6578125 0.34062500000000007 0.6609375 0.34062500000000007
0 0.6609375 0.3203125000000001 0.659375 0.3203125000000001 0.659375 0.3218750000000001 0.6609375 0.3218750000000001
2 0.5640625 0.3156250000000001 0.5625 0.3156250000000001 0.5625 0.3375000000000001 0.5640625 0.3375000000000001
2 0.5609375 0.3156250000000001 0.559375 0.3156250000000001 0.559375 0.3375000000000001 0.5609375 0.3375000000000001