2 0.5000000000000001 0.5875 0.475 0.5875 0.4750000000000001 0.728125 0.5000000000000002 0.728125
2 0.4515625 0.5 0.4375 0.5 0.4375 0.596875 0.4515625 0.596875
2 0.4421875 0.37968750000000007 0.4359375 0.37968750000000007 0.4359375 0.4328125 0.4421875 0.4328125
2 0.4328125 0.3781250000000001 0.425 0.3781250000000001 0.425 0.4265625 0.4328125 0.4265625
2 0.475 0.3468750000000001 0.46875 0.3468750000000001 0.46875 0.3921875000000001 0.475 0.3921875000000001
2 0.4609375 0.3390625000000001 0.45625 0.3390625000000001 0.45625 0.3703125000000001 0.4609375 0.3703125000000001
2 0.540625 0.3671875000000001 0.5296875 0.3671875000000001 0.5296875 0.4125 0.540625 0.4125
2 0.5515625 0.3687500000000001 0.5453125 0.3687500000000001 0.5453125 0.4140625 0.5515625 0.4140625
2 0.584375 0.3625000000000001 0.578125 0.3625000000000001 0.578125 0.4046875 0.584375 0.4046875
2 0.6171875 0.3609375000000001 0.6109375 0.3609375000000001 0.6109375 0.403125 0.6171875 0.403125
2 0.6359375 0.3984375000000001 0.625 0.3984375000000001 0.625 0.4515625 0.6359375 0.4515625
2 0.634375 0.3687500000000001 0.628125 0.3687500000000001 0.628125 0.4125 0.634375 0.4125
2 0.5484375 0.3296875000000001 0.5421875 0.3296875000000001 0.5421875 0.3593750000000001 0.5484375 0.3593750000000001
2 0.5828125 0.33281250000000007 0.5765625 0.33281250000000007 0.5765625 0.3656250000000001 0.5828125 0.3656250000000001
2 0.6171875 0.33281250000000007 0.6140625 0.33281250000000007 0.6140625 0.3578125000000001 0.6171875 0.3578125000000001
2 0.6640625 0.3750000000000001 0.65625 0.3750000000000001 0.65625 0.41875 0.6640625 0.41875
2 0.6953125 0.3468750000000001 0.690625 0.3468750000000001 0.690625 0.3750000000000001 0.6953125 0.3750000000000001
2 0.7484375 0.3609375000000001 0.7453125 0.3609375000000001 0.7453125 0.3843750000000001 0.7484375 0.3843750000000001
2 0.78125 0.40625000000000017 0.7734375 0.40625000000000017 0.7734375 0.4390625000000002 0.78125 0.4390625000000002
2 0.790625 0.3906250000000001 0.784375 0.3906250000000001 0.784375 0.41406250000000017 0.790625 0.41406250000000017
0 0.7859375 0.40625000000000017 0.784375 0.40625000000000017 0.784375 0.4125000000000002 0.7859375 0.4125000000000002
2 0.8421875 0.4203125000000002 0.8375 0.4203125000000002 0.8375 0.4500000000000002 0.8421875 0.4500000000000002
2 0.8984375 0.5203125000000002 0.8859375 0.5203125000000002 0.8859375 0.5828125000000002 0.8984375 0.5828125000000002
2 0.2500000000000001 0.4140625 0.2453125000000001 0.4140625 0.2453125000000001 0.446875 0.2500000000000001 0.446875