2 0.5140625 0.3531250000000001 0.5046875 0.3531250000000001 0.5046875 0.39531250000000007 0.5140625 0.39531250000000007
2 0.4984375 0.3515625000000001 0.4859375 0.3515625000000001 0.4859375 0.39531250000000007 0.4984375 0.39531250000000007
2 0.4890625 0.3312500000000001 0.4828125 0.3312500000000001 0.4828125 0.37187500000000007 0.4890625 0.37187500000000007
2 0.51875 0.3234375000000001 0.5125 0.3234375000000001 0.5125 0.3546875000000001 0.51875 0.3546875000000001
2 0.5640625 0.33281250000000007 0.5578125 0.33281250000000007 0.5578125 0.3656250000000001 0.5640625 0.3656250000000001
2 0.5734375 0.3343750000000001 0.5671875 0.3343750000000001 0.5671875 0.3671875000000001 0.5734375 0.3671875000000001
2 0.5875 0.3265625000000001 0.5828125 0.3265625000000001 0.5828125 0.35625000000000007 0.5875 0.35625000000000007
2 0.5984375 0.32500000000000007 0.5953125 0.32500000000000007 0.5953125 0.3531250000000001 0.5984375 0.3531250000000001
2 0.596875 0.33281250000000007 0.590625 0.33281250000000007 0.590625 0.3625000000000001 0.596875 0.3625000000000001
2 0.60625 0.3296875000000001 0.6 0.3296875000000001 0.6 0.3593750000000001 0.60625 0.3593750000000001
2 0.6125 0.3390625000000001 0.60625 0.3390625000000001 0.60625 0.37187500000000007 0.6125 0.37187500000000007
2 0.6484375 0.3296875000000001 0.64375 0.3296875000000001 0.64375 0.3531250000000001 0.6484375 0.3531250000000001
2 0.6515625 0.3281250000000001 0.646875 0.3281250000000001 0.646875 0.3531250000000001 0.6515625 0.3531250000000001
2 0.65 0.3468750000000001 0.64375 0.3468750000000001 0.64375 0.3781250000000001 0.65 0.3781250000000001
2 0.6421875 0.34843750000000007 0.634375 0.34843750000000007 0.634375 0.3828125000000001 0.6421875 0.3828125000000001
2 0.6703125 0.3453125000000001 0.6640625 0.3453125000000001 0.6640625 0.3750000000000001 0.6703125 0.3750000000000001
2 0.6765625 0.34062500000000007 0.6703125 0.34062500000000007 0.6703125 0.3687500000000001 0.6765625 0.3687500000000001
2 0.6859375 0.3515625000000001 0.6796875 0.3515625000000001 0.6796875 0.3828125000000001 0.6859375 0.3828125000000001
2 0.7078125 0.3671875000000001 0.7015625 0.3671875000000001 0.7015625 0.409375 0.7078125 0.409375
2 0.3031250000000001 0.3859375 0.2984375000000001 0.3859375 0.2984375000000001 0.415625 0.3031250000000001 0.415625
2 0.7875 0.4390625000000002 0.78125 0.4390625000000002 0.78125 0.48750000000000016 0.7875 0.48750000000000016
2 0.7765625 0.3687500000000001 0.771875 0.3687500000000001 0.771875 0.40156250000000016 0.7765625 0.40156250000000016
0 0.6515625 0.3453125000000001 0.65 0.3453125000000001 0.65 0.3515625000000001 0.6515625 0.3515625000000001