2 0.503125 0.33281250000000007 0.496875 0.33281250000000007 0.496875 0.3656250000000001 0.503125 0.3656250000000001
2 0.5109375 0.3312500000000001 0.5015625 0.3312500000000001 0.5015625 0.3687500000000001 0.5109375 0.3687500000000001
2 0.48125 0.3218750000000001 0.475 0.3218750000000001 0.475 0.3515625000000001 0.48125 0.3515625000000001
2 0.5375 0.3265625000000001 0.5328125 0.3265625000000001 0.5328125 0.35625000000000007 0.5375 0.35625000000000007
2 0.534375 0.3281250000000001 0.5296875 0.3281250000000001 0.5296875 0.3609375000000001 0.534375 0.3609375000000001
2 0.459375 0.3234375000000001 0.4546875 0.3234375000000001 0.4546875 0.3500000000000001 0.459375 0.3500000000000001
2 0.45625 0.3296875000000001 0.4515625 0.3296875000000001 0.4515625 0.35625000000000007 0.45625 0.35625000000000007
2 0.446875 0.3312500000000001 0.440625 0.3312500000000001 0.440625 0.3625000000000001 0.446875 0.3625000000000001
2 0.44375 0.34843750000000007 0.4390625 0.34843750000000007 0.4390625 0.3828125000000001 0.44375 0.3828125000000001
2 0.434375 0.3359375000000001 0.4296875 0.3359375000000001 0.4296875 0.3578125000000001 0.434375 0.3578125000000001
2 0.434375 0.3515625000000001 0.4296875 0.3515625000000001 0.4296875 0.3843750000000001 0.434375 0.3843750000000001
2 0.43125 0.3343750000000001 0.4265625 0.3343750000000001 0.4265625 0.3656250000000001 0.43125 0.3656250000000001
2 0.43125 0.3390625000000001 0.4265625 0.3390625000000001 0.4265625 0.3703125000000001 0.43125 0.3703125000000001
2 0.4578125 0.3687500000000001 0.4484375 0.3687500000000001 0.4484375 0.4234375 0.4578125 0.4234375
2 0.465625 0.3687500000000001 0.4578125 0.3687500000000001 0.4578125 0.415625 0.465625 0.415625
2 0.4734375 0.3500000000000001 0.4640625 0.3500000000000001 0.4640625 0.3906250000000001 0.4734375 0.3906250000000001
2 0.29375000000000007 0.3875 0.2875000000000001 0.3875 0.2875000000000001 0.4171875 0.29375000000000007 0.4171875
2 0.609375 0.3281250000000001 0.603125 0.3281250000000001 0.603125 0.35625000000000007 0.609375 0.35625000000000007
2 0.6296875 0.3468750000000001 0.625 0.3468750000000001 0.625 0.3843750000000001 0.6296875 0.3843750000000001
2 0.6296875 0.3812500000000001 0.621875 0.3812500000000001 0.621875 0.43125 0.6296875 0.43125
2 0.66875 0.3296875000000001 0.665625 0.3296875000000001 0.665625 0.3515625000000001 0.66875 0.3515625000000001
2 0.665625 0.34843750000000007 0.6609375 0.34843750000000007 0.6609375 0.3859375000000001 0.665625 0.3859375000000001
2 0.675 0.34062500000000007 0.671875 0.34062500000000007 0.671875 0.3687500000000001 0.675 0.3687500000000001
2 0.7671875 0.3703125000000001 0.7625 0.3703125000000001 0.7625 0.3984375000000001 0.7671875 0.3984375000000001
0 0.65 0.34062500000000007 0.6484375 0.34062500000000007 0.6484375 0.3468750000000001 0.65 0.3468750000000001