2 0.2562500000000001 0.4046875 0.2515625000000001 0.4046875 0.2515625000000001 0.434375 0.2562500000000001 0.434375
2 0.453125 0.3296875000000001 0.4453125 0.3296875000000001 0.4453125 0.3593750000000001 0.453125 0.3593750000000001
2 0.478125 0.3390625000000001 0.471875 0.3390625000000001 0.471875 0.3765625000000001 0.478125 0.3765625000000001
2 0.478125 0.3187500000000001 0.471875 0.3187500000000001 0.471875 0.34062500000000007 0.478125 0.34062500000000007
2 0.484375 0.3203125000000001 0.478125 0.3203125000000001 0.478125 0.3421875000000001 0.484375 0.3421875000000001
2 0.5234375 0.31718750000000007 0.5171875 0.31718750000000007 0.5171875 0.34062500000000007 0.5234375 0.34062500000000007
2 0.5125 0.3156250000000001 0.509375 0.3156250000000001 0.509375 0.3343750000000001 0.5125 0.3343750000000001
2 0.5171875 0.3156250000000001 0.5125 0.3156250000000001 0.5125 0.3375000000000001 0.5171875 0.3375000000000001
0 0.5125 0.33281250000000007 0.5109375 0.33281250000000007 0.5109375 0.3343750000000001 0.5125 0.3343750000000001
2 0.540625 0.31718750000000007 0.534375 0.31718750000000007 0.534375 0.3359375000000001 0.540625 0.3359375000000001
2 0.5609375 0.3312500000000001 0.553125 0.3312500000000001 0.553125 0.3625000000000001 0.5609375 0.3625000000000001
2 0.575 0.32500000000000007 0.56875 0.32500000000000007 0.56875 0.3531250000000001 0.575 0.3531250000000001
2 0.584375 0.31718750000000007 0.578125 0.31718750000000007 0.578125 0.3421875000000001 0.584375 0.3421875000000001
2 0.5984375 0.32500000000000007 0.59375 0.32500000000000007 0.59375 0.3515625000000001 0.5984375 0.3515625000000001
2 0.59375 0.3203125000000001 0.5875 0.3203125000000001 0.5875 0.3421875000000001 0.59375 0.3421875000000001
2 0.628125 0.3609375000000001 0.621875 0.3609375000000001 0.621875 0.3937500000000001 0.628125 0.3937500000000001
2 0.615625 0.33281250000000007 0.609375 0.33281250000000007 0.609375 0.3593750000000001 0.615625 0.3593750000000001
2 0.609375 0.3203125000000001 0.60625 0.3203125000000001 0.60625 0.3390625000000001 0.609375 0.3390625000000001
2 0.61875 0.3234375000000001 0.615625 0.3234375000000001 0.615625 0.34843750000000007 0.61875 0.34843750000000007
2 0.63125 0.33281250000000007 0.6265625 0.33281250000000007 0.6265625 0.3609375000000001 0.63125 0.3609375000000001
2 0.6359375 0.3296875000000001 0.63125 0.3296875000000001 0.63125 0.3546875000000001 0.6359375 0.3546875000000001
2 0.653125 0.3593750000000001 0.646875 0.3593750000000001 0.646875 0.3968750000000001 0.653125 0.3968750000000001
2 0.6578125 0.3390625000000001 0.653125 0.3390625000000001 0.653125 0.3671875000000001 0.6578125 0.3671875000000001
2 0.7375 0.3625000000000001 0.734375 0.3625000000000001 0.734375 0.3890625000000001 0.7375 0.3890625000000001