2 0.5359375 0.3593750000000001 0.5265625 0.3593750000000001 0.5265625 0.403125 0.5359375 0.403125
2 0.5015625 0.3218750000000001 0.496875 0.3218750000000001 0.496875 0.3531250000000001 0.5015625 0.3531250000000001
2 0.5046875 0.32500000000000007 0.5 0.32500000000000007 0.5 0.3546875000000001 0.5046875 0.3546875000000001
2 0.5296875 0.3265625000000001 0.5234375 0.3265625000000001 0.5234375 0.3578125000000001 0.5296875 0.3578125000000001
2 0.496875 0.3390625000000001 0.490625 0.3390625000000001 0.490625 0.3781250000000001 0.496875 0.3781250000000001
2 0.628125 0.3500000000000001 0.621875 0.3500000000000001 0.621875 0.3843750000000001 0.628125 0.3843750000000001
2 0.6015625 0.3359375000000001 0.5953125 0.3359375000000001 0.5953125 0.3671875000000001 0.6015625 0.3671875000000001
2 0.603125 0.3187500000000001 0.5984375 0.3187500000000001 0.5984375 0.34062500000000007 0.603125 0.34062500000000007
2 0.64375 0.3265625000000001 0.640625 0.3265625000000001 0.640625 0.34843750000000007 0.64375 0.34843750000000007
2 0.6546875 0.3343750000000001 0.65 0.3343750000000001 0.65 0.3609375000000001 0.6546875 0.3609375000000001
2 0.665625 0.3296875000000001 0.6625 0.3296875000000001 0.6625 0.3515625000000001 0.665625 0.3515625000000001
2 0.6890625 0.4453125 0.678125 0.4453125 0.678125 0.51875 0.6890625 0.51875
2 0.665625 0.3734375000000001 0.659375 0.3734375000000001 0.659375 0.4203125 0.665625 0.4203125
2 0.7703125 0.3921875000000001 0.7640625 0.3921875000000001 0.7640625 0.41718750000000016 0.7703125 0.41718750000000016
2 0.771875 0.3734375000000001 0.76875 0.3734375000000001 0.76875 0.4000000000000002 0.771875 0.4000000000000002
2 0.7359375 0.36406250000000007 0.73125 0.36406250000000007 0.73125 0.3921875000000001 0.7359375 0.3921875000000001
2 0.721875 0.35625000000000007 0.71875 0.35625000000000007 0.71875 0.3812500000000001 0.721875 0.3812500000000001
2 0.715625 0.3453125000000001 0.7125 0.3453125000000001 0.7125 0.3703125000000001 0.715625 0.3703125000000001
2 0.7125 0.3531250000000001 0.709375 0.3531250000000001 0.709375 0.37968750000000007 0.7125 0.37968750000000007
2 0.70625 0.3453125000000001 0.703125 0.3453125000000001 0.703125 0.3687500000000001 0.70625 0.3687500000000001
2 0.7015625 0.3390625000000001 0.6984375 0.3390625000000001 0.6984375 0.3609375000000001 0.7015625 0.3609375000000001
2 0.6921875 0.3468750000000001 0.6875 0.3468750000000001 0.6875 0.3734375000000001 0.6921875 0.3734375000000001
2 0.6859375 0.34062500000000007 0.68125 0.34062500000000007 0.68125 0.3671875000000001 0.6859375 0.3671875000000001
2 0.29375000000000007 0.3890625 0.2890625000000001 0.3890625 0.2890625000000001 0.421875 0.29375000000000007 0.421875