2 0.5484375 0.4359375 0.5328125 0.4359375 0.5328125 0.515625 0.5484375 0.515625
2 0.5546875 0.4140625 0.5421875 0.4140625 0.5421875 0.4859375 0.5546875 0.4859375
2 0.3968750000000001 0.3921875000000001 0.3906250000000001 0.3921875000000001 0.3906250000000001 0.4515625 0.3968750000000001 0.4515625
2 0.45 0.3578125000000001 0.440625 0.3578125000000001 0.440625 0.3984375000000001 0.45 0.3984375000000001
2 0.5765625 0.35625000000000007 0.5671875 0.35625000000000007 0.5671875 0.4 0.5765625 0.4
2 0.6328125 0.39531250000000007 0.6234375 0.39531250000000007 0.6234375 0.45625 0.6328125 0.45625
2 0.64375 0.3625000000000001 0.6359375 0.3625000000000001 0.6359375 0.4015625 0.64375 0.4015625
2 0.709375 0.3828125000000001 0.703125 0.3828125000000001 0.703125 0.421875 0.709375 0.421875
2 0.7078125 0.478125 0.6921875 0.478125 0.6921875 0.559375 0.7078125 0.559375
2 0.715625 0.4625 0.7046875 0.4625 0.7046875 0.5375 0.715625 0.5375
2 0.734375 0.4125000000000001 0.725 0.4125 0.725 0.4609375000000001 0.734375 0.46093750000000017
2 0.7203125 0.40625 0.7109375 0.40625 0.7109375 0.4546875 0.7203125 0.4546875
2 0.7703125 0.4281250000000002 0.7609375 0.4281250000000002 0.7609375 0.4781250000000002 0.7703125 0.4781250000000002
2 0.85625 0.49531250000000016 0.8453125 0.49531250000000016 0.8453125 0.5546875000000002 0.85625 0.5546875000000002
2 0.828125 0.5093750000000001 0.8171875 0.5093750000000001 0.8171875 0.5718750000000001 0.828125 0.5718750000000001
2 0.8390625 0.5015625000000001 0.8296875 0.5015625000000001 0.8296875 0.5562500000000001 0.8390625 0.5562500000000001
2 0.8453125 0.48750000000000016 0.8375 0.48750000000000016 0.8375 0.5375000000000002 0.8453125 0.5375000000000002
2 0.834375 0.48750000000000016 0.825 0.48750000000000016 0.825 0.5437500000000002 0.834375 0.5437500000000002
2 0.8 0.40625000000000017 0.79375 0.40625000000000017 0.79375 0.4359375000000002 0.8 0.4359375000000002
2 0.65 0.5609375 0.634375 0.5609375 0.634375 0.6828125 0.65 0.6828125
2 0.3312500000000001 0.5125 0.3140625000000001 0.5125 0.3140625000000001 0.5984375 0.3312500000000001 0.5984375
2 0.34062500000000007 0.49375 0.3265625000000001 0.49375 0.3265625000000001 0.584375 0.34062500000000007 0.584375
2 0.20312500000000008 0.4421875 0.19687500000000005 0.4421875 0.19687500000000005 0.475 0.20312500000000008 0.475
0 0.846875 0.4703125000000002 0.84375 0.4703125000000002 0.84375 0.4828125000000002 0.846875 0.4828125000000002