2 0.5265625 0.446875 0.5125 0.446875 0.5125 0.540625 0.5265625 0.540625
2 0.496875 0.4546875 0.484375 0.4546875 0.484375 0.54375 0.496875 0.54375
2 0.521875 0.3828125000000001 0.5125 0.3828125000000001 0.5125 0.440625 0.521875 0.440625
2 0.4921875 0.36406250000000007 0.4828125 0.36406250000000007 0.4828125 0.4125 0.4921875 0.4125
2 0.503125 0.3531250000000001 0.496875 0.3531250000000001 0.496875 0.4 0.503125 0.4
2 0.5078125 0.3546875000000001 0.5015625 0.3546875000000001 0.5015625 0.4 0.5078125 0.4
2 0.746875 0.3765625000000001 0.740625 0.3765625000000001 0.740625 0.4109375000000002 0.746875 0.4109375000000002
2 0.31718750000000007 0.3796875 0.3109375000000001 0.3796875 0.3109375000000001 0.4125 0.31718750000000007 0.4125
2 0.2609375000000001 0.4078125 0.25468750000000007 0.4078125 0.25468750000000007 0.4375 0.2609375000000001 0.4375
2 0.24375000000000008 0.434375 0.2375000000000001 0.434375 0.2375000000000001 0.4734375 0.24375000000000008 0.4734375
2 0.3031250000000001 0.475 0.2906250000000001 0.475 0.2906250000000001 0.54375 0.3031250000000001 0.54375
2 0.2453125000000001 0.4796875 0.2375000000000001 0.4796875 0.2375000000000001 0.5375 0.2453125000000001 0.5375
2 0.19218750000000004 0.446875 0.18593750000000003 0.446875 0.18593750000000003 0.471875 0.19218750000000004 0.471875
2 0.18750000000000006 0.4546875 0.18125000000000005 0.4546875 0.18125000000000005 0.4859375 0.18750000000000006 0.4859375
2 0.14687500000000003 0.490625 0.14218750000000005 0.490625 0.14218750000000005 0.528125 0.14687500000000003 0.528125
2 0.15156250000000004 0.490625 0.14375000000000004 0.490625 0.14375000000000004 0.528125 0.15156250000000004 0.528125
2 0.2000000000000001 0.4796875 0.19218750000000004 0.4796875 0.19218750000000004 0.5265625 0.2000000000000001 0.5265625
2 0.11562500000000006 0.5203125 0.10625000000000004 0.5203125 0.10625000000000007 0.5546875 0.11562500000000009 0.5546875
2 0.10625000000000007 0.5328125 0.09687500000000007 0.5328125 0.09687500000000007 0.565625 0.1062500000000001 0.565625
2 0.08593750000000007 0.5515625 0.07812500000000007 0.5515625 0.07812500000000007 0.5921875 0.08593750000000007 0.5921875
2 0.08281250000000007 0.55625 0.07500000000000007 0.55625 0.07500000000000007 0.5984375 0.08281250000000007 0.5984375
2 0.07812500000000007 0.5421875 0.07187500000000006 0.5421875 0.07187500000000006 0.5828125 0.07812500000000007 0.5828125
2 0.07656250000000006 0.546875 0.06875000000000006 0.546875 0.06875000000000006 0.58125 0.07656250000000006 0.58125