2 0.5046875 0.3687500000000001 0.4875 0.3687500000000001 0.4875 0.41875 0.5046875 0.41875
2 0.4515625 0.3468750000000001 0.4453125 0.3468750000000001 0.4453125 0.37968750000000007 0.4515625 0.37968750000000007
2 0.39531250000000007 0.3421875000000001 0.3890625 0.3421875000000001 0.38906250000000003 0.3671875000000001 0.39531250000000007 0.3671875000000001
2 0.37968750000000007 0.3531250000000001 0.3734375 0.3531250000000001 0.37343750000000003 0.38750000000000007 0.37968750000000007 0.38750000000000007
2 0.36406250000000007 0.39062500000000006 0.3578125000000001 0.390625 0.3578125000000001 0.4328125 0.36406250000000007 0.4328125
2 0.34062500000000007 0.434375 0.3312500000000001 0.434375 0.3312500000000001 0.490625 0.34062500000000007 0.490625
2 0.4453125 0.34062500000000007 0.4390625 0.34062500000000007 0.4390625 0.3781250000000001 0.4453125 0.3781250000000001
2 0.4640625 0.3187500000000001 0.459375 0.3187500000000001 0.459375 0.34062500000000007 0.4640625 0.34062500000000007
2 0.5078125 0.3281250000000001 0.496875 0.3281250000000001 0.496875 0.3625000000000001 0.5078125 0.3625000000000001
2 0.5328125 0.3218750000000001 0.528125 0.3218750000000001 0.528125 0.3500000000000001 0.5328125 0.3500000000000001
2 0.7265625 0.3609375000000001 0.721875 0.3609375000000001 0.721875 0.38750000000000007 0.7265625 0.38750000000000007
2 0.653125 0.36406250000000007 0.646875 0.36406250000000007 0.646875 0.403125 0.653125 0.403125
2 0.6296875 0.3421875000000001 0.625 0.3421875000000001 0.625 0.3687500000000001 0.6296875 0.3687500000000001
2 0.60625 0.34062500000000007 0.6015625 0.34062500000000007 0.6015625 0.3671875000000001 0.60625 0.3671875000000001
2 0.6265625 0.34062500000000007 0.621875 0.34062500000000007 0.621875 0.3656250000000001 0.6265625 0.3656250000000001
0 0.6140625 0.3531250000000001 0.6125 0.3531250000000001 0.6125 0.3593750000000001 0.6140625 0.3593750000000001
2 0.6046875 0.32500000000000007 0.6 0.32500000000000007 0.6 0.3500000000000001 0.6046875 0.3500000000000001
2 0.5921875 0.3265625000000001 0.584375 0.3265625000000001 0.584375 0.3500000000000001 0.5921875 0.3500000000000001
2 0.578125 0.3375000000000001 0.571875 0.3375000000000001 0.571875 0.3671875000000001 0.578125 0.3671875000000001
2 0.5828125 0.3281250000000001 0.5765625 0.3281250000000001 0.5765625 0.3500000000000001 0.5828125 0.3500000000000001
2 0.3593750000000001 0.3734375 0.3515625000000001 0.3734375 0.3515625000000001 0.4125 0.3593750000000001 0.4125
2 0.509375 0.3203125000000001 0.5046875 0.3203125000000001 0.5046875 0.3375000000000001 0.509375 0.3375000000000001
2 0.2468750000000001 0.40625 0.24218750000000008 0.40625 0.24218750000000008 0.434375 0.2468750000000001 0.434375