2 0.2296875000000001 0.421875 0.2234375000000001 0.421875 0.2234375000000001 0.453125 0.2296875000000001 0.453125
2 0.3375000000000001 0.4015625 0.3296875000000001 0.4015625 0.3296875000000001 0.44375 0.3375000000000001 0.44375
2 0.3453125000000001 0.3953125 0.3390625000000001 0.3953125 0.3390625000000001 0.4359375 0.3453125000000001 0.4359375
2 0.353125 0.3625 0.3484375 0.3625 0.34843750000000007 0.3890625 0.3531250000000001 0.3890625
2 0.36406250000000007 0.37031250000000004 0.3593750000000001 0.3703125 0.3593750000000001 0.403125 0.36406250000000007 0.403125
2 0.3890625000000001 0.3671875000000001 0.3828125000000001 0.3671875000000001 0.3828125000000001 0.4046875 0.3890625000000001 0.4046875
2 0.4015625 0.3531250000000001 0.3953125 0.3531250000000001 0.39531250000000007 0.3859375000000001 0.4015625 0.3859375000000001
2 0.39062500000000006 0.3468750000000001 0.3875 0.3468750000000001 0.38750000000000007 0.3734375000000001 0.3906250000000001 0.3734375000000001
2 0.4171875 0.3515625000000001 0.4109375 0.3515625000000001 0.4109375 0.3843750000000001 0.4171875 0.3843750000000001
2 0.4453125 0.3625000000000001 0.4375 0.3625000000000001 0.4375 0.4 0.4453125 0.4
2 0.428125 0.3375000000000001 0.4234375 0.3375000000000001 0.4234375 0.3656250000000001 0.428125 0.3656250000000001
2 0.4375 0.3359375000000001 0.43125 0.3359375000000001 0.43125 0.3625000000000001 0.4375 0.3625000000000001
2 0.4640625 0.3500000000000001 0.45625 0.3500000000000001 0.45625 0.3890625000000001 0.4640625 0.3890625000000001
2 0.4828125 0.3500000000000001 0.4734375 0.3500000000000001 0.4734375 0.3906250000000001 0.4828125 0.3906250000000001
2 0.5359375 0.3781250000000001 0.525 0.3781250000000001 0.525 0.4359375 0.5359375 0.4359375
2 0.5859375 0.3750000000000001 0.578125 0.3750000000000001 0.578125 0.428125 0.5859375 0.428125
0 0.65 0.434375 0.646875 0.434375 0.646875 0.44375 0.65 0.44375
2 0.653125 0.4 0.64375 0.4 0.64375 0.4421875 0.653125 0.4421875
2 0.6390625 0.3671875000000001 0.6296875 0.3671875000000001 0.6296875 0.4125 0.6390625 0.4125
2 0.6140625 0.3750000000000001 0.6046875 0.3750000000000001 0.6046875 0.4078125 0.6140625 0.4078125
2 0.6 0.3390625000000001 0.590625 0.3390625000000001 0.590625 0.3765625000000001 0.6 0.3765625000000001
2 0.6078125 0.34843750000000007 0.6015625 0.34843750000000007 0.6015625 0.3859375000000001 0.6078125 0.3859375000000001
2 0.6140625 0.34062500000000007 0.60625 0.34062500000000007 0.60625 0.3734375000000001 0.6140625 0.3734375000000001
2 0.746875 0.3734375000000001 0.7421875 0.3734375000000001 0.7421875 0.4031250000000002 0.746875 0.4031250000000002