2 0.5078125 0.3609375000000001 0.5 0.3609375000000001 0.5 0.409375 0.5078125 0.409375
2 0.5015625 0.3593750000000001 0.4953125 0.3593750000000001 0.4953125 0.4078125 0.5015625 0.4078125
2 0.4796875 0.3609375000000001 0.4703125 0.3609375000000001 0.4703125 0.40625 0.4796875 0.40625
2 0.4890625 0.33281250000000007 0.4828125 0.33281250000000007 0.4828125 0.3656250000000001 0.4890625 0.3656250000000001
2 0.5125 0.34062500000000007 0.50625 0.34062500000000007 0.50625 0.3750000000000001 0.5125 0.3750000000000001
2 0.4625 0.3296875000000001 0.4578125 0.3296875000000001 0.4578125 0.3578125000000001 0.4625 0.3578125000000001
2 0.728125 0.3656250000000001 0.7234375 0.3656250000000001 0.7234375 0.3968750000000001 0.728125 0.3968750000000001
2 0.34843750000000007 0.4296875 0.3421875000000001 0.4296875 0.3421875000000001 0.4859375 0.34843750000000007 0.4859375
2 0.27812500000000007 0.4234375 0.2718750000000001 0.4234375 0.2718750000000001 0.4640625 0.27812500000000007 0.4640625
2 0.3531250000000001 0.3875 0.3468750000000001 0.3875 0.3468750000000001 0.4296875 0.3531250000000001 0.4296875
2 0.3609375000000001 0.3640625 0.3546875000000001 0.3640625 0.3546875000000001 0.3921875 0.3609375000000001 0.3921875
2 0.36250000000000004 0.353125 0.3578125 0.353125 0.35781250000000003 0.378125 0.3625000000000001 0.378125
2 0.3156250000000001 0.38125 0.3109375000000001 0.38125 0.3109375000000001 0.4125 0.3156250000000001 0.4125
2 0.3000000000000001 0.390625 0.2968750000000001 0.390625 0.2968750000000001 0.4203125 0.3000000000000001 0.4203125
2 0.2734375000000001 0.3921875 0.2687500000000001 0.3921875 0.2687500000000001 0.41875 0.2734375000000001 0.41875
2 0.2656250000000001 0.4 0.26250000000000007 0.4 0.26250000000000007 0.425 0.2656250000000001 0.425
2 0.2375000000000001 0.421875 0.2328125000000001 0.421875 0.2328125000000001 0.45 0.2375000000000001 0.45
2 0.2328125000000001 0.421875 0.22812500000000008 0.421875 0.22812500000000008 0.4515625 0.2328125000000001 0.4515625
2 0.2296875000000001 0.4390625 0.2234375000000001 0.4390625 0.2234375000000001 0.471875 0.2296875000000001 0.471875
2 0.2750000000000001 0.38125 0.2718750000000001 0.38125 0.2718750000000001 0.403125 0.2750000000000001 0.403125
2 0.2843750000000001 0.3734375 0.2812500000000001 0.3734375 0.2812500000000001 0.3953125 0.2843750000000001 0.3953125
2 0.33906250000000004 0.353125 0.3359375 0.353125 0.33593750000000006 0.375 0.3390625000000001 0.375
0 0.3296875 0.3625 0.328125 0.3625 0.32812500000000006 0.36875 0.3296875000000001 0.36875
2 0.16562500000000008 0.5203125 0.15781250000000005 0.5203125 0.15781250000000008 0.5671875 0.16562500000000008 0.5671875
2 0.21875000000000008 0.4234375 0.2156250000000001 0.4234375 0.2156250000000001 0.446875 0.21875000000000008 0.446875