2 0.4890625 0.3531250000000001 0.4828125 0.3531250000000001 0.4828125 0.3984375000000001 0.4890625 0.3984375000000001
2 0.63125 0.3671875000000001 0.61875 0.3671875000000001 0.61875 0.4125 0.63125 0.4125
2 0.6609375 0.4234375 0.646875 0.4234375 0.646875 0.4796875 0.6609375 0.4796875
2 0.6765625 0.39531250000000007 0.6671875 0.39531250000000007 0.6671875 0.4484375 0.6765625 0.4484375
2 0.6703125 0.36406250000000007 0.6640625 0.36406250000000007 0.6640625 0.403125 0.6703125 0.403125
2 0.6984375 0.4484375 0.6796875 0.4484375 0.6796875 0.5265625 0.6984375 0.5265625
2 0.7140625 0.425 0.7 0.425 0.7 0.4859375 0.7140625 0.4859375
2 0.8296875 0.46875000000000017 0.8203125 0.46875000000000017 0.8203125 0.5171875000000001 0.8296875 0.5171875000000001
2 0.81875 0.4468750000000002 0.8109375 0.4468750000000002 0.8109375 0.4890625000000002 0.81875 0.4890625000000002
2 0.7859375 0.41718750000000016 0.7796875 0.41718750000000016 0.7796875 0.45625000000000016 0.7859375 0.45625000000000016
2 0.78125 0.42968750000000017 0.771875 0.42968750000000017 0.771875 0.47656250000000017 0.78125 0.47656250000000017
2 0.7625 0.40156250000000016 0.75625 0.40156250000000016 0.75625 0.44062500000000016 0.7625 0.44062500000000016
2 0.7515625 0.3921875000000001 0.7453125 0.3921875000000001 0.7453125 0.43281250000000016 0.7515625 0.43281250000000016
2 0.7484375 0.4109375000000002 0.7390625 0.4109375000000002 0.7390625 0.4546875000000002 0.7484375 0.4546875000000002
2 0.728125 0.3765625000000001 0.7203125 0.3765625000000001 0.7203125 0.41093750000000007 0.728125 0.4109375000000002
2 0.6953125 0.3734375000000001 0.6890625 0.3734375000000001 0.6890625 0.4140625 0.6953125 0.4140625
2 0.6984375 0.3812500000000001 0.6921875 0.3812500000000001 0.6921875 0.421875 0.6984375 0.421875
2 0.684375 0.3687500000000001 0.6765625 0.3687500000000001 0.6765625 0.4109375 0.684375 0.4109375
2 0.6921875 0.3515625000000001 0.6875 0.3515625000000001 0.6875 0.3812500000000001 0.6921875 0.3812500000000001
2 0.65625 0.3375000000000001 0.65 0.3375000000000001 0.65 0.3593750000000001 0.65625 0.3593750000000001
2 0.7875 0.3828125000000001 0.7828125 0.3828125000000001 0.7828125 0.40937500000000016 0.7875 0.40937500000000016
2 0.3312500000000001 0.3890625 0.32500000000000007 0.3890625 0.32500000000000007 0.4296875 0.3312500000000001 0.4296875
0 0.715625 0.5015625 0.7109375 0.5015625 0.7109375 0.5125 0.715625 0.5125