2 0.3812500000000001 0.525 0.36406250000000007 0.525 0.36406250000000007 0.61875 0.3812500000000001 0.61875
2 0.36406250000000007 0.4390625 0.3468750000000001 0.4390625 0.3468750000000001 0.496875 0.36406250000000007 0.496875
2 0.4046875 0.409375 0.3937500000000001 0.409375 0.3937500000000001 0.4703125 0.4046875 0.4703125
2 0.45625 0.37187500000000007 0.4421875 0.37187500000000007 0.4421875 0.425 0.45625 0.425
2 0.4859375 0.36406250000000007 0.46875 0.36406250000000007 0.46875 0.4125 0.4859375 0.4125
2 0.3609375000000001 0.3671875 0.3546875000000001 0.3671875 0.3546875000000001 0.396875 0.3609375000000001 0.396875
2 0.60625 0.3468750000000001 0.5953125 0.3468750000000001 0.5953125 0.3812500000000001 0.60625 0.3812500000000001
2 0.6671875 0.3750000000000001 0.653125 0.3750000000000001 0.653125 0.425 0.6671875 0.425
2 0.7515625 0.4500000000000002 0.7390625 0.4500000000000002 0.7390625 0.5078125000000002 0.7515625 0.5078125000000002
2 0.6859375 0.3843750000000001 0.6796875 0.3843750000000001 0.6796875 0.43125 0.6859375 0.43125
2 0.7796875 0.3921875000000001 0.7734375 0.3921875000000001 0.7734375 0.4234375000000002 0.7796875 0.4234375000000002
2 0.8 0.5343750000000002 0.7765625 0.5343750000000002 0.7765625 0.6125000000000002 0.8 0.6125000000000002
0 0.7984375 0.5953125000000001 0.79375 0.5953125000000001 0.79375 0.6093750000000002 0.7984375 0.6093750000000002
2 0.1828125000000001 0.5546875 0.17343750000000008 0.5546875 0.17343750000000008 0.6171875 0.1828125000000001 0.6171875
2 0.2968750000000001 0.4390625 0.2890625000000001 0.4390625 0.2890625000000001 0.4875 0.2968750000000001 0.4875
2 0.2296875000000001 0.4703125 0.2218750000000001 0.4703125 0.2218750000000001 0.515625 0.2296875000000001 0.515625
2 0.2562500000000001 0.4546875 0.2500000000000001 0.4546875 0.2500000000000001 0.496875 0.2562500000000001 0.496875
2 0.2453125000000001 0.43125 0.2406250000000001 0.43125 0.2406250000000001 0.4640625 0.2453125000000001 0.4640625
2 0.2093750000000001 0.4390625 0.20468750000000008 0.4390625 0.20468750000000008 0.4671875 0.2093750000000001 0.4671875
2 0.2890625000000001 0.403125 0.2843750000000001 0.403125 0.2843750000000001 0.440625 0.2890625000000001 0.440625
2 0.2921875000000001 0.3953125 0.2890625000000001 0.3953125 0.2890625000000001 0.421875 0.2921875000000001 0.421875
2 0.2765625000000001 0.4078125 0.2734375000000001 0.4078125 0.2734375000000001 0.434375 0.2765625000000001 0.434375
2 0.12656250000000008 0.5765625 0.11562500000000009 0.5765625 0.11562500000000009 0.6375 0.12656250000000008 0.6375
2 0.2640625000000001 0.434375 0.2562500000000001 0.434375 0.2562500000000001 0.4765625 0.2640625000000001 0.4765625