2 0.5015625 0.3906250000000001 0.4921875 0.3906250000000001 0.4921875 0.4546875 0.5015625 0.4546875
2 0.5046875 0.3609375000000001 0.4984375 0.3609375000000001 0.4984375 0.403125 0.5046875 0.403125
2 0.5 0.3593750000000001 0.49375 0.3593750000000001 0.49375 0.4046875 0.5 0.4046875
2 0.521875 0.3375000000000001 0.5140625 0.3375000000000001 0.5140625 0.3765625000000001 0.521875 0.3765625000000001
2 0.478125 0.32500000000000007 0.471875 0.32500000000000007 0.471875 0.35625000000000007 0.478125 0.35625000000000007
2 0.4015625 0.3421875000000001 0.396875 0.3421875000000001 0.39687500000000003 0.3734375000000001 0.4015625 0.3734375000000001
2 0.3656250000000001 0.39843750000000006 0.35625000000000007 0.3984375 0.35625000000000007 0.446875 0.3656250000000001 0.446875
2 0.3375000000000001 0.4140625 0.3281250000000001 0.4140625 0.3281250000000001 0.4640625 0.3375000000000001 0.4640625
2 0.32500000000000007 0.3734375 0.3187500000000001 0.3734375 0.3187500000000001 0.40625 0.32500000000000007 0.40625
2 0.3000000000000001 0.3828125 0.29375000000000007 0.3828125 0.29375000000000007 0.4140625 0.3000000000000001 0.4140625
2 0.2890625000000001 0.4109375 0.2828125000000001 0.4109375 0.2828125000000001 0.453125 0.2890625000000001 0.453125
2 0.28593750000000007 0.4359375 0.2734375000000001 0.4359375 0.2734375000000001 0.4890625 0.28593750000000007 0.4890625
2 0.2640625000000001 0.4078125 0.2578125000000001 0.4078125 0.2578125000000001 0.440625 0.2640625000000001 0.440625
2 0.2562500000000001 0.4140625 0.2515625000000001 0.4140625 0.2515625000000001 0.44375 0.2562500000000001 0.44375
2 0.2328125000000001 0.4328125 0.2250000000000001 0.4328125 0.2250000000000001 0.4703125 0.2328125000000001 0.4703125
2 0.2000000000000001 0.440625 0.19375000000000003 0.440625 0.19375000000000003 0.46875 0.2000000000000001 0.46875
2 0.19687500000000005 0.4625 0.19062500000000004 0.4625 0.19062500000000004 0.5015625 0.19687500000000005 0.5015625
2 0.19218750000000004 0.4828125 0.18281250000000004 0.4828125 0.18281250000000004 0.5265625 0.19218750000000004 0.5265625
2 0.2156250000000001 0.4796875 0.2062500000000001 0.4796875 0.2062500000000001 0.528125 0.2156250000000001 0.528125
2 0.24218750000000008 0.5015625 0.2312500000000001 0.5015625 0.2312500000000001 0.565625 0.24218750000000008 0.565625
2 0.2093750000000001 0.5625 0.19531250000000008 0.5625 0.19531250000000008 0.6421875 0.2093750000000001 0.6421875
2 0.1390625000000001 0.55 0.12500000000000008 0.55 0.12500000000000008 0.5921875 0.1390625000000001 0.5921875
2 0.7578125 0.3703125000000001 0.7515625 0.3703125000000001 0.7515625 0.40156250000000016 0.7578125 0.40156250000000016