2 0.48125 0.3734375000000001 0.4703125 0.3734375000000001 0.4703125 0.4203125 0.48125 0.4203125
2 0.45625 0.3421875000000001 0.446875 0.3421875000000001 0.446875 0.37968750000000007 0.45625 0.37968750000000007
2 0.625 0.446875 0.6125 0.446875 0.6125 0.521875 0.625 0.521875
2 0.6 0.44375 0.5875 0.44375 0.5875 0.521875 0.6 0.521875
2 0.6359375 0.3921875000000001 0.625 0.3921875000000001 0.625 0.4515625 0.6359375 0.4515625
2 0.5875 0.37187500000000007 0.578125 0.37187500000000007 0.578125 0.4296875 0.5875 0.4296875
2 0.5734375 0.34843750000000007 0.5640625 0.34843750000000007 0.5640625 0.3906250000000001 0.5734375 0.3906250000000001
2 0.5640625 0.3468750000000001 0.5578125 0.3468750000000001 0.5578125 0.3890625000000001 0.5640625 0.3890625000000001
2 0.55 0.3296875000000001 0.5421875 0.3296875000000001 0.5421875 0.3625000000000001 0.55 0.3625000000000001
2 0.39062500000000006 0.34843750000000007 0.384375 0.34843750000000007 0.384375 0.3734375000000001 0.3906250000000001 0.3734375000000001
2 0.4 0.3812500000000001 0.3921875000000001 0.3812500000000001 0.3921875000000001 0.4265625 0.4 0.4265625
2 0.39531250000000007 0.3781250000000001 0.38750000000000007 0.3781250000000001 0.38750000000000007 0.421875 0.39531250000000007 0.421875
2 0.3859375000000001 0.3703125000000001 0.37968750000000007 0.3703125000000001 0.37968750000000007 0.4125 0.3859375000000001 0.4125
2 0.3671875000000001 0.36406250000000007 0.3625000000000001 0.3640625 0.3625000000000001 0.39687500000000003 0.3671875000000001 0.3968750000000001
2 0.3546875000000001 0.365625 0.34843750000000007 0.365625 0.34843750000000007 0.3953125 0.3546875000000001 0.3953125
2 0.3187500000000001 0.3859375 0.3140625000000001 0.3859375 0.3140625000000001 0.4171875 0.3187500000000001 0.4171875
2 0.3031250000000001 0.403125 0.2953125000000001 0.403125 0.2953125000000001 0.4453125 0.3031250000000001 0.4453125
2 0.2921875000000001 0.41875 0.2843750000000001 0.41875 0.2843750000000001 0.459375 0.2921875000000001 0.459375
2 0.2843750000000001 0.434375 0.2765625000000001 0.434375 0.2765625000000001 0.478125 0.2843750000000001 0.478125
2 0.3578125000000001 0.4953125 0.3437500000000001 0.4953125 0.3437500000000001 0.571875 0.3578125000000001 0.571875
2 0.3843750000000001 0.46875 0.3703125000000001 0.46875 0.3703125000000001 0.553125 0.3843750000000001 0.553125
2 0.22656250000000008 0.428125 0.22031250000000008 0.428125 0.22031250000000008 0.4546875 0.22656250000000008 0.4546875
2 0.7671875 0.3734375000000001 0.7625 0.3734375000000001 0.7625 0.40156250000000016 0.7671875 0.40156250000000016