2 0.46875 0.4078125 0.4578125 0.4078125 0.4578125 0.478125 0.46875 0.478125
2 0.4484375 0.37187500000000007 0.4421875 0.37187500000000007 0.4421875 0.4265625 0.4484375 0.4265625
2 0.4671875 0.3687500000000001 0.4609375 0.3687500000000001 0.4609375 0.4171875 0.4671875 0.4171875
2 0.4703125 0.34843750000000007 0.465625 0.34843750000000007 0.465625 0.3921875000000001 0.4703125 0.3921875000000001
2 0.475 0.3343750000000001 0.4703125 0.3343750000000001 0.4703125 0.36406250000000007 0.475 0.36406250000000007
2 0.5125 0.32500000000000007 0.5046875 0.32500000000000007 0.5046875 0.3546875000000001 0.5125 0.3546875000000001
2 0.5703125 0.3593750000000001 0.5625 0.3593750000000001 0.5625 0.4015625 0.5703125 0.4015625
2 0.575 0.3437500000000001 0.56875 0.3437500000000001 0.56875 0.3812500000000001 0.575 0.3812500000000001
2 0.6 0.3625000000000001 0.59375 0.3625000000000001 0.59375 0.4078125 0.6 0.4078125
2 0.6359375 0.3546875000000001 0.6296875 0.3546875000000001 0.6296875 0.39531250000000007 0.6359375 0.39531250000000007
2 0.6546875 0.3609375000000001 0.6484375 0.3609375000000001 0.6484375 0.4015625 0.6546875 0.4015625
2 0.675 0.4265625 0.665625 0.4265625 0.665625 0.4953125 0.675 0.4953125
2 0.734375 0.46562500000000007 0.721875 0.465625 0.721875 0.5375000000000001 0.734375 0.5375000000000002
2 0.7625 0.3937500000000001 0.75625 0.3937500000000001 0.75625 0.4265625000000002 0.7625 0.4265625000000002
2 0.828125 0.4906250000000002 0.81875 0.4906250000000002 0.81875 0.5390625000000002 0.828125 0.5390625000000002
2 0.8390625 0.4078125000000002 0.834375 0.4078125000000002 0.834375 0.4343750000000002 0.8390625 0.4343750000000002
0 0.8359375 0.4109375000000002 0.834375 0.4109375000000002 0.834375 0.41718750000000016 0.8359375 0.41718750000000016
2 0.7859375 0.3921875000000001 0.78125 0.3921875000000001 0.78125 0.42187500000000017 0.7859375 0.42187500000000017
2 0.6796875 0.3312500000000001 0.6765625 0.3312500000000001 0.6765625 0.35625000000000007 0.6796875 0.35625000000000007
2 0.6046875 0.32500000000000007 0.6015625 0.32500000000000007 0.6015625 0.3515625000000001 0.6046875 0.3515625000000001
2 0.584375 0.33281250000000007 0.578125 0.33281250000000007 0.578125 0.3546875000000001 0.584375 0.3546875000000001
2 0.6640625 0.3375000000000001 0.6578125 0.3375000000000001 0.6578125 0.3625000000000001 0.6640625 0.3625000000000001
2 0.6875 0.34843750000000007 0.6828125 0.34843750000000007 0.6828125 0.37968750000000007 0.6875 0.37968750000000007
2 0.2500000000000001 0.4140625 0.2453125000000001 0.4140625 0.2453125000000001 0.446875 0.2500000000000001 0.446875