2 0.5578125 0.34843750000000007 0.55 0.34843750000000007 0.55 0.3906250000000001 0.5578125 0.3906250000000001
2 0.546875 0.3281250000000001 0.540625 0.3281250000000001 0.540625 0.3593750000000001 0.546875 0.3593750000000001
2 0.534375 0.3203125000000001 0.5296875 0.3203125000000001 0.5296875 0.3500000000000001 0.534375 0.3500000000000001
2 0.5140625 0.3156250000000001 0.50625 0.3156250000000001 0.50625 0.3421875000000001 0.5140625 0.3421875000000001
2 0.484375 0.3234375000000001 0.4796875 0.3234375000000001 0.4796875 0.3343750000000001 0.484375 0.3343750000000001
2 0.48125 0.32500000000000007 0.475 0.32500000000000007 0.475 0.3500000000000001 0.48125 0.3500000000000001
2 0.4859375 0.3281250000000001 0.478125 0.3281250000000001 0.478125 0.3578125000000001 0.4859375 0.3578125000000001
2 0.51875 0.3218750000000001 0.5125 0.3218750000000001 0.5125 0.3500000000000001 0.51875 0.3500000000000001
2 0.4546875 0.3390625000000001 0.4484375 0.3390625000000001 0.4484375 0.37187500000000007 0.4546875 0.37187500000000007
2 0.4390625 0.33281250000000007 0.4328125 0.33281250000000007 0.4328125 0.3609375000000001 0.4390625 0.3609375000000001
2 0.434375 0.33281250000000007 0.428125 0.33281250000000007 0.428125 0.3609375000000001 0.434375 0.3609375000000001
2 0.4296875 0.3500000000000001 0.421875 0.3500000000000001 0.421875 0.38750000000000007 0.4296875 0.38750000000000007
2 0.41875 0.3421875000000001 0.4125 0.3421875000000001 0.4125 0.3734375000000001 0.41875 0.3734375000000001
2 0.4 0.3343750000000001 0.3953125 0.3343750000000001 0.3953125 0.35625000000000007 0.4 0.35625000000000007
2 0.39687500000000003 0.3515625000000001 0.3921875 0.3515625000000001 0.3921875 0.3812500000000001 0.3968750000000001 0.3812500000000001
2 0.35468750000000004 0.35625 0.35 0.35625 0.35000000000000003 0.3828125 0.3546875000000001 0.3828125
2 0.35156250000000006 0.35625 0.346875 0.35625 0.34687500000000004 0.384375 0.3515625000000001 0.384375
2 0.36406250000000007 0.37812500000000004 0.3578125000000001 0.378125 0.3578125000000001 0.4171875 0.36406250000000007 0.4171875
2 0.3203125000000001 0.378125 0.3156250000000001 0.378125 0.3156250000000001 0.409375 0.3203125000000001 0.409375
2 0.3156250000000001 0.3796875 0.3109375000000001 0.3796875 0.3109375000000001 0.4125 0.3156250000000001 0.4125
2 0.22812500000000008 0.421875 0.2234375000000001 0.421875 0.2234375000000001 0.4484375 0.22812500000000008 0.4484375
2 0.7390625 0.3609375000000001 0.734375 0.3609375000000001 0.734375 0.3906250000000001 0.7390625 0.3906250000000001
2 0.6625 0.5515625 0.6421875 0.5515625 0.6421875 0.6703125 0.6625 0.6703125
0 0.4765625 0.3156250000000001 0.475 0.3156250000000001 0.475 0.3218750000000001 0.4765625 0.3218750000000001