2 0.4984375 0.4546875 0.478125 0.4546875 0.478125 0.540625 0.4984375 0.540625
2 0.4171875 0.5328125 0.39531250000000007 0.5328125 0.39531250000000007 0.6390625 0.4171875 0.6390625
2 0.421875 0.3531250000000001 0.4140625 0.3531250000000001 0.4140625 0.38750000000000007 0.421875 0.38750000000000007
2 0.4125 0.3468750000000001 0.40625 0.3468750000000001 0.40625 0.3781250000000001 0.4125 0.3781250000000001
2 0.4265625 0.37187500000000007 0.415625 0.37187500000000007 0.415625 0.4203125 0.4265625 0.4203125
2 0.3765625000000001 0.3812500000000001 0.3671875000000001 0.3812500000000001 0.3671875000000001 0.428125 0.3765625000000001 0.428125
2 0.3531250000000001 0.4046875 0.3453125000000001 0.4046875 0.3453125000000001 0.453125 0.3531250000000001 0.453125
2 0.3437500000000001 0.409375 0.3359375000000001 0.409375 0.3359375000000001 0.459375 0.3437500000000001 0.459375
2 0.3390625000000001 0.3640625 0.3343750000000001 0.3640625 0.3343750000000001 0.3953125 0.3390625000000001 0.3953125
2 0.30156250000000007 0.390625 0.2953125000000001 0.390625 0.2953125000000001 0.4234375 0.30156250000000007 0.4234375
2 0.2812500000000001 0.4125 0.27031250000000007 0.4125 0.27031250000000007 0.4421875 0.2812500000000001 0.4421875
2 0.2656250000000001 0.4578125 0.2562500000000001 0.4578125 0.2562500000000001 0.4984375 0.2656250000000001 0.4984375
2 0.26250000000000007 0.459375 0.2531250000000001 0.459375 0.2531250000000001 0.5 0.26250000000000007 0.5
0 0.2562500000000001 0.4796875 0.2531250000000001 0.4796875 0.2531250000000001 0.4875 0.2562500000000001 0.4875
2 0.2312500000000001 0.4546875 0.2218750000000001 0.4546875 0.2218750000000001 0.4984375 0.2312500000000001 0.4984375
2 0.2156250000000001 0.434375 0.2093750000000001 0.434375 0.2093750000000001 0.4625 0.2156250000000001 0.4625
2 0.19687500000000005 0.471875 0.19062500000000004 0.471875 0.19062500000000004 0.5140625 0.19687500000000005 0.5140625
2 0.515625 0.3156250000000001 0.5109375 0.3156250000000001 0.5109375 0.3421875000000001 0.515625 0.3421875000000001
2 0.546875 0.3218750000000001 0.540625 0.3218750000000001 0.540625 0.3531250000000001 0.546875 0.3531250000000001
2 0.5515625 0.3609375000000001 0.54375 0.3609375000000001 0.54375 0.4078125 0.5515625 0.4078125
2 0.584375 0.3453125000000001 0.578125 0.3453125000000001 0.578125 0.3750000000000001 0.584375 0.3750000000000001
2 0.584375 0.34843750000000007 0.578125 0.34843750000000007 0.578125 0.3890625000000001 0.584375 0.3890625000000001
2 0.5984375 0.3656250000000001 0.5890625 0.3656250000000001 0.5890625 0.4140625 0.5984375 0.4140625
2 0.7453125 0.3656250000000001 0.7390625 0.3656250000000001 0.7390625 0.3968750000000001 0.7453125 0.3968750000000001