2 0.4312500000000001 0.6140625 0.4125 0.6140625 0.4125000000000001 0.753125 0.4312500000000002 0.753125
2 0.3734375000000001 0.434375 0.36406250000000007 0.434375 0.36406250000000007 0.496875 0.3734375000000001 0.496875
2 0.4359375 0.4390625 0.41875 0.4390625 0.41875 0.4875 0.4359375 0.4875
2 0.4 0.38750000000000007 0.39531250000000007 0.38750000000000007 0.39531250000000007 0.43125 0.4 0.43125
2 0.3968750000000001 0.3843750000000001 0.3906250000000001 0.3843750000000001 0.3906250000000001 0.4265625 0.3968750000000001 0.4265625
2 0.4796875 0.3671875000000001 0.4734375 0.3671875000000001 0.4734375 0.4171875 0.4796875 0.4171875
2 0.54375 0.37968750000000007 0.53125 0.37968750000000007 0.53125 0.440625 0.54375 0.440625
2 0.415625 0.3593750000000001 0.4078125 0.3593750000000001 0.4078125 0.4015625 0.415625 0.4015625
2 0.4203125 0.3531250000000001 0.4140625 0.3531250000000001 0.4140625 0.3828125000000001 0.4203125 0.3828125000000001
2 0.428125 0.3453125000000001 0.421875 0.3453125000000001 0.421875 0.3750000000000001 0.428125 0.3750000000000001
2 0.525 0.3281250000000001 0.51875 0.3281250000000001 0.51875 0.3593750000000001 0.525 0.3593750000000001
2 0.5546875 0.3437500000000001 0.5484375 0.3437500000000001 0.5484375 0.3812500000000001 0.5546875 0.3812500000000001
2 0.2093750000000001 0.4296875 0.20312500000000008 0.4296875 0.20312500000000008 0.459375 0.2093750000000001 0.459375
2 0.621875 0.3906250000000001 0.6140625 0.3906250000000001 0.6140625 0.446875 0.621875 0.446875
2 0.6171875 0.35625000000000007 0.6109375 0.35625000000000007 0.6109375 0.4 0.6171875 0.4
2 0.65625 0.34843750000000007 0.65 0.34843750000000007 0.65 0.3781250000000001 0.65625 0.3781250000000001
2 0.6875 0.37187500000000007 0.68125 0.37187500000000007 0.68125 0.415625 0.6875 0.415625
2 0.6859375 0.3593750000000001 0.68125 0.3593750000000001 0.68125 0.3906250000000001 0.6859375 0.3906250000000001
2 0.721875 0.3687500000000001 0.715625 0.3687500000000001 0.715625 0.409375 0.721875 0.409375
2 0.7453125 0.3984375000000001 0.7390625 0.3984375000000001 0.7390625 0.4390625000000002 0.7453125 0.4390625000000002
2 0.75625 0.4046875000000002 0.7484375 0.4046875000000002 0.7484375 0.4437500000000002 0.75625 0.4437500000000002
2 0.78125 0.4734375000000002 0.7734375 0.4734375000000002 0.7734375 0.5015625000000001 0.78125 0.5015625000000001