2 0.6171875 0.3546875000000001 0.609375 0.3546875000000001 0.609375 0.3937500000000001 0.6171875 0.3937500000000001
2 0.6046875 0.3296875000000001 0.6015625 0.3296875000000001 0.6015625 0.35625000000000007 0.6046875 0.35625000000000007
2 0.609375 0.3312500000000001 0.60625 0.3312500000000001 0.60625 0.3578125000000001 0.609375 0.3578125000000001
2 0.5578125 0.34843750000000007 0.55 0.34843750000000007 0.55 0.3859375000000001 0.5578125 0.3859375000000001
2 0.546875 0.3578125000000001 0.5390625 0.3578125000000001 0.5390625 0.4015625 0.546875 0.4015625
2 0.5734375 0.3234375000000001 0.56875 0.3234375000000001 0.56875 0.34843750000000007 0.5734375 0.34843750000000007
2 0.56875 0.3140625000000001 0.5640625 0.3140625000000001 0.5640625 0.34062500000000007 0.56875 0.34062500000000007
2 0.5609375 0.3203125000000001 0.55625 0.3203125000000001 0.55625 0.3468750000000001 0.5609375 0.3468750000000001
2 0.55625 0.32500000000000007 0.5515625 0.32500000000000007 0.5515625 0.3531250000000001 0.55625 0.3531250000000001
2 0.55 0.3156250000000001 0.546875 0.3156250000000001 0.546875 0.34062500000000007 0.55 0.34062500000000007
2 0.7 0.3453125000000001 0.6953125 0.3453125000000001 0.6953125 0.3750000000000001 0.7 0.3750000000000001
2 0.5390625 0.3156250000000001 0.534375 0.3156250000000001 0.534375 0.34062500000000007 0.5390625 0.34062500000000007
2 0.55 0.3156250000000001 0.546875 0.3156250000000001 0.546875 0.3390625000000001 0.55 0.3390625000000001
2 0.4921875 0.3234375000000001 0.4859375 0.3234375000000001 0.4859375 0.3500000000000001 0.4921875 0.3500000000000001
2 0.4953125 0.3125000000000001 0.4921875 0.3125000000000001 0.4921875 0.3359375000000001 0.4953125 0.3359375000000001
2 0.4890625 0.3125000000000001 0.4859375 0.3125000000000001 0.4859375 0.3312500000000001 0.4890625 0.3312500000000001
2 0.446875 0.3312500000000001 0.4421875 0.3312500000000001 0.4421875 0.3578125000000001 0.446875 0.3578125000000001
2 0.4203125 0.3359375000000001 0.4171875 0.3359375000000001 0.4171875 0.36406250000000007 0.4203125 0.36406250000000007
2 0.37812500000000004 0.3437500000000001 0.375 0.3437500000000001 0.37500000000000006 0.3687500000000001 0.3781250000000001 0.3687500000000001
2 0.353125 0.353125 0.3484375 0.353125 0.34843750000000007 0.3796875 0.3531250000000001 0.3796875
2 0.33281250000000007 0.3984375 0.3281250000000001 0.3984375 0.3281250000000001 0.440625 0.33281250000000007 0.440625
2 0.3265625000000001 0.38125 0.3218750000000001 0.38125 0.3218750000000001 0.4125 0.3265625000000001 0.4125
2 0.26250000000000007 0.4015625 0.2578125000000001 0.4015625 0.2578125000000001 0.43125 0.26250000000000007 0.43125