2 0.5140625 0.34062500000000007 0.5078125 0.34062500000000007 0.5078125 0.3781250000000001 0.5140625 0.3781250000000001
2 0.49375 0.3187500000000001 0.4875 0.3187500000000001 0.4875 0.3453125000000001 0.49375 0.3453125000000001
2 0.484375 0.3265625000000001 0.478125 0.3265625000000001 0.478125 0.3578125000000001 0.484375 0.3578125000000001
2 0.465625 0.3187500000000001 0.459375 0.3187500000000001 0.459375 0.3437500000000001 0.465625 0.3437500000000001
2 0.4546875 0.3234375000000001 0.45 0.3234375000000001 0.45 0.3453125000000001 0.4546875 0.3453125000000001
2 0.4421875 0.3343750000000001 0.4359375 0.3343750000000001 0.4359375 0.3593750000000001 0.4421875 0.3593750000000001
2 0.434375 0.3359375000000001 0.428125 0.3359375000000001 0.428125 0.3609375000000001 0.434375 0.3609375000000001
2 0.4203125 0.33281250000000007 0.415625 0.33281250000000007 0.415625 0.35625000000000007 0.4203125 0.35625000000000007
2 0.4109375 0.3453125000000001 0.4046875 0.3453125000000001 0.4046875 0.37187500000000007 0.4109375 0.37187500000000007
2 0.4015625 0.3375000000000001 0.396875 0.3375000000000001 0.396875 0.3625000000000001 0.4015625 0.3625000000000001
2 0.4015625 0.3531250000000001 0.3984375 0.3531250000000001 0.39843750000000006 0.37187500000000007 0.4015625 0.37187500000000007
2 0.4046875 0.36406250000000007 0.3968750000000001 0.36406250000000007 0.3968750000000001 0.4015625 0.4046875 0.4015625
0 0.44375 0.3546875000000001 0.440625 0.3546875000000001 0.440625 0.3609375000000001 0.44375 0.3609375000000001
2 0.5359375 0.3234375000000001 0.53125 0.3234375000000001 0.53125 0.3515625000000001 0.5359375 0.3515625000000001
2 0.4703125 0.3359375000000001 0.4640625 0.3359375000000001 0.4640625 0.3734375000000001 0.4703125 0.3734375000000001
2 0.45625 0.3343750000000001 0.45 0.3343750000000001 0.45 0.3687500000000001 0.45625 0.3687500000000001
2 0.37812500000000004 0.3437500000000001 0.375 0.3437500000000001 0.37500000000000006 0.3671875000000001 0.3781250000000001 0.3671875000000001
2 0.3531250000000001 0.38125 0.3468750000000001 0.38125 0.3468750000000001 0.421875 0.3531250000000001 0.421875
2 0.34687500000000004 0.3546875 0.34375 0.3546875 0.34375000000000006 0.3796875 0.3468750000000001 0.3796875
2 0.34218750000000003 0.3625 0.3390625 0.3625 0.33906250000000004 0.3890625 0.3421875000000001 0.3890625
2 0.3453125000000001 0.36875 0.3390625000000001 0.36875 0.3390625000000001 0.3984375 0.3453125000000001 0.3984375
2 0.3375000000000001 0.365625 0.33281250000000007 0.365625 0.33281250000000007 0.390625 0.3375000000000001 0.390625
2 0.2406250000000001 0.4109375 0.23593750000000008 0.4109375 0.23593750000000008 0.4375 0.2406250000000001 0.4375
2 0.678125 0.3500000000000001 0.6734375 0.3500000000000001 0.6734375 0.37968750000000007 0.678125 0.37968750000000007