2 0.7765625 0.4828125000000002 0.7671875 0.4828125000000002 0.7671875 0.5484375000000001 0.7765625 0.5484375000000001
2 0.7484375 0.3968750000000001 0.740625 0.3968750000000001 0.740625 0.44062500000000016 0.7484375 0.44062500000000016
2 0.74375 0.38750000000000007 0.7359375 0.38750000000000007 0.7359375 0.4265625000000002 0.74375 0.4265625000000002
2 0.734375 0.37968750000000007 0.728125 0.37968750000000007 0.728125 0.4125000000000002 0.734375 0.4125000000000002
2 0.73125 0.3968750000000001 0.725 0.3968750000000001 0.725 0.4406250000000001 0.73125 0.44062500000000016
2 0.7 0.37968750000000007 0.6953125 0.37968750000000007 0.6953125 0.41875 0.7 0.41875
2 0.6828125 0.3531250000000001 0.6765625 0.3531250000000001 0.6765625 0.3828125000000001 0.6828125 0.3828125000000001
2 0.675 0.3843750000000001 0.6671875 0.3843750000000001 0.6671875 0.4328125 0.675 0.4328125
2 0.6640625 0.4296875 0.6515625 0.4296875 0.6515625 0.5078125 0.6640625 0.5078125
2 0.6453125 0.3437500000000001 0.640625 0.3437500000000001 0.640625 0.3734375000000001 0.6453125 0.3734375000000001
2 0.625 0.3546875000000001 0.6171875 0.3546875000000001 0.6171875 0.3921875000000001 0.625 0.3921875000000001
2 0.59375 0.45625 0.58125 0.45625 0.58125 0.5453125 0.59375 0.5453125
2 0.5875 0.3546875000000001 0.58125 0.3546875000000001 0.58125 0.3812500000000001 0.5875 0.3812500000000001
2 0.584375 0.37968750000000007 0.5765625 0.37968750000000007 0.5765625 0.4375 0.584375 0.4375
2 0.540625 0.3765625000000001 0.528125 0.3765625000000001 0.528125 0.43125 0.540625 0.43125
2 0.4984375 0.39531250000000007 0.4890625 0.39531250000000007 0.4890625 0.4609375 0.4984375 0.4609375
2 0.4890625 0.3468750000000001 0.48125 0.3468750000000001 0.48125 0.3890625000000001 0.4890625 0.3890625000000001
2 0.4734375 0.34843750000000007 0.4640625 0.34843750000000007 0.4640625 0.3968750000000001 0.4734375 0.3968750000000001
2 0.4734375 0.3812500000000001 0.465625 0.3812500000000001 0.465625 0.440625 0.4734375 0.440625
2 0.54375 0.55625 0.51875 0.55625 0.51875 0.709375 0.54375 0.709375
2 0.4843750000000001 0.590625 0.4546875 0.590625 0.4546875000000001 0.7328125 0.48437500000000017 0.7328125
2 0.2218750000000001 0.43125 0.2156250000000001 0.43125 0.2156250000000001 0.4609375 0.2218750000000001 0.4609375
2 0.8125 0.3984375000000001 0.80625 0.3984375000000001 0.80625 0.4281250000000002 0.8125 0.4281250000000002
0 0.8015625 0.4156250000000002 0.8 0.4156250000000002 0.8 0.42500000000000016 0.8015625 0.42500000000000016