2 0.403125 0.434375 0.3890625000000001 0.434375 0.3890625000000001 0.50625 0.403125 0.50625
2 0.4765625 0.3593750000000001 0.465625 0.3593750000000001 0.465625 0.4078125 0.4765625 0.4078125
2 0.4484375 0.33281250000000007 0.440625 0.33281250000000007 0.440625 0.36406250000000007 0.4484375 0.36406250000000007
2 0.4046875 0.3468750000000001 0.396875 0.3468750000000001 0.39687500000000003 0.3781250000000001 0.4046875 0.3781250000000001
2 0.3343750000000001 0.3875 0.32500000000000007 0.3875 0.32500000000000007 0.425 0.3343750000000001 0.425
2 0.3296875000000001 0.4015625 0.3203125000000001 0.4015625 0.3203125000000001 0.44375 0.3296875000000001 0.44375
2 0.3265625000000001 0.4234375 0.3156250000000001 0.4234375 0.3156250000000001 0.4765625 0.3265625000000001 0.4765625
2 0.2968750000000001 0.4484375 0.2828125000000001 0.4484375 0.2828125000000001 0.496875 0.2968750000000001 0.496875
2 0.2890625000000001 0.4484375 0.2796875000000001 0.4484375 0.2796875000000001 0.503125 0.2890625000000001 0.503125
0 0.2734375000000001 0.4640625 0.27031250000000007 0.4640625 0.27031250000000007 0.475 0.2734375000000001 0.475
2 0.2062500000000001 0.44375 0.2000000000000001 0.44375 0.2000000000000001 0.475 0.2062500000000001 0.475
2 0.66875 0.3828125000000001 0.6609375 0.3828125000000001 0.6609375 0.4359375 0.66875 0.4359375
2 0.6765625 0.3765625000000001 0.6703125 0.3765625000000001 0.6703125 0.41875 0.6765625 0.41875
2 0.68125 0.3546875000000001 0.6765625 0.3546875000000001 0.6765625 0.3843750000000001 0.68125 0.3843750000000001
2 0.696875 0.3687500000000001 0.690625 0.3687500000000001 0.690625 0.40625 0.696875 0.40625
2 0.6421875 0.3468750000000001 0.6359375 0.3468750000000001 0.6359375 0.3781250000000001 0.6421875 0.3781250000000001
2 0.6453125 0.3593750000000001 0.6390625 0.3593750000000001 0.6390625 0.4015625 0.6453125 0.4015625
2 0.59375 0.3343750000000001 0.5875 0.3343750000000001 0.5875 0.3671875000000001 0.59375 0.3671875000000001
2 0.5734375 0.3531250000000001 0.565625 0.3531250000000001 0.565625 0.3937500000000001 0.5734375 0.3937500000000001
2 0.5890625 0.36406250000000007 0.5796875 0.36406250000000007 0.5796875 0.40625 0.5890625 0.40625
2 0.7203125 0.3734375000000001 0.7171875 0.3734375000000001 0.7171875 0.4015625 0.7203125 0.4015625
2 0.71875 0.3734375000000001 0.7140625 0.3734375000000001 0.7140625 0.40625 0.71875 0.40625
2 0.728125 0.4000000000000001 0.7203125 0.4 0.7203125 0.4453125000000001 0.728125 0.44531250000000017
2 0.76875 0.37968750000000007 0.7625 0.37968750000000007 0.7625 0.4078125000000002 0.76875 0.4078125000000002