2 0.409375 0.4671875 0.3937500000000001 0.4671875 0.3937500000000001 0.5515625 0.409375 0.5515625
2 0.515625 0.3703125000000001 0.503125 0.3703125000000001 0.503125 0.4234375 0.515625 0.4234375
2 0.4046875 0.37187500000000007 0.3984375000000001 0.37187500000000007 0.3984375000000001 0.415625 0.4046875 0.415625
2 0.4125 0.3531250000000001 0.40625 0.3531250000000001 0.40625 0.3906250000000001 0.4125 0.3906250000000001
2 0.4140625 0.3437500000000001 0.409375 0.3437500000000001 0.409375 0.3750000000000001 0.4140625 0.3750000000000001
2 0.41875 0.34062500000000007 0.4140625 0.34062500000000007 0.4140625 0.3734375000000001 0.41875 0.3734375000000001
2 0.4484375 0.34843750000000007 0.4421875 0.34843750000000007 0.4421875 0.3859375000000001 0.4484375 0.3859375000000001
2 0.4421875 0.3296875000000001 0.4375 0.3296875000000001 0.4375 0.35625000000000007 0.4421875 0.35625000000000007
2 0.465625 0.3234375000000001 0.4609375 0.3234375000000001 0.4609375 0.3515625000000001 0.465625 0.3515625000000001
2 0.49375 0.3281250000000001 0.4890625 0.3281250000000001 0.4890625 0.3578125000000001 0.49375 0.3578125000000001
2 0.496875 0.31718750000000007 0.490625 0.31718750000000007 0.490625 0.3437500000000001 0.496875 0.3437500000000001
2 0.5140625 0.3265625000000001 0.5078125 0.3265625000000001 0.5078125 0.35625000000000007 0.5140625 0.35625000000000007
2 0.5203125 0.3187500000000001 0.5140625 0.3187500000000001 0.5140625 0.3437500000000001 0.5203125 0.3437500000000001
2 0.5578125 0.3296875000000001 0.5515625 0.3296875000000001 0.5515625 0.37187500000000007 0.5578125 0.37187500000000007
2 0.571875 0.3296875000000001 0.565625 0.3296875000000001 0.565625 0.3625000000000001 0.571875 0.3625000000000001
2 0.5953125 0.3359375000000001 0.5890625 0.3359375000000001 0.5890625 0.3671875000000001 0.5953125 0.3671875000000001
2 0.665625 0.39531250000000007 0.659375 0.39531250000000007 0.659375 0.4453125 0.665625 0.4453125
2 0.696875 0.3578125000000001 0.690625 0.3578125000000001 0.690625 0.38750000000000007 0.696875 0.38750000000000007
2 0.728125 0.37187500000000007 0.721875 0.37187500000000007 0.721875 0.4046875000000001 0.728125 0.4046875000000002
2 0.74375 0.3625000000000001 0.7390625 0.3625000000000001 0.7390625 0.3859375000000001 0.74375 0.3859375000000001
2 0.696875 0.3390625000000001 0.6921875 0.3390625000000001 0.6921875 0.3609375000000001 0.696875 0.3609375000000001
2 0.64375 0.3296875000000001 0.640625 0.3296875000000001 0.640625 0.3546875000000001 0.64375 0.3546875000000001
2 0.2687500000000001 0.396875 0.2656250000000001 0.396875 0.2656250000000001 0.4265625 0.2687500000000001 0.4265625
0 0.6828125 0.3515625000000001 0.68125 0.3515625000000001 0.68125 0.3578125000000001 0.6828125 0.3578125000000001