2 0.3468750000000001 0.384375 0.34062500000000007 0.384375 0.34062500000000007 0.425 0.3468750000000001 0.425
2 0.54375 0.3750000000000001 0.534375 0.3750000000000001 0.534375 0.428125 0.54375 0.428125
2 0.5921875 0.3625000000000001 0.5859375 0.3625000000000001 0.5859375 0.4046875 0.5921875 0.4046875
2 0.5953125 0.3500000000000001 0.590625 0.3500000000000001 0.590625 0.3843750000000001 0.5953125 0.3843750000000001
2 0.6671875 0.4453125 0.6578125 0.4453125 0.6578125 0.5203125 0.6671875 0.5203125
2 0.6921875 0.4515625 0.6828125 0.4515625 0.6828125 0.5328125 0.6921875 0.5328125
2 0.7390625 0.40625000000000017 0.73125 0.40625000000000017 0.73125 0.4500000000000002 0.7390625 0.4500000000000002
2 0.775 0.40625000000000017 0.7703125 0.40625000000000017 0.7703125 0.4390625000000002 0.775 0.4390625000000002
2 0.759375 0.3890625000000001 0.753125 0.3890625000000001 0.753125 0.42187500000000017 0.759375 0.42187500000000017
2 0.84375 0.4546875000000002 0.8375 0.4546875000000002 0.8375 0.4890625000000002 0.84375 0.4890625000000002
2 0.8296875 0.43750000000000017 0.8234375 0.43750000000000017 0.8234375 0.47187500000000016 0.8296875 0.47187500000000016
2 0.8234375 0.4281250000000002 0.8203125 0.4281250000000002 0.8203125 0.4593750000000002 0.8234375 0.4593750000000002
2 0.821875 0.40937500000000016 0.81875 0.40937500000000016 0.81875 0.4390625000000002 0.821875 0.4390625000000002
2 0.8140625 0.39531250000000007 0.8078125 0.39531250000000007 0.8078125 0.4203125000000002 0.8140625 0.4203125000000002
2 0.790625 0.3921875000000001 0.7859375 0.3921875000000001 0.7859375 0.4203125000000002 0.790625 0.4203125000000002
2 0.7765625 0.37968750000000007 0.771875 0.37968750000000007 0.771875 0.4046875000000002 0.7765625 0.4046875000000002
2 0.75 0.3843750000000001 0.746875 0.3843750000000001 0.746875 0.41718750000000016 0.75 0.41718750000000016
2 0.890625 0.4671875000000002 0.8859375 0.4671875000000002 0.8859375 0.4984375000000002 0.890625 0.4984375000000002
2 0.89375 0.4578125000000002 0.890625 0.4578125000000002 0.890625 0.48437500000000017 0.89375 0.48437500000000017
2 0.9125 0.4890625000000002 0.90625 0.4890625000000002 0.90625 0.5234375000000002 0.9125 0.5234375000000002
2 0.9171875 0.47187500000000016 0.9125 0.47187500000000016 0.9125 0.5000000000000002 0.9171875 0.5000000000000002
0 0.8703125 0.45312500000000017 0.86875 0.45312500000000017 0.86875 0.4593750000000002 0.8703125 0.4593750000000002
2 0.7375 0.3625000000000001 0.734375 0.3625000000000001 0.734375 0.38750000000000007 0.7375 0.38750000000000007
2 0.7453125 0.3656250000000001 0.740625 0.3656250000000001 0.740625 0.3906250000000001 0.7453125 0.3906250000000001