2 0.4765625 0.35625000000000007 0.46875 0.35625000000000007 0.46875 0.4046875 0.4765625 0.4046875
2 0.4640625 0.3390625000000001 0.4578125 0.3390625000000001 0.4578125 0.37187500000000007 0.4640625 0.37187500000000007
2 0.4484375 0.3453125000000001 0.4390625 0.3453125000000001 0.4390625 0.3828125000000001 0.4484375 0.3828125000000001
2 0.540625 0.3781250000000001 0.5328125 0.3781250000000001 0.5328125 0.4359375 0.540625 0.4359375
2 0.5390625 0.3890625000000001 0.5265625 0.3890625000000001 0.5265625 0.453125 0.5390625 0.453125
2 0.615625 0.3609375000000001 0.60625 0.3609375000000001 0.60625 0.4015625 0.615625 0.4015625
2 0.6296875 0.36406250000000007 0.621875 0.36406250000000007 0.621875 0.409375 0.6296875 0.409375
2 0.659375 0.3375000000000001 0.653125 0.3375000000000001 0.653125 0.36406250000000007 0.659375 0.36406250000000007
2 0.675 0.3593750000000001 0.6671875 0.3593750000000001 0.6671875 0.3968750000000001 0.675 0.3968750000000001
2 0.6984375 0.3546875000000001 0.6921875 0.3546875000000001 0.6921875 0.3921875000000001 0.6984375 0.3921875000000001
2 0.7078125 0.3687500000000001 0.7015625 0.3687500000000001 0.7015625 0.4 0.7078125 0.4
2 0.709375 0.3828125000000001 0.7 0.3828125000000001 0.7 0.4203125 0.709375 0.4203125
2 0.7140625 0.36406250000000007 0.709375 0.36406250000000007 0.709375 0.3921875000000001 0.7140625 0.3921875000000001
2 0.7203125 0.3656250000000001 0.7140625 0.3656250000000001 0.7140625 0.39531250000000007 0.7203125 0.39531250000000007
2 0.725 0.37968750000000007 0.71875 0.37968750000000007 0.71875 0.4140625 0.725 0.4140625
2 0.73125 0.3890625000000001 0.721875 0.3890625000000001 0.721875 0.4312500000000001 0.73125 0.4312500000000002
2 0.7984375 0.38750000000000007 0.7921875 0.38750000000000007 0.7921875 0.41406250000000017 0.7984375 0.41406250000000017
2 0.815625 0.4234375000000002 0.809375 0.4234375000000002 0.809375 0.45625000000000016 0.815625 0.45625000000000016
2 0.7890625 0.4109375000000002 0.7796875 0.4109375000000002 0.7796875 0.4437500000000002 0.7890625 0.4437500000000002
2 0.775 0.40625000000000017 0.765625 0.40625000000000017 0.765625 0.44062500000000016 0.775 0.44062500000000016
2 0.7734375 0.3937500000000001 0.7640625 0.3937500000000001 0.7640625 0.4265625000000002 0.7734375 0.4265625000000002
2 0.76875 0.3968750000000001 0.7609375 0.3968750000000001 0.7609375 0.4265625000000002 0.76875 0.4265625000000002
0 0.7921875 0.4359375000000002 0.790625 0.4359375000000002 0.790625 0.4421875000000002 0.7921875 0.4421875000000002
2 0.3234375000000001 0.3890625 0.31718750000000007 0.3890625 0.31718750000000007 0.4234375 0.3234375000000001 0.4234375