2 0.24375000000000008 0.409375 0.2390625000000001 0.409375 0.2390625000000001 0.4390625 0.24375000000000008 0.4390625
2 0.3281250000000001 0.39375 0.3218750000000001 0.39375 0.3218750000000001 0.434375 0.3281250000000001 0.434375
2 0.3265625000000001 0.3703125 0.3203125000000001 0.3703125 0.3203125000000001 0.396875 0.3265625000000001 0.396875
2 0.34687500000000004 0.3484375 0.3421875 0.3484375 0.34218750000000003 0.3734375 0.3468750000000001 0.3734375
2 0.38906250000000003 0.3390625000000001 0.384375 0.3390625000000001 0.384375 0.36406250000000007 0.3890625000000001 0.36406250000000007
2 0.3953125 0.33281250000000007 0.390625 0.33281250000000007 0.390625 0.3515625000000001 0.3953125 0.3515625000000001
2 0.4203125 0.3375000000000001 0.415625 0.3375000000000001 0.415625 0.3656250000000001 0.4203125 0.3656250000000001
2 0.4453125 0.3312500000000001 0.440625 0.3312500000000001 0.440625 0.3578125000000001 0.4453125 0.3578125000000001
2 0.440625 0.3203125000000001 0.4375 0.3203125000000001 0.4375 0.3437500000000001 0.440625 0.3437500000000001
2 0.45625 0.3531250000000001 0.45 0.3531250000000001 0.45 0.39531250000000007 0.45625 0.39531250000000007
2 0.48125 0.3343750000000001 0.475 0.3343750000000001 0.475 0.37187500000000007 0.48125 0.37187500000000007
2 0.4875 0.31718750000000007 0.4828125 0.31718750000000007 0.4828125 0.3421875000000001 0.4875 0.3421875000000001
2 0.4953125 0.3156250000000001 0.490625 0.3156250000000001 0.490625 0.34062500000000007 0.4953125 0.34062500000000007
2 0.5171875 0.32500000000000007 0.5125 0.32500000000000007 0.5125 0.3515625000000001 0.5171875 0.3515625000000001
2 0.5296875 0.3234375000000001 0.5234375 0.3234375000000001 0.5234375 0.3500000000000001 0.5296875 0.3500000000000001
2 0.5171875 0.3156250000000001 0.5140625 0.3156250000000001 0.5140625 0.3281250000000001 0.5171875 0.3281250000000001
2 0.5203125 0.3156250000000001 0.5171875 0.3156250000000001 0.5171875 0.3390625000000001 0.5203125 0.3390625000000001
2 0.546875 0.3453125000000001 0.540625 0.3453125000000001 0.540625 0.3828125000000001 0.546875 0.3828125000000001
2 0.5484375 0.3265625000000001 0.54375 0.3265625000000001 0.54375 0.35625000000000007 0.5484375 0.35625000000000007
2 0.6546875 0.3375000000000001 0.6515625 0.3375000000000001 0.6515625 0.3625000000000001 0.6546875 0.3625000000000001
2 0.475 0.3671875000000001 0.465625 0.3671875000000001 0.465625 0.4171875 0.475 0.4171875