2 0.5203125 0.425 0.5078125 0.425 0.5078125 0.496875 0.5203125 0.496875
2 0.4875 0.421875 0.475 0.421875 0.475 0.49375 0.4875 0.49375
2 0.4625 0.3812500000000001 0.453125 0.3812500000000001 0.453125 0.434375 0.4625 0.434375
2 0.45 0.3812500000000001 0.440625 0.3812500000000001 0.440625 0.434375 0.45 0.434375
2 0.40625 0.3906250000000001 0.4 0.3906250000000001 0.4 0.4390625 0.40625 0.4390625
2 0.49375 0.3468750000000001 0.4875 0.3468750000000001 0.4875 0.3843750000000001 0.49375 0.3843750000000001
2 0.5375 0.3843750000000001 0.528125 0.3843750000000001 0.528125 0.4421875 0.5375 0.4421875
2 0.528125 0.37187500000000007 0.5171875 0.37187500000000007 0.5171875 0.425 0.528125 0.425
2 0.5234375 0.3546875000000001 0.515625 0.3546875000000001 0.515625 0.3859375000000001 0.5234375 0.3859375000000001
2 0.4609375 0.3468750000000001 0.453125 0.3468750000000001 0.453125 0.37968750000000007 0.4609375 0.37968750000000007
2 0.715625 0.3765625000000001 0.709375 0.3765625000000001 0.709375 0.409375 0.715625 0.409375
2 0.18437500000000004 0.4484375 0.17812500000000003 0.4484375 0.17812500000000003 0.475 0.18437500000000004 0.475
0 0.18906250000000005 0.4734375 0.18750000000000006 0.4734375 0.18750000000000006 0.4765625 0.18906250000000005 0.4765625
2 0.2296875000000001 0.4453125 0.2234375000000001 0.4453125 0.2234375000000001 0.4828125 0.2296875000000001 0.4828125
2 0.24375000000000008 0.43125 0.2390625000000001 0.43125 0.2390625000000001 0.4640625 0.24375000000000008 0.4640625
2 0.2750000000000001 0.4625 0.2671875000000001 0.4625 0.2671875000000001 0.5171875 0.2750000000000001 0.5171875
2 0.29375000000000007 0.409375 0.2890625000000001 0.409375 0.2890625000000001 0.45 0.29375000000000007 0.45
2 0.3125000000000001 0.46875 0.3046875000000001 0.46875 0.3046875000000001 0.534375 0.3125000000000001 0.534375
2 0.3578125000000001 0.39375 0.3515625000000001 0.39375 0.3515625000000001 0.4359375 0.3578125000000001 0.4359375
2 0.37968750000000007 0.403125 0.3703125000000001 0.403125 0.3703125000000001 0.45625 0.37968750000000007 0.45625
2 0.3609375000000001 0.365625 0.3546875000000001 0.365625 0.3546875000000001 0.39375 0.3609375000000001 0.39375
2 0.3906250000000001 0.3843750000000001 0.3843750000000001 0.3843750000000001 0.3843750000000001 0.428125 0.3906250000000001 0.428125
2 0.39375000000000004 0.34843750000000007 0.3890625 0.34843750000000007 0.38906250000000003 0.3781250000000001 0.3937500000000001 0.3781250000000001
2 0.409375 0.3531250000000001 0.403125 0.3531250000000001 0.403125 0.3859375000000001 0.409375 0.3859375000000001