2 0.459375 0.475 0.4421875 0.475 0.4421875 0.5703125 0.459375 0.5703125
2 0.3984375000000001 0.465625 0.3859375000000001 0.465625 0.3859375000000001 0.540625 0.3984375000000001 0.540625
2 0.36406250000000007 0.4125 0.35625000000000007 0.4125 0.35625000000000007 0.46875 0.36406250000000007 0.46875
2 0.3531250000000001 0.39375 0.3468750000000001 0.39375 0.3468750000000001 0.440625 0.3531250000000001 0.440625
2 0.30156250000000007 0.475 0.2921875000000001 0.475 0.2921875000000001 0.5375 0.30156250000000007 0.5375
2 0.29375000000000007 0.5921875 0.2734375000000001 0.5921875 0.2734375000000001 0.7015625 0.29375000000000007 0.7015625
0 0.27812500000000007 0.65625 0.27031250000000007 0.65625 0.27031250000000007 0.678125 0.27812500000000007 0.678125
2 0.29375000000000007 0.6671875 0.2656250000000001 0.6671875 0.2656250000000001 0.8171875 0.29375000000000007 0.8171875
2 0.465625 0.3546875000000001 0.45625 0.3546875000000001 0.45625 0.39531250000000007 0.465625 0.39531250000000007
2 0.575 0.3765625000000001 0.565625 0.3765625000000001 0.565625 0.4375 0.575 0.4375
2 0.6265625 0.4328125 0.6171875 0.4328125 0.6171875 0.509375 0.6265625 0.509375
2 0.6609375 0.4359375 0.6515625 0.4359375 0.6515625 0.515625 0.6609375 0.515625
2 0.7453125 0.3906250000000001 0.7390625 0.3906250000000001 0.7390625 0.4312500000000002 0.7453125 0.4312500000000002
2 0.2562500000000001 0.603125 0.24218750000000008 0.603125 0.24218750000000008 0.7078125 0.2562500000000001 0.7078125
2 0.2140625000000001 0.5390625 0.20312500000000008 0.5390625 0.20312500000000008 0.6046875 0.2140625000000001 0.6046875
2 0.20312500000000008 0.5359375 0.19062500000000004 0.5359375 0.19062500000000007 0.6015625 0.20312500000000008 0.6015625
2 0.2593750000000001 0.4875 0.2500000000000001 0.4875 0.2500000000000001 0.5453125 0.2593750000000001 0.5453125
2 0.2171875000000001 0.4828125 0.2078125000000001 0.4828125 0.2078125000000001 0.5296875 0.2171875000000001 0.5296875
2 0.2093750000000001 0.4859375 0.2000000000000001 0.4859375 0.2000000000000001 0.5296875 0.2093750000000001 0.5296875
2 0.2515625000000001 0.4375 0.2453125000000001 0.4375 0.2453125000000001 0.48125 0.2515625000000001 0.48125
2 0.2890625000000001 0.40625 0.2828125000000001 0.40625 0.2828125000000001 0.4390625 0.2890625000000001 0.4390625
2 0.3609375 0.3625 0.35625 0.3625 0.35625000000000007 0.390625 0.3609375000000001 0.390625
2 0.19375000000000003 0.4421875 0.18750000000000006 0.4421875 0.18750000000000006 0.475 0.19375000000000003 0.475
2 0.1468750000000001 0.5640625 0.1375000000000001 0.5640625 0.1375000000000001 0.625 0.1468750000000001 0.625