2 0.6171875 0.525 0.6 0.525 0.6 0.6359375 0.6171875 0.6359375
2 0.603125 0.4640625 0.5890625 0.4640625 0.5890625 0.5578125 0.603125 0.5578125
2 0.578125 0.3781250000000001 0.5703125 0.3781250000000001 0.5703125 0.43125 0.578125 0.43125
2 0.54375 0.3546875000000001 0.5359375 0.3546875000000001 0.5359375 0.4 0.54375 0.4
2 0.5171875 0.36406250000000007 0.509375 0.36406250000000007 0.509375 0.4140625 0.5171875 0.4140625
2 0.3515625000000001 0.4765625 0.34062500000000007 0.4765625 0.34062500000000007 0.5546875 0.3515625000000001 0.5546875
2 0.3343750000000001 0.3890625 0.3296875000000001 0.3890625 0.3296875000000001 0.428125 0.3343750000000001 0.428125
2 0.746875 0.3703125000000001 0.7421875 0.3703125000000001 0.7421875 0.4000000000000002 0.746875 0.4000000000000002
2 0.26250000000000007 0.515625 0.2515625000000001 0.515625 0.2515625000000001 0.584375 0.26250000000000007 0.584375
2 0.24218750000000008 0.475 0.2328125000000001 0.475 0.2328125000000001 0.5234375 0.24218750000000008 0.5234375
2 0.18593750000000006 0.5265625 0.17656250000000004 0.5265625 0.17656250000000007 0.5828125 0.1859375000000001 0.5828125
2 0.19062500000000007 0.521875 0.18125000000000005 0.521875 0.18125000000000008 0.5765625 0.1906250000000001 0.5765625
2 0.19843750000000004 0.4859375 0.19218750000000004 0.4859375 0.19218750000000004 0.5265625 0.19843750000000004 0.5265625
2 0.20468750000000008 0.475 0.19843750000000004 0.475 0.19843750000000004 0.515625 0.20468750000000008 0.515625
2 0.2000000000000001 0.4578125 0.19375000000000003 0.4578125 0.19375000000000003 0.4859375 0.2000000000000001 0.4859375
2 0.2843750000000001 0.415625 0.2796875000000001 0.415625 0.2796875000000001 0.446875 0.2843750000000001 0.446875
0 0.12031250000000009 0.6265625 0.11562500000000009 0.6265625 0.11562500000000009 0.640625 0.12031250000000009 0.640625
2 0.1218750000000001 0.634375 0.1062500000000001 0.634375 0.1062500000000001 0.7078125 0.1218750000000001 0.7078125
2 0.11562500000000009 0.5765625 0.10468750000000009 0.5765625 0.10468750000000009 0.6234375 0.11562500000000009 0.6234375
2 0.10937500000000008 0.575 0.10000000000000009 0.575 0.10000000000000009 0.628125 0.10937500000000008 0.628125
2 0.10781250000000009 0.5640625 0.10156250000000008 0.5640625 0.10156250000000008 0.5921875 0.10781250000000009 0.5921875
2 0.1281250000000001 0.553125 0.11875000000000009 0.553125 0.11875000000000009 0.6015625 0.1281250000000001 0.6015625
2 0.1375000000000001 0.5484375 0.1281250000000001 0.5484375 0.1281250000000001 0.5921875 0.1375000000000001 0.5921875
2 0.14843750000000006 0.5203125 0.13906250000000003 0.5203125 0.13906250000000006 0.56875 0.14843750000000008 0.56875