2 0.4140625 0.584375 0.3937500000000001 0.584375 0.3937500000000001 0.71875 0.4140625 0.71875
2 0.3765625000000001 0.5953125 0.3578125000000001 0.5953125 0.3578125000000001 0.7140625 0.3765625000000001 0.7140625
2 0.3296875000000001 0.509375 0.3156250000000001 0.509375 0.3156250000000001 0.596875 0.3296875000000001 0.596875
2 0.4125 0.4203125 0.3984375000000001 0.4203125 0.3984375000000001 0.4890625 0.4125 0.4890625
2 0.5546875 0.5046875 0.5375 0.5046875 0.5375 0.6046875 0.5546875 0.6046875
2 0.596875 0.434375 0.5859375 0.434375 0.5859375 0.509375 0.596875 0.509375
2 0.6359375 0.4578125 0.6203125 0.4578125 0.6203125 0.5375 0.6359375 0.5375
2 0.3218750000000001 0.41875 0.3140625000000001 0.41875 0.3140625000000001 0.4734375 0.3218750000000001 0.4734375
2 0.5265625 0.3546875000000001 0.5171875 0.3546875000000001 0.5171875 0.4015625 0.5265625 0.4015625
2 0.75 0.5718750000000001 0.7328125 0.5718750000000001 0.7328125 0.6781250000000002 0.75 0.6781250000000002
2 0.7578125 0.47968750000000016 0.75 0.47968750000000016 0.75 0.5500000000000002 0.7578125 0.5500000000000002
2 0.734375 0.4468750000000001 0.7234375 0.446875 0.7234375 0.5109375 0.734375 0.5109375000000002
2 0.6875 0.3812500000000001 0.68125 0.3812500000000001 0.68125 0.428125 0.6875 0.428125
2 0.6515625 0.3593750000000001 0.6484375 0.3593750000000001 0.6484375 0.3937500000000001 0.6515625 0.3937500000000001
2 0.615625 0.3687500000000001 0.609375 0.3687500000000001 0.609375 0.4140625 0.615625 0.4140625
2 0.7890625 0.3828125000000001 0.7859375 0.3828125000000001 0.7859375 0.40937500000000016 0.7890625 0.40937500000000016
2 0.4703125 0.3500000000000001 0.4640625 0.3500000000000001 0.4640625 0.38750000000000007 0.4703125 0.38750000000000007
2 0.25468750000000007 0.6078125 0.2375000000000001 0.6078125 0.2375000000000001 0.7 0.25468750000000007 0.7
2 0.2671875000000001 0.571875 0.2531250000000001 0.571875 0.2531250000000001 0.675 0.2671875000000001 0.675
2 0.23437500000000008 0.5828125 0.2171875000000001 0.5828125 0.2171875000000001 0.6609375 0.23437500000000008 0.6609375
2 0.2656250000000001 0.4953125 0.25468750000000007 0.4953125 0.25468750000000007 0.5671875 0.2656250000000001 0.5671875
2 0.2796875000000001 0.478125 0.2671875000000001 0.478125 0.2671875000000001 0.534375 0.2796875000000001 0.534375
0 0.2171875 0.2859375 0.2109375 0.2859375 0.2109375 0.3078125 0.2171875 0.3078125
2 0.2250000000000001 0.4484375 0.21875000000000008 0.4484375 0.21875000000000008 0.4828125 0.2250000000000001 0.4828125