0 0.4234375 0.45 0.4203125 0.45 0.4203125 0.4640625 0.4234375 0.4640625
2 0.3921875000000001 0.4203125 0.3781250000000001 0.4203125 0.3781250000000001 0.4734375 0.3921875000000001 0.4734375
2 0.3609375000000001 0.484375 0.3437500000000001 0.484375 0.3437500000000001 0.55625 0.3609375000000001 0.55625
2 0.3437500000000001 0.434375 0.3343750000000001 0.434375 0.3343750000000001 0.484375 0.3437500000000001 0.484375
2 0.3343750000000001 0.421875 0.3265625000000001 0.421875 0.3265625000000001 0.475 0.3343750000000001 0.475
2 0.3500000000000001 0.3953125 0.3421875000000001 0.3953125 0.3421875000000001 0.44375 0.3500000000000001 0.44375
2 0.3687500000000001 0.39375000000000004 0.3609375000000001 0.39375 0.3609375000000001 0.4359375 0.3687500000000001 0.4359375
2 0.3625000000000001 0.3828125 0.35625000000000007 0.3828125 0.35625000000000007 0.4265625 0.3625000000000001 0.4265625
2 0.3687500000000001 0.37187500000000007 0.36406250000000007 0.37187500000000007 0.36406250000000007 0.4046875 0.3687500000000001 0.4046875
2 0.4578125 0.40625 0.4453125 0.40625 0.4453125 0.4640625 0.4578125 0.4640625
2 0.440625 0.3781250000000001 0.4328125 0.3781250000000001 0.4328125 0.43125 0.440625 0.43125
2 0.525 0.4125 0.5140625 0.4125 0.5140625 0.4671875 0.525 0.4671875
2 0.490625 0.3609375000000001 0.48125 0.3609375000000001 0.48125 0.40625 0.490625 0.40625
2 0.5140625 0.3828125000000001 0.5015625 0.3828125000000001 0.5015625 0.4359375 0.5140625 0.4359375
2 0.4453125 0.3453125000000001 0.4390625 0.3453125000000001 0.4390625 0.3828125000000001 0.4453125 0.3828125000000001
2 0.4265625 0.3515625000000001 0.41875 0.3515625000000001 0.41875 0.3812500000000001 0.4265625 0.3812500000000001
2 0.65625 0.3890625000000001 0.6484375 0.3890625000000001 0.6484375 0.43125 0.65625 0.43125
2 0.6359375 0.37968750000000007 0.628125 0.37968750000000007 0.628125 0.4171875 0.6359375 0.4171875
2 0.6328125 0.3546875000000001 0.628125 0.3546875000000001 0.628125 0.38750000000000007 0.6328125 0.38750000000000007
2 0.6046875 0.3515625000000001 0.5984375 0.3515625000000001 0.5984375 0.3890625000000001 0.6046875 0.3890625000000001
2 0.6734375 0.3656250000000001 0.66875 0.3656250000000001 0.66875 0.403125 0.6734375 0.403125
2 0.771875 0.37968750000000007 0.7671875 0.37968750000000007 0.7671875 0.4078125000000002 0.771875 0.4078125000000002
2 0.30156250000000007 0.5296875 0.2843750000000001 0.5296875 0.2843750000000001 0.60625 0.30156250000000007 0.60625
2 0.26250000000000007 0.4125 0.2562500000000001 0.4125 0.2562500000000001 0.4453125 0.26250000000000007 0.4453125