2 0.5359375 0.3625000000000001 0.5296875 0.3625000000000001 0.5296875 0.4109375 0.5359375 0.4109375
2 0.5203125 0.3218750000000001 0.5140625 0.3218750000000001 0.5140625 0.3531250000000001 0.5203125 0.3531250000000001
2 0.496875 0.3375000000000001 0.490625 0.3375000000000001 0.490625 0.3781250000000001 0.496875 0.3781250000000001
2 0.5625 0.32500000000000007 0.5578125 0.32500000000000007 0.5578125 0.3531250000000001 0.5625 0.3531250000000001
2 0.621875 0.3312500000000001 0.6171875 0.3312500000000001 0.6171875 0.3593750000000001 0.621875 0.3593750000000001
2 0.6453125 0.3390625000000001 0.640625 0.3390625000000001 0.640625 0.3687500000000001 0.6453125 0.3687500000000001
2 0.68125 0.3281250000000001 0.6765625 0.3281250000000001 0.6765625 0.3468750000000001 0.68125 0.3468750000000001
2 0.6640625 0.3296875000000001 0.6609375 0.3296875000000001 0.6609375 0.3546875000000001 0.6640625 0.3546875000000001
2 0.6921875 0.3359375000000001 0.690625 0.3359375000000001 0.690625 0.3531250000000001 0.6921875 0.3531250000000001
2 0.7046875 0.3421875000000001 0.7 0.3421875000000001 0.7 0.3656250000000001 0.7046875 0.3656250000000001
2 0.7078125 0.3421875000000001 0.7046875 0.3421875000000001 0.7046875 0.3671875000000001 0.7078125 0.3671875000000001
2 0.709375 0.3421875000000001 0.70625 0.3421875000000001 0.70625 0.36406250000000007 0.709375 0.36406250000000007
2 0.715625 0.3437500000000001 0.7125 0.3437500000000001 0.7125 0.3656250000000001 0.715625 0.3656250000000001
2 0.71875 0.3453125000000001 0.715625 0.3453125000000001 0.715625 0.3687500000000001 0.71875 0.3687500000000001
2 0.721875 0.3453125000000001 0.71875 0.3453125000000001 0.71875 0.3671875000000001 0.721875 0.3671875000000001
2 0.7296875 0.3500000000000001 0.7265625 0.3500000000000001 0.7265625 0.3687500000000001 0.7296875 0.3687500000000001
2 0.7515625 0.36406250000000007 0.746875 0.36406250000000007 0.746875 0.3906250000000001 0.7515625 0.3906250000000001
2 0.7078125 0.3734375000000001 0.7015625 0.3734375000000001 0.7015625 0.4109375 0.7078125 0.4109375
2 0.7734375 0.37187500000000007 0.7703125 0.37187500000000007 0.7703125 0.39531250000000007 0.7734375 0.39531250000000007
2 0.7671875 0.3781250000000001 0.7625 0.3781250000000001 0.7625 0.40625000000000017 0.7671875 0.40625000000000017
2 0.2953125000000001 0.390625 0.2890625000000001 0.390625 0.2890625000000001 0.4234375 0.2953125000000001 0.4234375
2 0.6671875 0.509375 0.65 0.509375 0.65 0.603125 0.6671875 0.603125