0 0.6265625000000001 0.7453125 0.6171875000000002 0.7453125 0.6171875000000002 0.7703125 0.6265625000000001 0.7703125
2 0.6625 0.4234375 0.65 0.4234375 0.65 0.4921875 0.6625 0.4921875
2 0.578125 0.428125 0.56875 0.428125 0.56875 0.50625 0.578125 0.50625
2 0.65625 0.3859375000000001 0.65 0.3859375000000001 0.65 0.440625 0.65625 0.440625
2 0.7171875 0.4203125 0.7078125 0.4203125 0.7078125 0.48125 0.7171875 0.48125
2 0.696875 0.3671875000000001 0.6921875 0.3671875000000001 0.6921875 0.4046875 0.696875 0.4046875
2 0.73125 0.3812500000000001 0.725 0.3812500000000001 0.725 0.41875000000000007 0.73125 0.4187500000000002
2 0.7515625 0.42500000000000016 0.7375 0.42500000000000016 0.7375 0.47968750000000016 0.7515625 0.47968750000000016
2 0.75625 0.4125000000000002 0.7484375 0.4125000000000002 0.7484375 0.4656250000000002 0.75625 0.4656250000000002
2 0.7890625 0.5203125000000002 0.775 0.5203125000000002 0.775 0.6000000000000002 0.7890625 0.6000000000000002
2 0.7796875 0.4078125000000002 0.7734375 0.4078125000000002 0.7734375 0.4515625000000002 0.7796875 0.4515625000000002
2 0.7953125 0.4312500000000002 0.7828125 0.4312500000000002 0.7828125 0.47968750000000016 0.7953125 0.47968750000000016
2 0.8109375 0.4390625000000002 0.803125 0.4390625000000002 0.803125 0.48437500000000017 0.8109375 0.48437500000000017
2 0.825 0.44062500000000016 0.815625 0.44062500000000016 0.815625 0.4859375000000002 0.825 0.4859375000000002
2 0.86875 0.47656250000000017 0.859375 0.47656250000000017 0.859375 0.5250000000000001 0.86875 0.5250000000000001
2 0.859375 0.4671875000000002 0.8515625 0.4671875000000002 0.8515625 0.5140625000000002 0.859375 0.5140625000000002
2 0.7953125 0.3859375000000001 0.790625 0.3859375000000001 0.790625 0.4125000000000002 0.7953125 0.4125000000000002
2 0.4921875 0.31718750000000007 0.4875 0.31718750000000007 0.4875 0.3421875000000001 0.4921875 0.3421875000000001
2 0.4765625 0.3453125000000001 0.46875 0.3453125000000001 0.46875 0.3843750000000001 0.4765625 0.3843750000000001
2 0.4296875 0.37968750000000007 0.421875 0.37968750000000007 0.421875 0.4375 0.4296875 0.4375
2 0.3687500000000001 0.4390625 0.3593750000000001 0.4390625 0.3593750000000001 0.5078125 0.3687500000000001 0.5078125
2 0.3421875000000001 0.459375 0.3312500000000001 0.459375 0.3312500000000001 0.53125 0.3421875000000001 0.53125
2 0.2218750000000001 0.4359375 0.2171875000000001 0.4359375 0.2171875000000001 0.4671875 0.2218750000000001 0.4671875