2 0.4796875000000001 0.6640625 0.453125 0.6640625 0.4531250000000001 0.821875 0.47968750000000016 0.821875
2 0.3500000000000001 0.4453125 0.3375000000000001 0.4453125 0.3375000000000001 0.5140625 0.3500000000000001 0.5140625
2 0.434375 0.415625 0.4234375 0.415625 0.4234375 0.4875 0.434375 0.4875
2 0.5203125 0.39531250000000007 0.509375 0.39531250000000007 0.509375 0.459375 0.5203125 0.459375
2 0.3734375000000001 0.3906250000000001 0.3671875000000001 0.3906250000000001 0.3671875000000001 0.4375 0.3734375000000001 0.4375
2 0.3921875000000001 0.3843750000000001 0.3843750000000001 0.3843750000000001 0.3843750000000001 0.43125 0.3921875000000001 0.43125
2 0.403125 0.3625000000000001 0.3953125 0.3625000000000001 0.39531250000000007 0.40625 0.403125 0.40625
2 0.4265625 0.3421875000000001 0.4203125 0.3421875000000001 0.4203125 0.37187500000000007 0.4265625 0.37187500000000007
2 0.4828125 0.35625000000000007 0.475 0.35625000000000007 0.475 0.4015625 0.4828125 0.4015625
2 0.4640625 0.3593750000000001 0.4578125 0.3593750000000001 0.4578125 0.4015625 0.4640625 0.4015625
2 0.4625 0.3359375000000001 0.45625 0.3359375000000001 0.45625 0.3656250000000001 0.4625 0.3656250000000001
2 0.5421875 0.3578125000000001 0.5328125 0.3578125000000001 0.5328125 0.4171875 0.5421875 0.4171875
2 0.5625 0.3656250000000001 0.553125 0.3656250000000001 0.553125 0.4140625 0.5625 0.4140625
2 0.5984375 0.3750000000000001 0.5890625 0.3750000000000001 0.5890625 0.4234375 0.5984375 0.4234375
2 0.5734375 0.3312500000000001 0.5671875 0.3312500000000001 0.5671875 0.36406250000000007 0.5734375 0.36406250000000007
2 0.528125 0.3296875000000001 0.521875 0.3296875000000001 0.521875 0.3687500000000001 0.528125 0.3687500000000001
2 0.753125 0.47187500000000016 0.7421875 0.47187500000000016 0.7421875 0.5375000000000002 0.753125 0.5375000000000002
2 0.7203125 0.4109375 0.7140625 0.4109375 0.7140625 0.4609375 0.7203125 0.4609375
2 0.7578125 0.42500000000000016 0.7515625 0.42500000000000016 0.7515625 0.4750000000000002 0.7578125 0.4750000000000002
2 0.734375 0.36406250000000007 0.7296875 0.36406250000000007 0.7296875 0.4031250000000002 0.734375 0.4031250000000002
0 0.7234375 0.3921875000000001 0.7203125 0.3921875000000001 0.7203125 0.403125 0.7234375 0.403125
2 0.6546875 0.3453125000000001 0.65 0.3453125000000001 0.65 0.3781250000000001 0.6546875 0.3781250000000001
2 0.784375 0.37968750000000007 0.78125 0.37968750000000007 0.78125 0.40156250000000016 0.784375 0.40156250000000016
2 0.2250000000000001 0.425 0.22031250000000008 0.425 0.22031250000000008 0.4546875 0.2250000000000001 0.4546875