2 0.2390625000000001 0.3875 0.19218750000000004 0.3875 0.19218750000000007 0.61875 0.2390625000000001 0.61875
2 0.2828125000000001 0.4296875 0.2515625000000001 0.4296875 0.2515625000000001 0.5671875 0.2828125000000001 0.5671875
2 0.4046875000000001 0.37500000000000006 0.31718750000000007 0.375 0.31718750000000007 0.7296875 0.4046875000000002 0.7296875
2 0.3234375000000001 0.4328125 0.2593750000000001 0.4328125 0.2593750000000001 0.634375 0.3234375000000001 0.634375
2 0.503125 0.4296875 0.459375 0.4296875 0.459375 0.5546875 0.503125 0.5546875
2 0.6890625 0.4515625 0.653125 0.4515625 0.653125 0.5703125 0.6890625 0.5703125
2 0.8609375 0.42500000000000016 0.83125 0.42500000000000016 0.83125 0.5593750000000002 0.8609375 0.5593750000000002
2 0.9515625 0.4515625000000002 0.9078125 0.4515625000000002 0.9078125 0.5500000000000002 0.9515625 0.5500000000000002
2 0.7703125 0.4359375000000002 0.734375 0.4359375000000002 0.734375 0.5359375000000002 0.7703125 0.5359375000000002
2 0.07968750000000005 0.421875 0.04843750000000006 0.421875 0.048437500000000064 0.55 0.07968750000000006 0.55
2 0.05625000000000006 0.4453125 0.023437500000000056 0.4453125 0.023437500000000062 0.5734375 0.056250000000000064 0.5734375