2 0.73125 0.5859375000000001 0.5375 0.5859375 0.5375 0.6484375000000001 0.73125 0.6484375000000002
2 0.6625000000000002 0.8765625 0.4859375000000002 0.8765625 0.4859375000000002 0.928125 0.6625000000000002 0.928125
2 0.4906250000000002 0.7546875 0.3343750000000001 0.7546875 0.3343750000000001 0.7953125 0.4906250000000002 0.7953125
2 0.65625 0.4453125 0.478125 0.4453125 0.478125 0.5125 0.65625 0.5125
2 1 0.07656250000000012 0.765625 0.07656250000000009 0.765625 0.14531250000000012 1 0.14531250000000012
2 0.8515625 0.16406250000000008 0.6484375 0.16406250000000008 0.6484375 0.2250000000000001 0.8515625 0.2250000000000001
2 0.69375 0.2375000000000001 0.50625 0.2375000000000001 0.50625 0.27812500000000007 0.69375 0.27812500000000007
2 0.5828125 0.2843750000000001 0.45 0.2843750000000001 0.45 0.3453125000000001 0.5828125 0.3453125000000001
2 0.5140625 0.565625 0.40625 0.565625 0.40625 0.6015625 0.5140625 0.6015625
2 0.490625 0.5578125 0.3546875000000001 0.5578125 0.3546875000000001 0.5859375 0.490625 0.5859375
2 0.478125 0.58125 0.3515625000000001 0.58125 0.3515625000000001 0.615625 0.478125 0.615625
1 0.534375 0.4109375 0.3468750000000001 0.4109375 0.3468750000000001 0.4859375 0.534375 0.4859375
3 0.7875000000000002 0.840625 0.5656250000000002 0.840625 0.5656250000000002 0.8828125 0.7875000000000002 0.8828125