3 0.6453125000000002 0.8625 0.4578125000000002 0.8625 0.4578125000000002 0.915625 0.6453125000000002 0.915625
2 0.7546875 0.4390625000000001 0.553125 0.4390625 0.553125 0.5109375 0.7546875 0.5109375000000002
2 0.7921875 0.29375000000000007 0.6296875 0.29375000000000007 0.6296875 0.37187500000000007 0.7921875 0.37187500000000007
2 0.7265625 0.11562500000000009 0.55 0.11562500000000009 0.55 0.1750000000000001 0.7265625 0.1750000000000001
2 0.3218750000000001 0.8375 0.1453125000000001 0.8375 0.1453125000000001 0.8984375 0.3218750000000001 0.8984375
2 0.3140625000000001 0.7171875 0.22031250000000008 0.7171875 0.22031250000000008 0.7859375 0.3140625000000001 0.7859375
2 0.5531250000000002 0.7453125 0.3906250000000001 0.7453125 0.3906250000000001 0.8203125 0.5531250000000002 0.8203125
2 0.5203125 0.65625 0.3515625000000001 0.65625 0.3515625000000001 0.715625 0.5203125 0.715625
2 0.3062500000000001 0.45 0.14531250000000004 0.45 0.14531250000000004 0.5015625 0.3062500000000001 0.5015625
2 0.36875 0.27812500000000007 0.2234375 0.278125 0.2234375 0.31093750000000003 0.36875 0.3109375000000001
2 0.425 0.2515625 0.271875 0.2515625 0.271875 0.29218750000000004 0.425 0.2921875000000001
2 0.609375 0.010937500000000058 0.35 0.010937500000000041 0.35 0.07656250000000006 0.609375 0.07656250000000006
2 0.9296875 0.3109375000000001 0.75625 0.3109375000000001 0.75625 0.3687500000000001 0.9296875 0.3687500000000001
0 0.853125 0.3500000000000001 0.8078125 0.3500000000000001 0.8078125 0.3781250000000001 0.853125 0.3781250000000001