2 0.7250000000000002 0.7921875 0.6500000000000001 0.7921875 0.6500000000000001 0.990625 0.7250000000000002 0.990625
2 0.6734375 0.55625 0.625 0.55625 0.625 0.6859375 0.6734375 0.6859375
2 0.2890625000000001 0.5734375 0.22656250000000008 0.5734375 0.22656250000000008 0.746875 0.2890625000000001 0.746875
2 0.16250000000000006 0.5171875 0.10625000000000004 0.5171875 0.10625000000000007 0.709375 0.1625000000000001 0.709375
2 0.2140625000000001 0.3953125 0.16875000000000004 0.3953125 0.16875000000000004 0.528125 0.2140625000000001 0.528125
2 0.3375000000000001 0.446875 0.2906250000000001 0.446875 0.2906250000000001 0.5703125 0.3375000000000001 0.5703125
2 0.4625 0.4859375 0.428125 0.4859375 0.428125 0.6171875 0.4625 0.6171875
2 0.521875 0.465625 0.4796875 0.465625 0.4796875 0.6140625 0.521875 0.6140625
2 0.434375 0.453125 0.38750000000000007 0.453125 0.38750000000000007 0.59375 0.434375 0.59375
2 0.65625 0.496875 0.61875 0.496875 0.61875 0.6140625 0.65625 0.6140625
1 0.803125 0.3828125000000001 0.740625 0.3828125000000001 0.740625 0.5578125000000002 0.803125 0.5578125000000002
0 0.22656250000000008 0.465625 0.2015625000000001 0.465625 0.2015625000000001 0.5140625 0.22656250000000008 0.5140625