2 0.3890625000000001 0.7953125 0.3046875000000001 0.7953125 0.3046875000000001 0.9484375 0.3890625000000001 0.9484375
2 0.2890625000000001 0.6125 0.21875000000000008 0.6125 0.21875000000000008 0.7859375 0.2890625000000001 0.7859375
2 0.14375000000000004 0.3875 0.09375000000000004 0.3875 0.09375000000000006 0.525 0.14375000000000004 0.525
2 0.06875000000000006 0.4140625 0.00781250000000005 0.4140625 0.007812500000000059 0.55625 0.06875000000000006 0.55625
2 0.5937500000000001 0.615625 0.53125 0.615625 0.5312500000000001 0.796875 0.5937500000000002 0.796875
2 0.7156250000000001 0.6015625 0.6625 0.6015625 0.6625000000000001 0.76875 0.7156250000000002 0.76875
2 0.775 0.45312500000000017 0.73125 0.45312500000000017 0.73125 0.5937500000000002 0.775 0.5937500000000002
2 0.3359375 0.18437500000000004 0.2859375 0.18437500000000004 0.2859375 0.3109375 0.3359375 0.3109375
2 0.4921875 0.2484375000000001 0.4484375 0.2484375000000001 0.4484375 0.3828125000000001 0.4921875 0.3828125000000001
2 0.5578125 0.2390625000000001 0.5203125 0.2390625000000001 0.5203125 0.37968750000000007 0.5578125 0.37968750000000007
1 0.7484375 0.12031250000000009 0.6984375 0.12031250000000009 0.6984375 0.21093750000000008 0.7484375 0.21093750000000008
0 0.7515625000000001 0.7156250000000001 0.7234375 0.715625 0.7234375000000001 0.8 0.7515625000000001 0.8