2 0.1312500000000001 0.5578125 0.08281250000000007 0.5578125 0.08281250000000008 0.715625 0.1312500000000001 0.715625
2 0.6062500000000002 0.7484375 0.5671875000000002 0.7484375 0.5671875000000002 0.896875 0.6062500000000002 0.896875
2 0.6546875 0.546875 0.6140625 0.546875 0.6140625 0.69375 0.6546875 0.69375
2 0.8703125 0.81875 0.8171875 0.81875 0.8171875 0.9796875 0.8703125 0.9796875
2 0.8703125 0.4578125000000002 0.8375 0.4578125000000002 0.8375 0.5703125000000002 0.8703125 0.5703125000000002
2 0.765625 0.4421875000000002 0.7296875 0.4421875000000002 0.7296875 0.5500000000000002 0.765625 0.5500000000000002
2 0.8203125 0.3750000000000001 0.7796875 0.3750000000000001 0.7796875 0.5046875000000002 0.8203125 0.5046875000000002
2 0.8859375 0.35625000000000007 0.85625 0.35625000000000007 0.85625 0.4625000000000002 0.8859375 0.4625000000000002
2 1 0.3343750000000001 0.9796875 0.3343750000000001 0.9796875 0.4593750000000002 1 0.4593750000000002
2 0.5015625 0.4515625 0.465625 0.4515625 0.465625 0.5359375 0.5015625 0.5359375
2 0.6921875 0.39531250000000007 0.6578125 0.39531250000000007 0.6578125 0.471875 0.6921875 0.471875
1 0.6 0.3750000000000001 0.5703125 0.3750000000000001 0.5703125 0.4640625 0.6 0.4640625
2 0.4906250000000001 0.609375 0.446875 0.609375 0.4468750000000001 0.746875 0.4906250000000002 0.746875
3 0.753125 0.596875 0.7171875 0.596875 0.7171875000000001 0.7437500000000001 0.7531250000000002 0.7437500000000001