2 0.03281250000000008 0.5359375 0.001562500000000066 0.5359375 0.0015625000000000755 0.696875 0.03281250000000009 0.696875
2 0.3968750000000001 0.571875 0.3453125000000001 0.571875 0.3453125000000001 0.725 0.3968750000000001 0.725
2 0.5171875000000001 0.7421875 0.4656250000000002 0.7421875 0.4656250000000002 0.9375 0.5171875000000001 0.9375
2 0.9046875 0.825 0.83125 0.825 0.83125 1 0.9046875 1
2 0.6125 0.5375 0.55625 0.5375 0.55625 0.7 0.6125 0.7
2 0.4296875 0.4125 0.3843750000000001 0.4125 0.3843750000000001 0.534375 0.4296875 0.534375
2 0.50625 0.3921875000000001 0.4609375 0.3921875000000001 0.4609375 0.5046875 0.50625 0.5046875
2 0.83125 0.44843750000000016 0.7796875 0.44843750000000016 0.7796875 0.6031250000000001 0.83125 0.6031250000000001
2 0.8328125 0.3187500000000001 0.7984375 0.3187500000000001 0.7984375 0.4343750000000002 0.8328125 0.4343750000000002
2 0.771875 0.3437500000000001 0.740625 0.3437500000000001 0.740625 0.4625000000000002 0.771875 0.4625000000000002
1 0.5390625 0.3281250000000001 0.50625 0.3281250000000001 0.50625 0.44375 0.5390625 0.44375
3 0.7734375000000001 0.5656250000000002 0.7296875 0.5656250000000002 0.7296875 0.7375000000000002 0.7734375000000002 0.7375000000000002