2 0.5046875 0.465625 0.37968750000000007 0.465625 0.37968750000000007 0.49375 0.5046875 0.49375
2 0.5765625 0.3375000000000001 0.5015625 0.3375000000000001 0.5015625 0.3656250000000001 0.5765625 0.3656250000000001
2 0.640625 0.2812500000000001 0.5390625 0.2812500000000001 0.5390625 0.3187500000000001 0.640625 0.3187500000000001
2 0.615625 0.09687500000000007 0.5 0.09687500000000007 0.5 0.15000000000000008 0.615625 0.15000000000000008
2 0.6953125 0.18125000000000008 0.6140625 0.18125000000000008 0.6140625 0.20468750000000008 0.6953125 0.20468750000000008
2 0.665625 0.3500000000000001 0.578125 0.3500000000000001 0.578125 0.37187500000000007 0.665625 0.37187500000000007
2 0.6515625 0.45 0.6015625 0.45 0.6015625 0.4625 0.6515625 0.4625
2 0.71875 0.421875 0.6390625 0.421875 0.6390625 0.4375 0.71875 0.4375
2 0.603125 0.4859375 0.5203125 0.4859375 0.5203125 0.5140625 0.603125 0.5140625
2 0.12031250000000004 0.4453125 5.4535052774530576e-17 0.4453125 5.72139676476654e-17 0.4890625 0.12031250000000004 0.4890625
2 0.4953125 0.55625 0.3828125000000001 0.55625 0.3828125000000001 0.5890625 0.4953125 0.5890625
2 0.7359375 0.596875 0.70625 0.596875 0.70625 0.6031250000000001 0.7359375 0.6031250000000001
2 0.6296875 0.6015625 0.5453125 0.6015625 0.5453125 0.6234375 0.6296875 0.6234375
2 0.6796875 0.4953125 0.6265625 0.4953125 0.6265625 0.5140625 0.6796875 0.5140625
2 0.6000000000000001 0.7203125 0.471875 0.7203125 0.4718750000000001 0.7609375 0.6000000000000002 0.7609375
2 0.6281250000000002 0.7953125 0.5562500000000001 0.7953125 0.5562500000000001 0.8234375 0.6281250000000002 0.8234375
2 0.5750000000000002 0.8578125 0.40937500000000016 0.8578125 0.40937500000000016 0.8921875 0.5750000000000002 0.8921875
2 0.715625 0.6609375 0.65 0.6609375 0.65 0.675 0.715625 0.675
3 0.5484375 0.6203125 0.4359375 0.6203125 0.4359375 0.6546875 0.5484375 0.6546875