2 0.5265625000000002 0.865625 0.47968750000000016 0.865625 0.47968750000000016 1 0.5265625000000002 1
2 0.3937500000000001 0.5453125 0.3578125000000001 0.5453125 0.3578125000000001 0.6734375 0.3937500000000001 0.6734375
2 0.07968750000000005 0.403125 0.034375000000000044 0.403125 0.03437500000000006 0.5203125 0.07968750000000006 0.5203125
2 0.13125000000000003 0.3515625 0.09843750000000004 0.3515625 0.09843750000000005 0.459375 0.13125000000000003 0.459375
2 0.2796875000000001 0.378125 0.2500000000000001 0.378125 0.2500000000000001 0.471875 0.2796875000000001 0.471875
2 0.24687500000000004 0.28125 0.2015625 0.28125 0.20156250000000003 0.4 0.2468750000000001 0.4
2 0.3218750000000001 0.3859375 0.2875000000000001 0.3859375 0.2875000000000001 0.4984375 0.3218750000000001 0.4984375
2 0.353125 0.359375 0.3203125 0.359375 0.32031250000000006 0.459375 0.3531250000000001 0.459375
2 0.51875 0.3937500000000001 0.4953125 0.3937500000000001 0.4953125 0.4953125 0.51875 0.4953125
2 0.503125 0.3265625000000001 0.4765625 0.3265625000000001 0.4765625 0.415625 0.503125 0.415625
2 0.5234375 0.2906250000000001 0.5 0.2906250000000001 0.5 0.3656250000000001 0.5234375 0.3656250000000001
2 0.6984375 0.3671875000000001 0.66875 0.3671875000000001 0.66875 0.4640625 0.6984375 0.4640625
2 0.746875 0.4218750000000001 0.715625 0.421875 0.715625 0.5281250000000001 0.746875 0.5281250000000002
2 0.9859375 0.5062500000000002 0.946875 0.5062500000000002 0.946875 0.6281250000000002 0.9859375 0.6281250000000002
2 0.9234375 0.43750000000000017 0.8859375 0.43750000000000017 0.8859375 0.5531250000000002 0.9234375 0.5531250000000002
2 0.8609375 0.3593750000000001 0.825 0.3593750000000001 0.825 0.4906250000000002 0.8609375 0.4906250000000002
2 0.8265625 0.3031250000000001 0.803125 0.3031250000000001 0.803125 0.3734375000000001 0.8265625 0.3734375000000001
3 0.71875 0.4421875 0.6921875 0.4421875 0.6921875 0.53125 0.71875 0.53125