2 0.5000000000000001 0.525 0.4203125 0.525 0.4203125000000001 0.7328125 0.5000000000000002 0.7328125
2 0.08437500000000007 0.509375 0.026562500000000065 0.509375 0.02656250000000008 0.728125 0.08437500000000009 0.728125
2 0.054687500000000035 0.2640625 0.014062500000000033 0.2640625 0.014062500000000042 0.428125 0.05468750000000004 0.428125
2 0.26562500000000006 0.2875 0.221875 0.2875 0.22187500000000004 0.4796875 0.2656250000000001 0.4796875
2 0.64375 0.478125 0.590625 0.478125 0.590625 0.646875 0.64375 0.646875
2 0.8171875 0.5218750000000002 0.7578125 0.5218750000000002 0.7578125 0.6890625000000001 0.8171875 0.6890625000000001
2 0.9890625 0.6843750000000002 0.90625 0.6843750000000002 0.90625 0.9640625 0.9890625 0.9640625
2 0.890625 0.6093750000000002 0.840625 0.6093750000000002 0.840625 0.7968750000000002 0.890625 0.7968750000000002
2 0.8640625 0.4656250000000002 0.828125 0.4656250000000002 0.828125 0.6171875000000002 0.8640625 0.6171875000000002
2 0.2015625000000001 0.4578125 0.16093750000000004 0.4578125 0.16093750000000007 0.621875 0.2015625000000001 0.621875
2 0.4828125 0.3578125000000001 0.4421875 0.3578125000000001 0.4421875 0.471875 0.4828125 0.471875
2 0.440625 0.3546875000000001 0.41875 0.3546875000000001 0.41875 0.478125 0.440625 0.478125
2 0.4546875 0.3437500000000001 0.4296875 0.3437500000000001 0.4296875 0.4515625 0.4546875 0.4515625
1 0.621875 0.3468750000000001 0.55625 0.3468750000000001 0.55625 0.478125 0.621875 0.478125
3 0.2250000000000001 0.5640625 0.16562500000000008 0.5640625 0.16562500000000008 0.746875 0.2250000000000001 0.746875