2 0.12656250000000005 0.490625 6.008423358316702e-17 0.490625 6.31458505810354e-17 0.540625 0.12656250000000005 0.540625
2 0.4671875 0.33281250000000007 0.3359375 0.3328125 0.33593750000000006 0.38125000000000003 0.4671875 0.3812500000000001
2 0.5859375 0.023437500000000066 0.478125 0.023437500000000062 0.478125 0.07500000000000007 0.5859375 0.07500000000000007
2 0.646875 0.07500000000000008 0.553125 0.07500000000000007 0.553125 0.11250000000000009 0.646875 0.11250000000000009
2 0.6140625 0.2328125000000001 0.5453125 0.2328125000000001 0.5453125 0.2531250000000001 0.6140625 0.2531250000000001
2 0.7015625 0.20468750000000008 0.6046875 0.20468750000000008 0.6046875 0.2406250000000001 0.7015625 0.2406250000000001
2 0.61875 0.28593750000000007 0.5265625 0.28593750000000007 0.5265625 0.3203125000000001 0.61875 0.3203125000000001
2 0.6453125 0.3218750000000001 0.5390625 0.3218750000000001 0.5390625 0.35625000000000007 0.6453125 0.35625000000000007
2 0.5703125000000002 0.73125 0.4625000000000002 0.73125 0.4625000000000002 0.7640625 0.5703125000000002 0.7640625
2 0.5078125000000002 0.9625 0.3468750000000001 0.9625 0.3468750000000001 1 0.5078125000000002 1
2 0.5671875000000002 0.890625 0.4421875000000002 0.890625 0.4421875000000002 0.9265625 0.5671875000000002 0.9265625
2 0.6343750000000001 0.8296875 0.5156250000000002 0.8296875 0.5156250000000002 0.8609375 0.6343750000000001 0.8609375
2 0.7015625000000002 0.7953125 0.6187500000000001 0.7953125 0.6187500000000001 0.8265625 0.7015625000000002 0.8265625
2 0.61875 0.6765625 0.5609375 0.6765625 0.5609375 0.709375 0.61875 0.709375
2 0.68125 0.4703125 0.5921875 0.4703125 0.5921875 0.5015625 0.68125 0.5015625
2 0.6890625 0.503125 0.615625 0.503125 0.615625 0.534375 0.6890625 0.534375
2 0.61875 0.496875 0.5109375 0.496875 0.5109375 0.5296875 0.61875 0.5296875
3 0.5625 0.68125 0.45 0.68125 0.45 0.715625 0.5625 0.715625