3 0.515625 0.023437500000000056 0.39375 0.02343750000000005 0.39375 0.06718750000000005 0.515625 0.06718750000000007
0 0.19687500000000005 0.5203125 0.14062500000000006 0.5203125 0.14062500000000006 0.5390625 0.19687500000000005 0.5390625
2 0.2218750000000001 0.5171875 0.06562500000000007 0.5171875 0.06562500000000007 0.56875 0.2218750000000001 0.56875
1 0.915625 0.9171875 0.7968750000000002 0.9171875 0.7968750000000002 0.965625 0.915625 0.965625
2 0.7890625 0.12031250000000009 0.6109375 0.12031250000000009 0.6109375 0.17968750000000008 0.7890625 0.17968750000000008
2 0.634375 0.2093750000000001 0.46875 0.2093750000000001 0.46875 0.2593750000000001 0.634375 0.2593750000000001
2 0.44375 0.38906250000000003 0.2328125000000001 0.3890625 0.2328125000000001 0.4421875 0.44375 0.4421875
2 0.35625000000000007 0.5359375 0.18437500000000004 0.5359375 0.18437500000000007 0.58125 0.35625000000000007 0.58125
2 0.4203125000000002 0.7671875 0.2828125000000001 0.7671875 0.2828125000000001 0.825 0.4203125000000002 0.825
2 0.6015625000000002 0.8796875 0.43281250000000016 0.8796875 0.43281250000000016 0.9171875 0.6015625000000002 0.9171875
2 0.853125 0.3984375000000001 0.66875 0.3984375000000001 0.66875 0.4765625000000001 0.853125 0.47656250000000017
2 0.7453125 0.6171875000000001 0.6421875 0.6171875 0.6421875 0.6531250000000001 0.7453125 0.6531250000000002
2 0.76875 0.6125 0.675 0.6125 0.675 0.6578125000000001 0.76875 0.6578125000000001
2 0.828125 0.012500000000000091 0.6609375 0.012500000000000084 0.6609375 0.0687500000000001 0.828125 0.06875000000000012
2 0.603125 0.12500000000000006 0.465625 0.12500000000000006 0.465625 0.16093750000000007 0.603125 0.1609375000000001