2 0.496875 0.4859375 0.44375 0.4859375 0.44375 0.6640625 0.496875 0.6640625
2 0.2390625000000001 0.4390625 0.16875000000000004 0.4390625 0.16875000000000007 0.6046875 0.2390625000000001 0.6046875
2 0.15781250000000005 0.303125 0.11093750000000005 0.303125 0.11093750000000005 0.3953125 0.15781250000000005 0.3953125
2 0.07500000000000004 0.2640625 0.018750000000000034 0.2640625 0.01875000000000004 0.3875 0.07500000000000004 0.3875
2 0.5265625 0.3671875000000001 0.4921875 0.3671875000000001 0.4921875 0.4796875 0.5265625 0.4796875
2 0.6671875 0.50625 0.6078125 0.50625 0.6078125 0.6390625 0.6671875 0.6390625
2 0.9421875 0.6281250000000002 0.8890625 0.6281250000000002 0.8890625 0.8203125 0.9421875 0.8203125
2 1 0.5171875000000001 0.9421875 0.5171875000000001 0.9421875 0.6218750000000002 1 0.6218750000000002
2 0.8765625 0.5843750000000002 0.8234375 0.5843750000000002 0.8234375 0.7437500000000001 0.8765625 0.7437500000000001
2 0.846875 0.5328125000000001 0.7890625 0.5328125000000001 0.7890625 0.6593750000000002 0.846875 0.6593750000000002
2 0.38906250000000003 0.30781250000000004 0.3515625 0.3078125 0.35156250000000006 0.4609375 0.3890625000000001 0.4609375
2 0.409375 0.3187500000000001 0.375 0.3187500000000001 0.37500000000000006 0.459375 0.409375 0.459375
0 0.425 0.4015625 0.3984375000000001 0.4015625 0.3984375000000001 0.4640625 0.425 0.4640625
1 0.678125 0.3031250000000001 0.615625 0.3031250000000001 0.615625 0.45 0.678125 0.45
3 0.1921875000000001 0.565625 0.14218750000000008 0.565625 0.14218750000000008 0.6890625 0.1921875000000001 0.6890625