0 0.7640625000000001 0.7156250000000002 0.73125 0.7156250000000002 0.7312500000000001 0.8109375 0.7640625000000002 0.8109375
2 0.7921875 0.44218750000000007 0.7125 0.4421875 0.7125 0.628125 0.7921875 0.6281250000000002
2 0.3593750000000001 0.8265625 0.3062500000000001 0.8265625 0.3062500000000001 0.9984375 0.3593750000000001 0.9984375
2 0.2718750000000001 0.6203125 0.21875000000000008 0.6203125 0.21875000000000008 0.7921875 0.2718750000000001 0.7921875
2 0.6500000000000001 0.628125 0.6140625 0.628125 0.6140625000000001 0.7703125 0.6500000000000001 0.7703125
2 0.596875 0.2718750000000001 0.5484375 0.2718750000000001 0.5484375 0.39531250000000007 0.596875 0.39531250000000007
2 0.528125 0.2718750000000001 0.4875 0.2718750000000001 0.4875 0.37968750000000007 0.528125 0.37968750000000007
2 0.35 0.19218750000000004 0.3046875 0.19218750000000004 0.3046875 0.30625 0.35 0.30625
2 0.15781250000000005 0.409375 0.10468750000000004 0.409375 0.10468750000000004 0.5140625 0.15781250000000005 0.5140625
2 0.07500000000000005 0.4375 0.026562500000000055 0.4375 0.026562500000000062 0.55625 0.07500000000000007 0.55625
2 0.5984375000000001 0.6046875 0.5515625 0.6046875 0.5515625000000001 0.753125 0.5984375000000002 0.753125
1 0.7546875 0.16406250000000008 0.7125 0.16406250000000008 0.7125 0.25468750000000007 0.7546875 0.25468750000000007