2 0.3546875000000001 0.828125 0.3046875000000001 0.828125 0.3046875000000001 1 0.3546875000000001 1
2 0.15937500000000004 0.4140625 0.10000000000000005 0.4140625 0.10000000000000005 0.50625 0.15937500000000004 0.50625
2 0.4796875 0.5359375 0.4421875 0.5359375 0.4421875 0.6390625 0.4796875 0.6390625
2 0.17812500000000003 0.4015625 0.14687500000000003 0.4015625 0.14687500000000003 0.5015625 0.17812500000000003 0.5015625
2 0.22187500000000004 0.303125 0.17500000000000004 0.303125 0.17500000000000004 0.40625 0.2218750000000001 0.40625
2 0.3546875000000001 0.3953125 0.3265625000000001 0.3953125 0.3265625000000001 0.4859375 0.3546875000000001 0.4859375
2 0.39843750000000006 0.35625000000000007 0.3640625 0.35625000000000007 0.36406250000000007 0.4640625 0.3984375000000001 0.4640625
2 0.45 0.3000000000000001 0.4171875 0.3000000000000001 0.4171875 0.37187500000000007 0.45 0.37187500000000007
2 0.4515625 0.403125 0.425 0.403125 0.425 0.515625 0.4515625 0.515625
2 0.48125 0.425 0.4578125 0.425 0.4578125 0.5171875 0.48125 0.5171875
2 0.4671875 0.3703125000000001 0.4421875 0.3703125000000001 0.4421875 0.475 0.4671875 0.475
2 0.58125 0.3843750000000001 0.553125 0.3843750000000001 0.553125 0.471875 0.58125 0.471875
2 0.4890625 0.2968750000000001 0.465625 0.2968750000000001 0.465625 0.3750000000000001 0.4890625 0.3750000000000001
2 0.565625 0.4859375 0.5375 0.4859375 0.5375 0.5796875 0.565625 0.5796875
2 0.65 0.2734375000000001 0.6171875 0.2734375000000001 0.6171875 0.3609375000000001 0.65 0.3609375000000001
2 0.7875 0.4281250000000002 0.740625 0.4281250000000002 0.740625 0.5796875000000001 0.7875 0.5796875000000001
2 0.8140625 0.3375000000000001 0.7921875 0.3375000000000001 0.7921875 0.46093750000000017 0.8140625 0.46093750000000017
2 0.9484375 0.4828125000000002 0.9078125 0.4828125000000002 0.9078125 0.6015625000000002 0.9484375 0.6015625000000002
3 0.6046875 0.4484375 0.5671875 0.4484375 0.5671875 0.5515625 0.6046875 0.5515625
0 0.503125 0.43125 0.475 0.43125 0.475 0.5078125 0.503125 0.5078125