2 1 0.4750000000000002 0.865625 0.4750000000000002 0.865625 0.5218750000000002 1 0.5218750000000002
2 0.6734375 0.60625 0.5453125 0.60625 0.5453125 0.6421875 0.6734375 0.6421875
2 0.5203125000000002 0.9203125 0.4031250000000002 0.9203125 0.4031250000000002 0.965625 0.5203125000000002 0.965625
2 0.4593750000000002 0.8703125 0.3515625000000001 0.8703125 0.3515625000000001 0.903125 0.4593750000000002 0.903125
2 0.4718750000000001 0.7203125 0.3781250000000001 0.7203125 0.3781250000000001 0.75 0.47187500000000016 0.75
2 0.4000000000000002 0.7546875 0.2812500000000001 0.7546875 0.2812500000000001 0.7984375 0.4000000000000002 0.7984375
2 0.4984375 0.678125 0.3859375000000001 0.678125 0.3859375000000001 0.7125 0.4984375 0.7125
2 0.459375 0.6484375 0.3593750000000001 0.6484375 0.3593750000000001 0.6796875 0.459375 0.6796875
2 0.4953125 0.48125 0.3937500000000001 0.48125 0.3937500000000001 0.50625 0.4953125 0.50625
2 0.415625 0.4984375 0.3265625000000001 0.4984375 0.3265625000000001 0.5234375 0.415625 0.5234375
2 0.3656250000000001 0.478125 0.2906250000000001 0.478125 0.2906250000000001 0.5 0.3656250000000001 0.5
2 0.4640625 0.3031250000000001 0.3671875 0.3031250000000001 0.3671875 0.33281250000000007 0.4640625 0.33281250000000007
2 0.528125 0.2531250000000001 0.421875 0.2531250000000001 0.421875 0.2843750000000001 0.528125 0.2843750000000001
2 0.628125 0.01562500000000007 0.50625 0.015625000000000062 0.50625 0.05312500000000007 0.628125 0.05312500000000007
2 0.553125 0.07656250000000006 0.4375 0.07656250000000005 0.4375 0.11406250000000007 0.553125 0.1140625000000001
2 0.490625 0.14062500000000006 0.359375 0.14062500000000006 0.359375 0.17500000000000004 0.490625 0.17500000000000004
2 0.375 0.17500000000000004 0.303125 0.17500000000000004 0.303125 0.19843750000000004 0.375 0.19843750000000004
3 0.5296875 0.2828125000000001 0.4421875 0.2828125000000001 0.4421875 0.3078125000000001 0.5296875 0.3078125000000001