2 0.5406250000000001 0.8734375 0.4906250000000002 0.8734375 0.4906250000000002 1 0.5406250000000001 1
2 0.3812500000000001 0.5328125 0.33281250000000007 0.5328125 0.33281250000000007 0.6640625 0.3812500000000001 0.6640625
2 0.07500000000000005 0.4140625 0.02343750000000005 0.4140625 0.02343750000000006 0.521875 0.07500000000000007 0.521875
2 0.11250000000000004 0.3546875 0.07500000000000004 0.3546875 0.07500000000000004 0.4484375 0.11250000000000004 0.4484375
2 0.2531250000000001 0.3875 0.2328125000000001 0.3875 0.2328125000000001 0.45625 0.2531250000000001 0.45625
2 0.24062500000000003 0.2984375 0.2046875 0.2984375 0.20468750000000005 0.3953125 0.2406250000000001 0.3953125
2 0.3203125000000001 0.3828125 0.28593750000000007 0.3828125 0.28593750000000007 0.475 0.3203125000000001 0.475
2 0.35625000000000007 0.3546875 0.321875 0.3546875 0.321875 0.4609375 0.35625000000000007 0.4609375
2 0.7640625 0.42968750000000017 0.73125 0.42968750000000017 0.73125 0.5375000000000002 0.7640625 0.5375000000000002
2 1 0.4937500000000002 0.9625 0.4937500000000002 0.9625 0.6546875000000002 1 0.6546875000000002
2 0.9265625 0.4343750000000002 0.890625 0.4343750000000002 0.890625 0.5593750000000002 0.9265625 0.5593750000000002
2 0.8609375 0.3671875000000001 0.8296875 0.3671875000000001 0.8296875 0.4859375000000002 0.8609375 0.4859375000000002
2 0.8265625 0.3000000000000001 0.7953125 0.3000000000000001 0.7953125 0.3828125000000001 0.8265625 0.3828125000000001
2 0.709375 0.3828125000000001 0.6765625 0.3828125000000001 0.6765625 0.440625 0.709375 0.440625
2 0.5015625 0.3187500000000001 0.4703125 0.3187500000000001 0.4703125 0.4078125 0.5015625 0.4078125
2 0.534375 0.3109375000000001 0.503125 0.3109375000000001 0.503125 0.3843750000000001 0.534375 0.3843750000000001
2 0.5296875 0.3828125000000001 0.496875 0.3828125000000001 0.496875 0.490625 0.5296875 0.490625
3 0.715625 0.4390625 0.68125 0.4390625 0.68125 0.5515625 0.715625 0.5515625