1 0.2234375 0.2203125 0.17343750000000005 0.2203125 0.17343750000000005 0.3203125 0.2234375 0.3203125
2 0.12968750000000007 0.459375 0.08906250000000007 0.459375 0.08906250000000007 0.6375 0.1296875000000001 0.6375
2 0.07656250000000005 0.3453125 0.026562500000000044 0.3453125 0.02656250000000005 0.45 0.07656250000000005 0.45
2 0.6546875000000001 0.6921875 0.5953125 0.6921875 0.5953125000000001 0.821875 0.6546875000000002 0.821875
2 0.5265625 0.54375 0.4703125 0.54375 0.4703125000000001 0.746875 0.5265625000000002 0.746875
2 0.3515625000000001 0.6125 0.2953125000000001 0.6125 0.2953125000000001 0.76875 0.3515625000000001 0.76875
2 0.3156250000000001 0.496875 0.27031250000000007 0.496875 0.27031250000000007 0.6484375 0.3156250000000001 0.6484375
2 0.49375 0.2562500000000001 0.4359375 0.2562500000000001 0.4359375 0.3968750000000001 0.49375 0.3968750000000001
2 0.86875 0.2156250000000001 0.7984375 0.2156250000000001 0.7984375 0.3937500000000001 0.86875 0.3937500000000001
2 0.9578125 0.2843750000000001 0.915625 0.2843750000000001 0.915625 0.4734375000000002 0.9578125 0.4734375000000002
2 1 0.40937500000000016 0.9828125 0.40937500000000016 0.9828125 0.5406250000000001 1 0.5406250000000001
2 0.7875000000000001 0.6500000000000001 0.728125 0.6500000000000001 0.7281250000000001 0.8625 0.7875000000000002 0.8625
2 0.9875 0.8953125 0.93125 0.8953125 0.93125 1 0.9875 1
2 0.2218750000000001 0.5859375 0.1765625000000001 0.5859375 0.1765625000000001 0.7546875 0.2218750000000001 0.7546875
0 0.24375000000000008 0.621875 0.21875000000000008 0.621875 0.21875000000000008 0.6734375 0.24375000000000008 0.6734375
3 0.9140625 0.5296875000000002 0.8546875 0.5296875000000002 0.8546875 0.7140625000000002 0.9140625 0.7140625000000002