2 0.475 0.31562500000000004 0.296875 0.315625 0.29687500000000006 0.409375 0.475 0.409375
2 0.7000000000000002 0.8328125 0.5000000000000002 0.8328125 0.5000000000000002 0.925 0.7000000000000002 0.925
2 0.40625000000000017 0.8234375 0.22031250000000008 0.8234375 0.22031250000000008 0.915625 0.40625000000000017 0.915625
2 0.5984375000000002 0.9453125 0.37968750000000007 0.9453125 0.37968750000000007 1 0.5984375000000002 1
2 0.7984375000000001 0.7281250000000001 0.6046875000000002 0.728125 0.6046875000000002 0.7968750000000001 0.7984375000000001 0.7968750000000002
2 0.8359375 0.7953125000000001 0.6406250000000002 0.7953125 0.6406250000000002 0.821875 0.8359375 0.821875
2 0.6875 0.628125 0.51875 0.628125 0.51875 0.6984375 0.6875 0.6984375
2 0.784375 0.5890625 0.60625 0.5890625 0.60625 0.628125 0.784375 0.6281250000000002
2 0.69375 0.475 0.4859375 0.475 0.4859375 0.509375 0.69375 0.509375
2 0.6203125 0.3156250000000001 0.4796875 0.3156250000000001 0.4796875 0.3531250000000001 0.6203125 0.3531250000000001
2 0.634375 0.15000000000000008 0.5125 0.15000000000000005 0.5125 0.21250000000000008 0.634375 0.21250000000000008
1 0.63125 0.2875000000000001 0.503125 0.2875000000000001 0.503125 0.3187500000000001 0.63125 0.3187500000000001