2 0.19375000000000006 0.45625 0.10625000000000004 0.45625 0.10625000000000007 0.628125 0.1937500000000001 0.628125
2 0.2515625 0.328125 0.17812500000000003 0.328125 0.17812500000000003 0.425 0.2515625000000001 0.425
2 0.36718750000000006 0.2515625 0.3 0.2515625 0.30000000000000004 0.38750000000000007 0.3671875000000001 0.38750000000000007
2 0.496875 0.2750000000000001 0.40625 0.2750000000000001 0.40625 0.4359375 0.496875 0.4359375
2 0.6328125 0.3687500000000001 0.6046875 0.3687500000000001 0.6046875 0.465625 0.6328125 0.465625
2 0.6390625 0.459375 0.6 0.459375 0.6 0.5984375 0.6390625 0.5984375
2 0.671875 0.41875 0.61875 0.41875 0.61875 0.540625 0.671875 0.540625
2 0.2671875000000001 0.5390625 0.2078125000000001 0.5390625 0.2078125000000001 0.76875 0.2671875000000001 0.76875
2 0.95625 0.3109375000000001 0.903125 0.3109375000000001 0.903125 0.46406250000000016 0.95625 0.46406250000000016
2 1 0.3390625000000001 0.9640625 0.3390625000000001 0.9640625 0.5312500000000002 1 0.5312500000000002
2 0.8484375 0.5562500000000001 0.784375 0.5562500000000001 0.784375 0.7250000000000002 0.8484375 0.7250000000000002
2 0.7625000000000001 0.6203125 0.7046875 0.6203125 0.7046875000000001 0.7812500000000001 0.7625000000000002 0.7812500000000002
2 0.7875000000000001 0.6234375000000002 0.753125 0.6234375000000002 0.753125 0.7562500000000002 0.7875000000000002 0.7562500000000002
0 0.6578125000000001 0.709375 0.634375 0.709375 0.6343750000000001 0.7875 0.6578125000000001 0.7875
3 0.740625 0.3109375000000001 0.6859375 0.3109375000000001 0.6859375 0.4531250000000001 0.740625 0.45312500000000017