2 0.8171875 0.7562500000000001 0.6734375000000001 0.75625 0.6734375000000001 0.825 0.8171875 0.825
2 0.6875000000000002 0.840625 0.5656250000000002 0.840625 0.5656250000000002 0.8875 0.6875000000000002 0.8875
2 0.4671875000000002 0.80625 0.3281250000000001 0.80625 0.3281250000000001 0.8328125 0.4671875000000002 0.8328125
2 0.4796875000000001 0.69375 0.34843750000000007 0.69375 0.34843750000000007 0.7359375 0.47968750000000016 0.7359375
2 0.6109375000000001 0.94375 0.46406250000000016 0.94375 0.46406250000000016 0.98125 0.6109375000000001 0.98125
2 0.7296875000000002 0.9578125 0.5781250000000002 0.9578125 0.5781250000000002 0.990625 0.7296875000000002 0.990625
2 0.4984375 0.45 0.409375 0.45 0.409375 0.484375 0.4984375 0.484375
2 0.5546875 0.3921875000000001 0.4515625 0.3921875000000001 0.4515625 0.4421875 0.5546875 0.4421875
2 0.6609375 0.4203125 0.5515625 0.4203125 0.5515625 0.4609375 0.6609375 0.4609375
2 0.50625 0.3812500000000001 0.3812500000000001 0.3812500000000001 0.3812500000000001 0.4125 0.50625 0.4125
2 0.415625 0.27031250000000007 0.296875 0.2703125 0.296875 0.29531250000000003 0.415625 0.2953125000000001
2 0.5703125 0.2171875000000001 0.4578125 0.2171875000000001 0.4578125 0.27031250000000007 0.5703125 0.27031250000000007
2 0.509375 0.17812500000000003 0.3953125 0.17812500000000003 0.3953125 0.2218750000000001 0.509375 0.2218750000000001
2 0.4125 0.18437500000000004 0.3203125 0.18437500000000004 0.3203125 0.21093750000000006 0.4125 0.21093750000000008
2 0.490625 0.14218750000000005 0.353125 0.14218750000000005 0.353125 0.18437500000000004 0.490625 0.18437500000000004
2 0.4515625 0.04375000000000005 0.3265625 0.043750000000000046 0.3265625 0.09375000000000004 0.4515625 0.09375000000000004
2 0.6578125 0.001562500000000075 0.5640625 0.0015625000000000695 0.5640625 0.037500000000000075 0.6578125 0.037500000000000075
3 0.428125 0.4421875 0.34062500000000007 0.4421875 0.34062500000000007 0.5046875 0.428125 0.5046875
0 0.55 0.5609375 0.4875 0.5609375 0.4875 0.5859375 0.55 0.5859375