2 0.2468750000000001 0.5015625 0.17187500000000006 0.5015625 0.17187500000000006 0.734375 0.2468750000000001 0.734375
2 0.06718750000000012 0.840625 0.012500000000000105 0.840625 0.012500000000000113 1 0.06718750000000014 1
2 0.03906250000000005 0.3140625 0.0031250000000000388 0.3140625 0.00312500000000005 0.503125 0.03906250000000007 0.503125
2 0.17031250000000003 0.2578125 0.15312500000000004 0.2578125 0.15312500000000004 0.4078125 0.17031250000000003 0.4078125
2 0.21250000000000005 0.271875 0.16875000000000004 0.271875 0.16875000000000004 0.4796875 0.21250000000000008 0.4796875
2 0.509375 0.3687500000000001 0.4734375 0.3687500000000001 0.4734375 0.59375 0.509375 0.59375
2 0.671875 0.521875 0.6234375 0.521875 0.6234375 0.70625 0.671875 0.70625
2 0.90625 0.3312500000000001 0.8578125 0.3312500000000001 0.8578125 0.5109375000000002 0.90625 0.5109375000000002
2 0.8125 0.22031250000000008 0.76875 0.22031250000000008 0.76875 0.3937500000000001 0.8125 0.3937500000000001
2 0.5875 0.2968750000000001 0.5484375 0.2968750000000001 0.5484375 0.4484375 0.5875 0.4484375
2 0.565625 0.2296875000000001 0.5234375 0.2296875000000001 0.5234375 0.3390625000000001 0.565625 0.3390625000000001
2 0.4234375 0.24375000000000008 0.3953125 0.24375000000000008 0.39531250000000007 0.3828125000000001 0.4234375 0.3828125000000001
2 0.446875 0.2312500000000001 0.4296875 0.2312500000000001 0.4296875 0.3578125000000001 0.446875 0.3578125000000001
2 0.4140625 0.14062500000000006 0.390625 0.14062500000000006 0.390625 0.26250000000000007 0.4140625 0.26250000000000007
3 0.63125 0.3203125000000001 0.5875 0.3203125000000001 0.5875 0.503125 0.63125 0.503125
0 0.4703125 0.3140625000000001 0.4515625 0.3140625000000001 0.4515625 0.3625000000000001 0.4703125 0.3625000000000001