2 0.54375 0.10625000000000004 0.371875 0.10625000000000004 0.371875 0.19375000000000003 0.54375 0.19375000000000003
2 0.6734375 0.1781250000000001 0.5765625 0.1781250000000001 0.5765625 0.2515625000000001 0.6734375 0.2515625000000001
2 0.7484375 0.3000000000000001 0.6125 0.3000000000000001 0.6125 0.3656250000000001 0.7484375 0.3656250000000001
2 0.725 0.40625 0.565625 0.40625 0.565625 0.496875 0.725 0.496875
2 0.63125 0.6046875 0.534375 0.6046875 0.534375 0.6328125 0.63125 0.6328125
2 0.540625 0.6015625 0.403125 0.6015625 0.403125 0.6390625 0.540625 0.6390625
2 0.5828125 0.61875 0.4609375 0.61875 0.4609375 0.671875 0.5828125 0.671875
2 0.4609375 0.20781250000000004 0.23125 0.2078125 0.23125 0.2671875 0.4609375 0.2671875000000001
2 0.6906250000000002 0.903125 0.5375000000000002 0.903125 0.5375000000000002 0.95625 0.6906250000000002 0.95625
2 0.6609375000000002 0.9640625 0.46875000000000017 0.9640625 0.46875000000000017 1 0.6609375000000002 1
2 0.4437500000000002 0.784375 0.2750000000000001 0.784375 0.2750000000000001 0.8484375 0.4437500000000002 0.8484375
2 0.3812500000000001 0.7046875 0.22031250000000008 0.7046875 0.22031250000000008 0.7625 0.3812500000000001 0.7625
2 0.3765625000000001 0.753125 0.2453125000000001 0.753125 0.2453125000000001 0.7875 0.3765625000000001 0.7875
0 0.2906250000000001 0.634375 0.21250000000000008 0.634375 0.21250000000000008 0.6578125 0.2906250000000001 0.6578125
3 0.690625 0.6875 0.5484375 0.6875 0.5484375000000001 0.740625 0.6906250000000002 0.740625