2 0.24375000000000008 0.671875 0.1750000000000001 0.671875 0.1750000000000001 0.8171875 0.24375000000000008 0.8171875
2 0.1593750000000001 0.565625 0.11250000000000009 0.565625 0.11250000000000009 0.6875 0.1593750000000001 0.6875
2 0.19531250000000006 0.328125 0.16875000000000004 0.328125 0.16875000000000004 0.4671875 0.19531250000000006 0.4671875
2 0.30781250000000004 0.3484375 0.265625 0.3484375 0.26562500000000006 0.48125 0.3078125000000001 0.48125
2 0.057812500000000065 0.4640625 0.020312500000000056 0.4640625 0.020312500000000063 0.6109375 0.057812500000000065 0.6109375
2 0.04218750000000008 0.578125 0.010937500000000072 0.578125 0.01093750000000008 0.7296875 0.042187500000000086 0.7296875
2 0.5515625 0.409375 0.5171875 0.409375 0.5171875 0.4984375 0.5515625 0.4984375
2 0.6078125 0.453125 0.5578125 0.453125 0.5578125 0.5546875 0.6078125 0.5546875
2 0.58125 0.5515625 0.540625 0.5515625 0.540625 0.6609375 0.58125 0.6609375
2 0.6203125 0.3812500000000001 0.5890625 0.3812500000000001 0.5890625 0.50625 0.6203125 0.50625
2 0.7296875 0.2968750000000001 0.7046875 0.2968750000000001 0.7046875 0.4156250000000001 0.7296875 0.4156250000000002
2 0.7828125 0.45625000000000016 0.73125 0.45625000000000016 0.73125 0.5703125000000002 0.7828125 0.5703125000000002
2 0.8234375 0.39531250000000007 0.7796875 0.39531250000000007 0.7796875 0.5093750000000001 0.8234375 0.5093750000000001
2 0.8171875 0.3203125000000001 0.790625 0.3203125000000001 0.790625 0.4125000000000002 0.8171875 0.4125000000000002
2 0.8578125 0.3531250000000001 0.815625 0.3531250000000001 0.815625 0.49218750000000017 0.8578125 0.49218750000000017
2 0.95625 0.3265625000000001 0.90625 0.3265625000000001 0.90625 0.4515625000000002 0.95625 0.4515625000000002
2 0.9984375 0.5640625000000001 0.9625 0.5640625000000001 0.9625 0.6578125000000001 0.9984375 0.6578125000000001
3 0.5578125 0.3421875000000001 0.4953125 0.3421875000000001 0.4953125 0.428125 0.5578125 0.428125
0 0.440625 0.4875 0.415625 0.4875 0.415625 0.55 0.440625 0.55