2 0.409375 0.525 0.3156250000000001 0.525 0.3156250000000001 0.7046875 0.409375 0.7046875
2 0.925 0.3000000000000001 0.8328125 0.3000000000000001 0.8328125 0.5015625000000001 0.925 0.5015625000000001
2 0.915625 0.5953125000000001 0.8234375 0.5953125000000001 0.8234375 0.7812500000000002 0.915625 0.7812500000000002
2 1 0.4031250000000002 0.9453125 0.4031250000000002 0.9453125 0.6218750000000002 1 0.6218750000000002
2 0.796875 0.20312500000000008 0.728125 0.20312500000000008 0.728125 0.3968750000000001 0.796875 0.3968750000000001
2 0.821875 0.16406250000000008 0.7953125 0.16406250000000008 0.7953125 0.3593750000000001 0.821875 0.3593750000000001
2 0.6984375 0.3140625000000001 0.628125 0.3140625000000001 0.628125 0.4828125 0.6984375 0.4828125
2 0.628125 0.2171875000000001 0.5890625 0.2171875000000001 0.5890625 0.39531250000000007 0.628125 0.39531250000000007
2 0.509375 0.3078125000000001 0.475 0.3078125000000001 0.475 0.515625 0.509375 0.515625
2 0.3546875000000001 0.38125 0.3156250000000001 0.38125 0.3156250000000001 0.521875 0.3546875000000001 0.521875
2 0.21250000000000008 0.365625 0.15000000000000005 0.365625 0.15000000000000005 0.4875 0.21250000000000008 0.4875
1 0.3187500000000001 0.36875 0.2875000000000001 0.36875 0.2875000000000001 0.4984375 0.3187500000000001 0.4984375