2 0.3656250000000001 0.5359375 0.3156250000000001 0.5359375 0.3156250000000001 0.7046875 0.3656250000000001 0.7046875
2 0.4765625 0.3453125000000001 0.4375 0.3453125000000001 0.4375 0.5015625 0.4765625 0.5015625
2 0.5921875 0.415625 0.5515625 0.415625 0.5515625 0.565625 0.5921875 0.565625
2 0.1937500000000001 0.5703125 0.1453125000000001 0.5703125 0.1453125000000001 0.7421875 0.1937500000000001 0.7421875
2 0.528125 0.4203125 0.48125 0.4203125 0.48125 0.5875 0.528125 0.5875
2 0.22656250000000008 0.3703125 0.18437500000000004 0.3703125 0.18437500000000004 0.5015625 0.22656250000000008 0.5015625
2 0.884375 0.4890625000000002 0.834375 0.4890625000000002 0.834375 0.6515625000000002 0.884375 0.6515625000000002
2 0.409375 0.3546875000000001 0.3765625 0.3546875000000001 0.3765625 0.49375 0.409375 0.49375
2 0.3343750000000001 0.375 0.2968750000000001 0.375 0.2968750000000001 0.51875 0.3343750000000001 0.51875
1 0.8140625 0.3781250000000001 0.76875 0.3781250000000001 0.76875 0.5031250000000002 0.8140625 0.5031250000000002
2 0.36718750000000006 0.33906250000000004 0.328125 0.3390625 0.32812500000000006 0.4875 0.3671875000000001 0.4875
2 0.028125000000000032 0.2078125 2.5449691294780934e-17 0.2078125 3.291238272708512e-17 0.3296875 0.028125000000000046 0.3296875
2 0.2765625000000001 0.4 0.23593750000000008 0.4 0.23593750000000008 0.5375 0.2765625000000001 0.5375
2 0.44375 0.3515625000000001 0.4109375 0.3515625000000001 0.4109375 0.50625 0.44375 0.50625
2 0.9109375 0.49531250000000016 0.8703125 0.49531250000000016 0.8703125 0.6468750000000002 0.9109375 0.6468750000000002