2 0.64375 0.4875 0.6046875 0.4875 0.6046875 0.596875 0.64375 0.596875
2 0.3812500000000001 0.36875 0.34843750000000007 0.36875 0.34843750000000007 0.4546875 0.3812500000000001 0.4546875
2 0.703125 0.4484375 0.659375 0.4484375 0.659375 0.5578125 0.703125 0.5578125
2 0.4640625 0.4859375 0.421875 0.4859375 0.421875 0.6140625 0.4640625 0.6140625
3 0.051562500000000046 0.3375 0.02031250000000004 0.3375 0.020312500000000046 0.4484375 0.051562500000000046 0.4484375
2 0.6562500000000001 0.59375 0.6109375 0.59375 0.6109375000000001 0.7390625 0.6562500000000002 0.7390625
2 0.865625 0.5375000000000002 0.8203125 0.5375000000000002 0.8203125 0.6734375000000001 0.865625 0.6734375000000001
1 0.965625 0.40937500000000016 0.928125 0.40937500000000016 0.928125 0.5125000000000002 0.965625 0.5125000000000002
2 0.02968750000000006 0.4390625 0.0015625000000000534 0.4390625 0.0015625000000000615 0.565625 0.029687500000000068 0.565625
2 0.30625 0.346875 0.2796875 0.346875 0.27968750000000003 0.4265625 0.3062500000000001 0.4265625
2 0.07187500000000008 0.61875 0.025000000000000078 0.61875 0.025000000000000088 0.771875 0.07187500000000009 0.771875
2 0.3156250000000001 0.4046875 0.2812500000000001 0.4046875 0.2812500000000001 0.5046875 0.3156250000000001 0.5046875
2 0.5640625 0.43125 0.5328125 0.43125 0.5328125 0.5390625 0.5640625 0.5390625
2 0.5609375 0.3687500000000001 0.5296875 0.3687500000000001 0.5296875 0.4546875 0.5609375 0.4546875
2 0.44375 0.32500000000000007 0.4171875 0.32500000000000007 0.4171875 0.4109375 0.44375 0.4109375
0 0.3781250000000001 0.3687500000000001 0.3687500000000001 0.3687500000000001 0.3687500000000001 0.38750000000000007 0.3781250000000001 0.38750000000000007