2 0.2078125000000001 0.578125 0.1703125000000001 0.578125 0.1703125000000001 0.715625 0.2078125000000001 0.715625
2 0.5062500000000001 0.596875 0.45625 0.596875 0.4562500000000001 0.7296875 0.5062500000000002 0.7296875
2 0.659375 0.5390625 0.603125 0.5390625 0.603125 0.6671875 0.659375 0.6671875
2 0.73125 0.5375000000000001 0.6796875 0.5375 0.6796875 0.6703125000000001 0.73125 0.6703125000000002
2 0.5296875 0.4984375 0.484375 0.4984375 0.484375 0.6125 0.5296875 0.6125
2 0.3296875000000001 0.4578125 0.2843750000000001 0.4578125 0.2843750000000001 0.571875 0.3296875000000001 0.571875
2 0.16406250000000006 0.459375 0.12500000000000006 0.459375 0.12500000000000006 0.59375 0.16406250000000008 0.59375
2 0.2609375000000001 0.41875 0.2296875000000001 0.41875 0.2296875000000001 0.5328125 0.2609375000000001 0.5328125
2 0.22031250000000008 0.3703125 0.19062500000000004 0.3703125 0.19062500000000004 0.4703125 0.22031250000000008 0.4703125
2 0.4078125 0.4234375 0.3765625000000001 0.4234375 0.3765625000000001 0.5359375 0.4078125 0.5359375
2 0.4796875 0.4265625 0.44375 0.4265625 0.44375 0.534375 0.4796875 0.534375
2 0.440625 0.475 0.409375 0.475 0.409375 0.584375 0.440625 0.584375
2 0.3078125000000001 0.403125 0.2750000000000001 0.403125 0.2750000000000001 0.4953125 0.3078125000000001 0.4953125
2 0.2796875000000001 0.3765625 0.2468750000000001 0.3765625 0.2468750000000001 0.4546875 0.2796875000000001 0.4546875
2 0.5796875 0.478125 0.5515625 0.478125 0.5515625 0.5921875 0.5796875 0.5921875
1 0.653125 0.4375 0.6140625 0.4375 0.6140625 0.5453125 0.653125 0.5453125