2 0.16093750000000007 0.46875 0.12187500000000004 0.46875 0.12187500000000007 0.61875 0.1609375000000001 0.61875
2 0.16406250000000008 0.703125 0.09531250000000009 0.703125 0.0953125000000001 0.88125 0.16406250000000008 0.88125
2 0.03437500000000008 0.5296875 6.486801014233636e-17 0.5296875 7.510529197895876e-17 0.696875 0.034375000000000086 0.696875
2 0.048437500000000064 0.4390625 0.0015625000000000534 0.4390625 0.001562500000000062 0.578125 0.048437500000000064 0.578125
2 0.421875 0.3609375000000001 0.3828125 0.3609375000000001 0.38281250000000006 0.4734375 0.421875 0.4734375
2 0.459375 0.4375 0.425 0.4375 0.425 0.55625 0.459375 0.55625
2 0.47968750000000016 0.7890625 0.42500000000000016 0.7890625 0.42500000000000016 0.9578125 0.47968750000000016 0.9578125
2 0.6109375000000001 0.725 0.559375 0.725 0.5593750000000001 0.909375 0.6109375000000001 0.909375
2 0.8109375 0.7609375000000002 0.7578125000000002 0.7609375000000002 0.7578125000000002 0.921875 0.8109375 0.921875
2 0.825 0.5546875000000002 0.778125 0.5546875000000002 0.778125 0.6812500000000001 0.825 0.6812500000000001
2 0.521875 0.575 0.465625 0.575 0.465625 0.7046875 0.521875 0.7046875
2 0.7546875 0.4484375000000001 0.7125 0.4484375 0.7125 0.5671875000000001 0.7546875 0.5671875000000002
2 0.815625 0.4828125000000002 0.7796875 0.4828125000000002 0.7796875 0.6000000000000002 0.815625 0.6000000000000002
2 0.6125 0.4484375 0.5578125 0.4484375 0.5578125 0.5625 0.6125 0.5625
2 0.5671875 0.4125 0.53125 0.4125 0.53125 0.5265625 0.5671875 0.5265625
2 0.5375 0.46875 0.4890625 0.46875 0.4890625 0.5671875 0.5375 0.5671875
3 0.5421875 0.5140625 0.496875 0.5140625 0.496875 0.6515625 0.5421875 0.6515625
0 0.69375 0.4984375 0.68125 0.4984375 0.68125 0.5296875 0.69375 0.5296875
3 0.2953125 0.2015625 0.2578125 0.2015625 0.2578125 0.2875 0.2953125 0.2875