3 0.9953125 0.5796875000000001 0.9578125 0.5796875000000001 0.9578125 0.7171875000000002 0.9953125 0.7171875000000002
2 0.8671875 0.5703125000000002 0.825 0.5703125000000002 0.825 0.6875000000000002 0.8671875 0.6875000000000002
2 0.828125 0.5250000000000001 0.7828125 0.5250000000000001 0.7828125 0.6515625000000002 0.828125 0.6515625000000002
2 0.7625000000000001 0.6484375000000001 0.7109375 0.6484375 0.7109375000000001 0.7703125000000001 0.7625000000000002 0.7703125000000002
2 0.7015625000000001 0.659375 0.6578125 0.659375 0.6578125000000001 0.8046875 0.7015625000000002 0.8046875
2 0.684375 0.55625 0.65 0.55625 0.65 0.6625 0.684375 0.6625
2 0.6484375 0.5203125 0.6109375 0.5203125 0.6109375 0.621875 0.6484375 0.621875
2 0.740625 0.5984375000000001 0.696875 0.5984375 0.696875 0.7078125000000001 0.740625 0.7078125000000002
0 0.7546875000000001 0.7203125000000001 0.7359375 0.7203125000000001 0.7359375000000001 0.7546875000000002 0.7546875000000002 0.7546875000000002
2 0.3437500000000001 0.4359375 0.3078125000000001 0.4359375 0.3078125000000001 0.5515625 0.3437500000000001 0.5515625
2 0.24375000000000008 0.5046875 0.2000000000000001 0.5046875 0.2000000000000001 0.6484375 0.24375000000000008 0.6484375
2 0.18593750000000003 0.4 0.15312500000000004 0.4 0.15312500000000004 0.521875 0.18593750000000003 0.521875
2 0.34062500000000007 0.325 0.315625 0.325 0.31562500000000004 0.421875 0.34062500000000007 0.421875
1 0.38125 0.23125000000000004 0.353125 0.23125 0.353125 0.31562500000000004 0.38125 0.3156250000000001
2 0.12343750000000005 0.2546875 0.09531250000000002 0.2546875 0.09531250000000004 0.3484375 0.12343750000000005 0.3484375
2 0.07031250000000003 0.24375 0.046875000000000035 0.24375 0.04687500000000004 0.3546875 0.07031250000000004 0.3546875
3 0.02812500000000006 0.415625 5.089938258956187e-17 0.415625 5.788369636594911e-17 0.5296875 0.028125000000000067 0.5296875