2 0.09218750000000007 0.60625 0.03281250000000008 0.60625 0.03281250000000009 0.79375 0.09218750000000009 0.79375
2 0.2671875000000001 0.5515625 0.20468750000000008 0.5515625 0.20468750000000008 0.7484375 0.2671875000000001 0.7484375
2 0.7203125 0.51875 0.6765625 0.51875 0.6765625 0.6828125 0.7203125 0.6828125
2 0.7546875 0.5140625000000001 0.709375 0.5140625 0.709375 0.6859375000000001 0.7546875 0.6859375000000002
2 0.4625 0.4265625 0.4171875 0.4265625 0.4171875 0.56875 0.4625 0.56875
2 0.4984375 0.3656250000000001 0.453125 0.3656250000000001 0.453125 0.509375 0.4984375 0.509375
2 0.3765625000000001 0.40625 0.3453125000000001 0.40625 0.3453125000000001 0.54375 0.3765625000000001 0.54375
2 0.3453125000000001 0.378125 0.3031250000000001 0.378125 0.3031250000000001 0.5203125 0.3453125000000001 0.5203125
2 0.31250000000000006 0.3296875 0.2671875 0.3296875 0.2671875 0.46875 0.3125000000000001 0.46875
2 0.4265625 0.4328125 0.3859375000000001 0.4328125 0.3859375000000001 0.5640625 0.4265625 0.5640625
1 0.740625 0.37968750000000007 0.6859375 0.37968750000000007 0.6859375 0.5265625 0.740625 0.5265625000000002