2 0.621875 0.503125 0.590625 0.503125 0.590625 0.6078125 0.621875 0.6078125
2 0.8015625 0.5218750000000002 0.7625 0.5218750000000002 0.7625 0.6343750000000001 0.8015625 0.6343750000000001
2 0.496875 0.3437500000000001 0.4703125 0.3437500000000001 0.4703125 0.43125 0.496875 0.43125
2 0.7625000000000002 0.7703125000000001 0.6890625000000001 0.7703125 0.6890625000000001 0.9359375 0.7625000000000002 0.9359375
2 0.534375 0.3734375000000001 0.509375 0.3734375000000001 0.509375 0.4625 0.534375 0.4625
2 0.8609375 0.3906250000000001 0.828125 0.3906250000000001 0.828125 0.4984375000000002 0.8609375 0.4984375000000002
2 0.060937500000000054 0.45 0.028125000000000056 0.45 0.02812500000000006 0.53125 0.06093750000000007 0.53125
2 0.5453125 0.2734375000000001 0.521875 0.2734375000000001 0.521875 0.3421875000000001 0.5453125 0.3421875000000001
2 0.4265625 0.3859375000000001 0.4015625 0.3859375000000001 0.4015625 0.478125 0.4265625 0.478125
2 0.7078125 0.6015625 0.665625 0.6015625 0.665625 0.703125 0.7078125 0.703125
2 0.6515625 0.4296875 0.6234375 0.4296875 0.6234375 0.5125 0.6515625 0.5125
2 0.4609375 0.4234375 0.434375 0.4234375 0.434375 0.5078125 0.4609375 0.5078125
2 0.446875 0.4609375 0.41875 0.4609375 0.41875 0.5546875 0.446875 0.5546875
3 0.37187500000000007 0.30781250000000004 0.35 0.3078125 0.35000000000000003 0.37968750000000007 0.37187500000000007 0.37968750000000007
2 0.3531250000000001 0.4703125 0.32500000000000007 0.4703125 0.32500000000000007 0.5734375 0.3531250000000001 0.5734375
2 0.45 0.3750000000000001 0.4265625 0.3750000000000001 0.4265625 0.44375 0.45 0.44375
2 0.2078125000000001 0.5796875 0.1703125000000001 0.5796875 0.1703125000000001 0.68125 0.2078125000000001 0.68125
2 0.6515625 0.459375 0.6234375 0.459375 0.6234375 0.546875 0.6515625 0.546875
2 0.5 0.18125000000000005 0.4796875 0.18125000000000005 0.4796875 0.2468750000000001 0.5 0.2468750000000001
2 0.584375 0.2875000000000001 0.5625 0.2875000000000001 0.5625 0.3625000000000001 0.584375 0.3625000000000001