2 0.10937500000000004 0.2921875 0.07187500000000005 0.2921875 0.07187500000000005 0.3953125 0.10937500000000004 0.3953125
2 0.653125 0.3125000000000001 0.6171875 0.3125000000000001 0.6171875 0.4140625 0.653125 0.4140625
2 0.37968750000000007 0.30468750000000006 0.3484375 0.3046875 0.34843750000000007 0.39843750000000006 0.37968750000000007 0.3984375000000001
2 0.6875 0.3359375000000001 0.6484375 0.3359375000000001 0.6484375 0.4421875 0.6875 0.4421875
3 0.578125 0.34062500000000007 0.5390625 0.34062500000000007 0.5390625 0.4421875 0.578125 0.4421875
2 0.4765625 0.4875 0.434375 0.4875 0.434375 0.6109375 0.4765625 0.6109375
2 0.15625000000000006 0.396875 0.11250000000000004 0.396875 0.11250000000000004 0.5234375 0.15625000000000006 0.5234375
2 0.09218750000000006 0.4296875 0.050000000000000044 0.4296875 0.05000000000000006 0.5421875 0.09218750000000006 0.5421875
2 0.07656250000000007 0.5171875 0.032812500000000064 0.5171875 0.03281250000000007 0.6546875 0.07656250000000009 0.6546875
2 0.425 0.19531250000000006 0.396875 0.19531250000000006 0.396875 0.2828125000000001 0.425 0.2828125000000001
2 0.3375 0.240625 0.3078125 0.240625 0.3078125 0.334375 0.3375 0.334375
2 0.83125 0.43750000000000017 0.7921875 0.43750000000000017 0.7921875 0.5484375000000001 0.83125 0.5484375000000001
2 0.515625 0.4671875 0.4796875 0.4671875 0.4796875 0.59375 0.515625 0.59375
2 1 0.3859375000000001 0.975 0.3859375000000001 0.975 0.47656250000000017 1 0.47656250000000017
0 0.79375 0.40625000000000017 0.78125 0.40625000000000017 0.78125 0.44062500000000016 0.79375 0.44062500000000016