2 0.7859375 0.49218750000000017 0.7546875 0.49218750000000017 0.7546875 0.5984375000000002 0.7859375 0.5984375000000002
2 0.2468750000000001 0.4375 0.2171875000000001 0.4375 0.2171875000000001 0.5390625 0.2468750000000001 0.5390625
2 0.5109375 0.55 0.478125 0.55 0.478125 0.65625 0.5109375 0.65625
2 0.70625 0.5046875 0.678125 0.5046875 0.678125 0.603125 0.70625 0.603125
3 0.19843750000000004 0.3859375 0.16875000000000004 0.3859375 0.16875000000000004 0.453125 0.19843750000000004 0.453125
2 0.565625 0.3703125000000001 0.5421875 0.3703125000000001 0.5421875 0.45625 0.565625 0.45625
2 0.8359375 0.5562500000000001 0.8015625 0.5562500000000001 0.8015625 0.6734375000000001 0.8359375 0.6734375000000001
2 0.4328125 0.5390625 0.4046875 0.5390625 0.4046875 0.6359375 0.4328125 0.6359375
2 0.4296875000000001 0.703125 0.3906250000000001 0.703125 0.3906250000000001 0.8359375 0.42968750000000017 0.8359375
2 0.4546875 0.3437500000000001 0.428125 0.3437500000000001 0.428125 0.415625 0.4546875 0.415625
2 0.35156250000000006 0.35625 0.328125 0.35625 0.32812500000000006 0.4296875 0.3515625000000001 0.4296875
2 0.8703125 0.5546875000000002 0.8421875 0.5546875000000002 0.8421875 0.6609375000000002 0.8703125 0.6609375000000002
2 0.471875 0.4890625 0.44375 0.4890625 0.44375 0.584375 0.471875 0.584375
2 0.653125 0.45625 0.625 0.45625 0.625 0.546875 0.653125 0.546875
2 0.675 0.4265625 0.65 0.4265625 0.65 0.5046875 0.675 0.5046875
2 0.3906250000000001 0.4015625 0.3656250000000001 0.4015625 0.3656250000000001 0.4796875 0.3906250000000001 0.4796875
2 0.4234375 0.403125 0.4 0.403125 0.4 0.4796875 0.4234375 0.4796875
0 0.45625 0.3937500000000001 0.4453125 0.3937500000000001 0.4453125 0.415625 0.45625 0.415625