3 0.94375 0.2734375000000001 0.8921875 0.2734375000000001 0.8921875 0.4546875000000002 0.94375 0.4546875000000002
2 0.6671875 0.2390625000000001 0.6 0.2390625000000001 0.6 0.3937500000000001 0.6671875 0.3937500000000001
2 0.359375 0.07812500000000004 0.3078125 0.07812500000000004 0.3078125 0.2078125 0.359375 0.2078125
2 0.7703125 0.34843750000000007 0.7125 0.34843750000000007 0.7125 0.5265625 0.7703125 0.5265625000000002
1 0.6171875000000002 0.8546875 0.5406250000000001 0.8546875 0.5406250000000001 1 0.6171875000000002 1
2 0.8015625 0.5750000000000002 0.7296875 0.5750000000000002 0.7296875 0.8203125 0.8015625 0.8203125
2 1 0.5500000000000002 0.9421875 0.5500000000000002 0.9421875 0.7656250000000002 1 0.7656250000000002
2 0.24218750000000006 0.35 0.18750000000000006 0.35 0.18750000000000006 0.5296875 0.24218750000000008 0.5296875
2 0.2250000000000001 0.4953125 0.17031250000000003 0.4953125 0.17031250000000006 0.6921875 0.2250000000000001 0.6921875
2 0.17968750000000008 0.565625 0.1281250000000001 0.565625 0.1281250000000001 0.753125 0.17968750000000008 0.753125
2 0.4468750000000001 0.55625 0.3859375000000001 0.55625 0.3859375000000001 0.7765625 0.4468750000000002 0.7765625
2 0.7078125 0.4671875 0.634375 0.4671875 0.634375 0.715625 0.7078125 0.715625
2 0.6484375000000001 0.5234375 0.5828125 0.5234375 0.5828125000000001 0.75 0.6484375000000002 0.75