2 0.7921875 0.3734375000000001 0.75 0.3734375000000001 0.75 0.4828125000000002 0.7921875 0.4828125000000002
2 0.51875 0.3296875000000001 0.4828125 0.3296875000000001 0.4828125 0.4328125 0.51875 0.4328125
2 0.665625 0.30156250000000007 0.6296875 0.30156250000000007 0.6296875 0.4 0.665625 0.4
2 0.25468750000000007 0.3640625 0.21093750000000008 0.3640625 0.21093750000000008 0.465625 0.25468750000000007 0.465625
3 0.03906250000000005 0.334375 0.0015625000000000409 0.334375 0.0015625000000000489 0.4625 0.039062500000000056 0.4625
2 0.2812500000000001 0.5359375 0.2406250000000001 0.5359375 0.2406250000000001 0.6546875 0.2812500000000001 0.6546875
2 0.49375 0.425 0.45625 0.425 0.45625 0.534375 0.49375 0.534375
2 0.15781250000000005 0.3921875 0.11718750000000004 0.3921875 0.11718750000000004 0.51875 0.15781250000000005 0.51875
2 0.3203125000000001 0.575 0.27812500000000007 0.575 0.27812500000000007 0.69375 0.3203125000000001 0.69375
2 0.6640625 0.4265625 0.6296875 0.4265625 0.6296875 0.528125 0.6640625 0.528125
2 0.809375 0.5453125000000002 0.765625 0.5453125000000002 0.765625 0.6750000000000002 0.809375 0.6750000000000002
2 0.6328125 0.3671875000000001 0.603125 0.3671875000000001 0.603125 0.4578125 0.6328125 0.4578125
2 0.31875000000000003 0.35 0.2859375 0.35 0.28593750000000007 0.465625 0.3187500000000001 0.465625
2 0.3671875000000001 0.39843750000000006 0.3359375000000001 0.3984375 0.3359375000000001 0.5046875 0.3671875000000001 0.5046875
2 0.3421875000000001 0.3828125 0.3109375000000001 0.3828125 0.3109375000000001 0.496875 0.3421875000000001 0.496875