2 0.6171875000000001 0.6421875 0.578125 0.6421875 0.5781250000000001 0.7421875 0.6171875000000002 0.7421875
2 0.3046875000000001 0.4484375 0.2812500000000001 0.4484375 0.2812500000000001 0.5171875 0.3046875000000001 0.5171875
2 0.05312500000000007 0.4734375 0.021875000000000054 0.4734375 0.02187500000000006 0.5640625 0.05312500000000007 0.5640625
2 0.21093750000000008 0.421875 0.18593750000000003 0.421875 0.18593750000000003 0.50625 0.21093750000000008 0.50625
2 0.278125 0.296875 0.2609375 0.296875 0.2609375 0.35 0.278125 0.35
2 0.446875 0.5515625 0.4109375 0.5515625 0.4109375 0.65 0.446875 0.65
2 0.07031250000000004 0.2984375 0.048437500000000036 0.2984375 0.048437500000000036 0.3625 0.07031250000000004 0.3625
2 0.3453125000000001 0.428125 0.3218750000000001 0.428125 0.3218750000000001 0.50625 0.3453125000000001 0.50625
2 0.5734375 0.6921875 0.5296875 0.6921875 0.5296875000000001 0.8140625 0.5734375000000002 0.8140625
2 0.4984375 0.4078125 0.4765625 0.4078125 0.4765625 0.478125 0.4984375 0.478125
2 0.353125 0.3421875 0.3328125 0.3421875 0.33281250000000007 0.4078125 0.3531250000000001 0.4078125
3 0.04375000000000006 0.4234375 0.010937500000000053 0.4234375 0.010937500000000057 0.5 0.04375000000000007 0.5
2 0.3390625000000001 0.596875 0.30937500000000007 0.596875 0.30937500000000007 0.675 0.3390625000000001 0.675
2 0.33281250000000007 0.6421875 0.2953125000000001 0.6421875 0.2953125000000001 0.7375 0.33281250000000007 0.7375
2 0.5390625 0.540625 0.5109375 0.540625 0.5109375 0.6234375 0.5390625 0.6234375
2 0.540625 0.5015625 0.5140625 0.5015625 0.5140625 0.5796875 0.540625 0.5796875
1 0.8015625 0.3046875000000001 0.771875 0.3046875000000001 0.771875 0.3734375000000001 0.8015625 0.3734375000000001
0 0.5671875000000002 0.7671875 0.5578125000000002 0.7671875 0.5578125000000002 0.7875 0.5671875000000002 0.7875