2 0.11562500000000005 0.2859375 0.07812500000000004 0.2859375 0.07812500000000004 0.4 0.11562500000000005 0.4
2 0.23437500000000008 0.4421875 0.19531250000000006 0.4421875 0.19531250000000006 0.571875 0.23437500000000008 0.571875
1 0.728125 0.4125000000000001 0.6796875 0.4125 0.6796875 0.534375 0.728125 0.5343750000000002
2 0.4046875 0.5546875 0.3609375000000001 0.5546875 0.3609375000000001 0.6953125 0.4046875 0.6953125
2 0.4234375000000001 0.6375 0.3750000000000001 0.6375 0.3750000000000001 0.76875 0.4234375000000002 0.76875
2 0.571875 0.471875 0.5359375 0.471875 0.5359375 0.59375 0.571875 0.59375
2 0.6140625 0.4984375 0.571875 0.4984375 0.571875 0.634375 0.6140625 0.634375
2 0.5234375 0.440625 0.4875 0.440625 0.4875 0.5734375 0.5234375 0.5734375
2 0.41875 0.403125 0.3812500000000001 0.403125 0.3812500000000001 0.5234375 0.41875 0.5234375
2 0.4875 0.4421875 0.4546875 0.4421875 0.4546875 0.540625 0.4875 0.540625
2 0.4984375 0.434375 0.4640625 0.434375 0.4640625 0.5484375 0.4984375 0.5484375