2 0.409375 0.484375 0.3765625000000001 0.484375 0.3765625000000001 0.59375 0.409375 0.59375
2 0.14062500000000008 0.6078125 0.10312500000000009 0.6078125 0.10312500000000009 0.7171875 0.14062500000000008 0.7171875
2 0.5484375 0.5390625 0.5171875 0.5390625 0.5171875 0.64375 0.5484375 0.64375
3 0.11875000000000005 0.440625 0.08750000000000005 0.440625 0.08750000000000005 0.540625 0.11875000000000005 0.540625
2 0.69375 0.4078125 0.659375 0.4078125 0.659375 0.5078125 0.69375 0.5078125
2 0.2656250000000001 0.6 0.2250000000000001 0.6 0.2250000000000001 0.734375 0.2656250000000001 0.734375
2 0.490625 0.3781250000000001 0.4640625 0.3781250000000001 0.4640625 0.4671875 0.490625 0.4671875
2 0.640625 0.48125 0.6125 0.48125 0.6125 0.5890625 0.640625 0.5890625
2 0.6734375 0.5265625 0.64375 0.5265625 0.64375 0.634375 0.6734375 0.634375
2 0.05625000000000004 0.3515625 0.023437500000000045 0.3515625 0.02343750000000005 0.4421875 0.05625000000000004 0.4421875
1 0.7484375 0.3984375000000001 0.7125 0.3984375000000001 0.7125 0.4984375000000001 0.7484375 0.4984375000000002
2 0.6953125 0.528125 0.6671875 0.528125 0.6671875 0.6328125 0.6953125 0.6328125
2 0.2968750000000001 0.46875 0.2656250000000001 0.46875 0.2656250000000001 0.5484375 0.2968750000000001 0.5484375
2 0.559375 0.4984375 0.534375 0.4984375 0.534375 0.58125 0.559375 0.58125
2 0.46875 0.3437500000000001 0.4390625 0.3437500000000001 0.4390625 0.44375 0.46875 0.44375
2 0.15468750000000014 0.9265625 0.07812500000000011 0.9265625 0.07812500000000012 1 0.15468750000000014 1
2 0.559375 0.4390625 0.5328125 0.4390625 0.5328125 0.5109375 0.559375 0.5109375
0 0.7296875 0.4437500000000001 0.715625 0.44375 0.715625 0.4718750000000001 0.7296875 0.47187500000000016