2 0.2484375000000001 0.534375 0.2093750000000001 0.534375 0.2093750000000001 0.671875 0.2484375000000001 0.671875
2 0.09062500000000005 0.434375 0.05312500000000005 0.434375 0.053125000000000054 0.5734375 0.09062500000000007 0.5734375
2 0.2562500000000001 0.378125 0.2156250000000001 0.378125 0.2156250000000001 0.475 0.2562500000000001 0.475
2 0.3296875000000001 0.440625 0.2875000000000001 0.440625 0.2875000000000001 0.5625 0.3296875000000001 0.5625
2 0.61875 0.5265625 0.575 0.5265625 0.575 0.659375 0.61875 0.659375
2 0.73125 0.55 0.6890625 0.55 0.6890625 0.690625 0.73125 0.6906250000000002
2 0.7625 0.5125000000000002 0.734375 0.5125000000000002 0.734375 0.6406250000000002 0.7625 0.6406250000000002
2 0.684375 0.4828125 0.6515625 0.4828125 0.6515625 0.60625 0.684375 0.60625
2 0.6515625 0.465625 0.6203125 0.465625 0.6203125 0.5984375 0.6515625 0.5984375
2 0.503125 0.44375 0.4671875 0.44375 0.4671875 0.55625 0.503125 0.55625
2 0.525 0.39531250000000007 0.484375 0.39531250000000007 0.484375 0.4890625 0.525 0.4890625
2 0.4234375 0.409375 0.3906250000000001 0.409375 0.3906250000000001 0.5140625 0.4234375 0.5140625
2 0.38125000000000003 0.35937500000000006 0.353125 0.359375 0.353125 0.4453125 0.3812500000000001 0.4453125
2 0.2890625000000001 0.39375 0.2609375000000001 0.39375 0.2609375000000001 0.490625 0.2890625000000001 0.490625
2 0.3500000000000001 0.403125 0.3296875000000001 0.403125 0.3296875000000001 0.4984375 0.3500000000000001 0.4984375
2 0.3187500000000001 0.390625 0.2953125000000001 0.390625 0.2953125000000001 0.471875 0.3187500000000001 0.471875
0 0.2375000000000001 0.4484375 0.2296875000000001 0.4484375 0.2296875000000001 0.4625 0.2375000000000001 0.4625
1 0.7734375 0.4125000000000002 0.74375 0.4125000000000002 0.74375 0.5109375000000002 0.7734375 0.5109375000000002