2 0.321875 0.3515625 0.2640625 0.3515625 0.26406250000000003 0.553125 0.3218750000000001 0.553125
2 0.8390625 0.4812500000000002 0.775 0.4812500000000002 0.775 0.7109375000000002 0.8390625 0.7109375000000002
2 0.06250000000000003 0.2296875 0.003125000000000028 0.2296875 0.0031250000000000388 0.4125 0.06250000000000004 0.4125
2 0.79375 0.2562500000000001 0.746875 0.2562500000000001 0.746875 0.4234375000000002 0.79375 0.4234375000000002
2 0.4703125 0.3812500000000001 0.3968750000000001 0.3812500000000001 0.3968750000000001 0.565625 0.4703125 0.565625
3 0.946875 0.1796875000000001 0.89375 0.17968750000000008 0.89375 0.3546875000000001 0.946875 0.3546875000000001
2 0.8703125 0.2296875000000001 0.8171875 0.2296875000000001 0.8171875 0.3968750000000001 0.8703125 0.3968750000000001
2 0.38281250000000006 0.34687500000000004 0.31875 0.346875 0.31875000000000003 0.53125 0.3828125000000001 0.53125
2 0.3140625 0.0015625000000000356 0.271875 0.0015625000000000333 0.271875 0.05781250000000003 0.3140625 0.057812500000000044
2 0.27031250000000007 0.2734375 0.2234375 0.2734375 0.22343750000000004 0.4515625 0.27031250000000007 0.4515625
2 0.984375 0.44062500000000016 0.9203125 0.44062500000000016 0.9203125 0.6703125000000002 0.984375 0.6703125000000002
2 0.753125 0.2250000000000001 0.7109375 0.2250000000000001 0.7109375 0.3531250000000001 0.753125 0.3531250000000001
2 0.5171875 0.3500000000000001 0.4515625 0.3500000000000001 0.4515625 0.55625 0.5171875 0.55625
2 0.7125 0.3625000000000001 0.6625 0.3625000000000001 0.6625 0.5671875 0.7125 0.5671875
2 0.68125 0.4375 0.6265625 0.4375 0.6265625 0.678125 0.68125 0.678125
1 0.7265625000000001 0.6218750000000001 0.6609375 0.621875 0.6609375000000001 0.903125 0.7265625000000002 0.903125
0 0.7562500000000002 0.9359375 0.7250000000000002 0.9359375 0.7250000000000002 0.9890625 0.7562500000000002 0.9890625
2 0.5078125000000001 0.725 0.41875 0.725 0.41875000000000007 0.9796875 0.5078125000000002 0.9796875