2 0.3781250000000001 0.4328125 0.34062500000000007 0.4328125 0.34062500000000007 0.55 0.3781250000000001 0.55
2 0.4156250000000001 0.59375 0.3750000000000001 0.59375 0.3750000000000001 0.734375 0.4156250000000002 0.734375
2 0.490625 0.5421875 0.45 0.5421875 0.45 0.675 0.490625 0.675
2 0.27656250000000004 0.26875 0.24375 0.26875 0.24375000000000005 0.38125 0.2765625000000001 0.38125
2 0.503125 0.4359375 0.4640625 0.4359375 0.4640625 0.540625 0.503125 0.540625
3 0.14531250000000007 0.4421875 0.10781250000000005 0.4421875 0.10781250000000006 0.575 0.1453125000000001 0.575
2 0.19062500000000007 0.5140625 0.15156250000000004 0.5140625 0.15156250000000007 0.6328125 0.1906250000000001 0.6328125
1 0.7734375 0.42968750000000017 0.7375 0.42968750000000017 0.7375 0.5500000000000002 0.7734375 0.5500000000000002
2 0.12968750000000004 0.26875 0.10468750000000004 0.26875 0.10468750000000004 0.35 0.12968750000000004 0.35
2 0.56875 0.4640625 0.5375 0.4640625 0.5375 0.5734375 0.56875 0.5734375
2 0.634375 0.521875 0.5984375 0.521875 0.5984375 0.628125 0.634375 0.628125
2 0.59375 0.4953125 0.5625 0.4953125 0.5625 0.6125 0.59375 0.6125
2 0.6859375 0.4765625 0.6515625 0.4765625 0.6515625 0.6 0.6859375 0.6
2 0.5953125 0.4265625 0.5671875 0.4265625 0.5671875 0.5328125 0.5953125 0.5328125
0 0.3109375 0.240625 0.2921875 0.240625 0.2921875 0.278125 0.3109375 0.278125