2 0.4437500000000001 0.69375 0.4171875 0.69375 0.4171875000000001 0.790625 0.4437500000000002 0.790625
2 0.634375 0.55 0.60625 0.55 0.60625 0.6296875 0.634375 0.6296875
2 0.290625 0.3 0.26875 0.3 0.26875 0.3625 0.290625 0.3625
2 0.475 0.3843750000000001 0.4515625 0.3843750000000001 0.4515625 0.4546875 0.475 0.4546875
2 0.5078125 0.17968750000000006 0.4875 0.17968750000000006 0.4875 0.23593750000000008 0.5078125 0.23593750000000008
2 0.2796875000000001 0.525 0.2515625000000001 0.525 0.2515625000000001 0.6109375 0.2796875000000001 0.6109375
2 0.5234375 0.5265625 0.496875 0.5265625 0.496875 0.6078125 0.5234375 0.6078125
2 0.6500000000000001 0.6421875 0.6171875 0.6421875 0.6171875000000001 0.728125 0.6500000000000001 0.728125
3 0.3296875000000001 0.3734375 0.3078125000000001 0.3734375 0.3078125000000001 0.446875 0.3296875000000001 0.446875
2 0.55 0.5921875 0.5203125 0.5921875 0.5203125 0.68125 0.55 0.68125
2 0.3187500000000001 0.8234375 0.2843750000000001 0.8234375 0.2843750000000001 0.9125 0.3187500000000001 0.9125
2 0.6171875 0.471875 0.5953125 0.471875 0.5953125 0.546875 0.6171875 0.546875
2 0.5718750000000001 0.653125 0.5453125 0.653125 0.5453125000000001 0.728125 0.5718750000000001 0.728125
1 0.715625 0.5109375 0.690625 0.5109375 0.690625 0.5859375 0.715625 0.5859375
2 0.45 0.12343750000000005 0.434375 0.12343750000000005 0.434375 0.16562500000000005 0.45 0.16562500000000005
0 0.4625 0.15468750000000003 0.45625 0.15468750000000003 0.45625 0.17187500000000006 0.4625 0.17187500000000006