2 0.6828125 0.4953125 0.653125 0.4953125 0.653125 0.5921875 0.6828125 0.5921875
2 0.7406250000000001 0.7093750000000001 0.6921875 0.709375 0.6921875000000001 0.8078125 0.7406250000000002 0.8078125
2 0.03750000000000006 0.44375 0.006250000000000056 0.44375 0.006250000000000061 0.5484375 0.03750000000000007 0.5484375
3 0.09843750000000005 0.3703125 0.07031250000000004 0.3703125 0.07031250000000006 0.45625 0.09843750000000007 0.45625
2 0.5671875 0.3968750000000001 0.5359375 0.3968750000000001 0.5359375 0.4875 0.5671875 0.4875
2 0.3046875000000001 0.4109375 0.2734375000000001 0.4109375 0.2734375000000001 0.5078125 0.3046875000000001 0.5078125
2 0.2203125 0.2453125 0.19687500000000005 0.2453125 0.19687500000000005 0.315625 0.2203125 0.315625
2 0.13281250000000008 0.546875 0.09375000000000007 0.546875 0.09375000000000008 0.6421875 0.13281250000000008 0.6421875
2 0.459375 0.3046875000000001 0.434375 0.3046875000000001 0.434375 0.3890625000000001 0.459375 0.3890625000000001
2 0.403125 0.2468750000000001 0.3765625 0.2468750000000001 0.3765625 0.3218750000000001 0.403125 0.3218750000000001
2 0.09218750000000006 0.44375 0.06250000000000004 0.44375 0.06250000000000006 0.5453125 0.09218750000000006 0.5453125
2 0.41875 0.43125 0.3921875000000001 0.43125 0.3921875000000001 0.51875 0.41875 0.51875
2 0.5015625 0.4953125 0.471875 0.4953125 0.471875 0.5796875 0.5015625 0.5796875
2 0.05625000000000004 0.334375 0.03281250000000004 0.334375 0.03281250000000005 0.4125 0.05625000000000004 0.4125
2 0.478125 0.45 0.4515625 0.45 0.4515625 0.5328125 0.478125 0.5328125
2 0.3625000000000001 0.5296875 0.3281250000000001 0.5296875 0.3281250000000001 0.6125 0.3625000000000001 0.6125
0 0.2968750000000001 0.6046875 0.2828125000000001 0.6046875 0.2828125000000001 0.6375 0.2968750000000001 0.6375
2 0.3921875000000001 0.440625 0.36406250000000007 0.440625 0.36406250000000007 0.53125 0.3921875000000001 0.53125
2 0.3781250000000001 0.4890625 0.3531250000000001 0.4890625 0.3531250000000001 0.5734375 0.3781250000000001 0.5734375