2 0.5109375 0.590625 0.465625 0.590625 0.46562500000000007 0.7421875 0.5109375000000002 0.7421875
2 0.2312500000000001 0.5765625 0.1765625000000001 0.5765625 0.1765625000000001 0.70625 0.2312500000000001 0.70625
2 0.17031250000000006 0.4375 0.12656250000000005 0.4375 0.12656250000000008 0.5859375 0.1703125000000001 0.5859375
2 0.2984375000000001 0.4015625 0.26250000000000007 0.4015625 0.26250000000000007 0.5359375 0.2984375000000001 0.5359375
2 0.3312500000000001 0.4359375 0.30937500000000007 0.4359375 0.30937500000000007 0.55 0.3312500000000001 0.55
2 0.4546875 0.434375 0.4140625 0.434375 0.4140625 0.5765625 0.4546875 0.5765625
2 0.5171875 0.4578125 0.475 0.4578125 0.475 0.5859375 0.5171875 0.5859375
2 0.6515625 0.4890625 0.609375 0.4890625 0.609375 0.6171875 0.6515625 0.6171875
2 0.7109375 0.490625 0.671875 0.490625 0.671875 0.61875 0.7109375 0.61875
2 0.528125 0.38750000000000007 0.4859375 0.38750000000000007 0.4859375 0.5015625 0.528125 0.5015625
2 0.5796875 0.4546875 0.54375 0.4546875 0.54375 0.5828125 0.5796875 0.5828125
2 0.478125 0.403125 0.4515625 0.403125 0.4515625 0.5203125 0.478125 0.5203125
2 0.34062500000000007 0.3671875 0.30937500000000007 0.3671875 0.30937500000000007 0.4765625 0.34062500000000007 0.4765625
2 0.31250000000000006 0.3390625 0.2765625 0.3390625 0.27656250000000004 0.4359375 0.3125000000000001 0.4359375
2 0.20937500000000003 0.340625 0.17812500000000003 0.340625 0.17812500000000003 0.44375 0.2093750000000001 0.44375
3 0.03281250000000005 0.3265625 3.999237203465575e-17 0.3265625 4.716803687340978e-17 0.44375 0.03281250000000006 0.44375
1 0.6359375 0.3984375000000001 0.6015625 0.3984375000000001 0.6015625 0.5171875 0.6359375 0.5171875