2 0.2250000000000001 0.5046875 0.18750000000000006 0.5046875 0.18750000000000006 0.634375 0.2250000000000001 0.634375
2 0.03593750000000006 0.453125 5.5491808086364444e-17 0.453125 6.343287717458556e-17 0.5828125 0.03593750000000007 0.5828125
2 0.19843750000000004 0.4015625 0.15781250000000005 0.4015625 0.15781250000000005 0.490625 0.19843750000000004 0.490625
2 0.2765625000000001 0.4046875 0.2328125000000001 0.4046875 0.2328125000000001 0.5171875 0.2765625000000001 0.5171875
2 0.3531250000000001 0.4546875 0.3156250000000001 0.4546875 0.3156250000000001 0.590625 0.3531250000000001 0.590625
2 0.4921875 0.509375 0.45625 0.509375 0.45625 0.63125 0.4921875 0.63125
2 0.6515625 0.553125 0.615625 0.553125 0.615625 0.675 0.6515625 0.675
2 0.771875 0.5031250000000002 0.728125 0.5031250000000002 0.728125 0.6281250000000002 0.771875 0.6281250000000002
2 0.5328125 0.4 0.4890625 0.4 0.4890625 0.5046875 0.5328125 0.5046875
2 0.4421875 0.3921875000000001 0.4140625 0.3921875000000001 0.4140625 0.4859375 0.4421875 0.4859375
2 0.4109375 0.3843750000000001 0.37187500000000007 0.3843750000000001 0.37187500000000007 0.478125 0.4109375 0.478125
2 0.2984375 0.334375 0.2625 0.334375 0.26250000000000007 0.41875 0.2984375000000001 0.41875
2 0.39531250000000007 0.44375 0.35625000000000007 0.44375 0.35625000000000007 0.528125 0.39531250000000007 0.528125
3 0.02500000000000005 0.3703125 4.5350201780925416e-17 0.3703125 5.1186409183112024e-17 0.465625 0.025000000000000057 0.465625
2 0.65625 0.465625 0.6171875 0.465625 0.6171875 0.575 0.65625 0.575
2 0.6734375 0.4671875 0.6390625 0.4671875 0.6390625 0.5640625 0.6734375 0.5640625
1 0.7734375 0.40625000000000017 0.740625 0.40625000000000017 0.740625 0.5140625000000002 0.7734375 0.5140625000000002
0 0.2484375000000001 0.475 0.2375000000000001 0.475 0.2375000000000001 0.4953125 0.2484375000000001 0.4953125