2 0.5781250000000001 0.678125 0.528125 0.678125 0.5281250000000001 0.8375 0.5781250000000002 0.8375
2 0.34843750000000007 0.63125 0.3031250000000001 0.63125 0.3031250000000001 0.7921875 0.34843750000000007 0.7921875
2 0.721875 0.5078125 0.6703125 0.5078125 0.6703125 0.6578125 0.721875 0.6578125
2 0.634375 0.434375 0.5828125 0.434375 0.5828125 0.5640625 0.634375 0.5640625
2 0.409375 0.3859375000000001 0.3734375000000001 0.3859375000000001 0.3734375000000001 0.515625 0.409375 0.515625
2 0.3609375 0.325 0.3296875 0.325 0.3296875 0.440625 0.3609375000000001 0.440625
2 0.25000000000000006 0.2953125 0.2171875 0.2953125 0.21718750000000003 0.409375 0.2500000000000001 0.409375
2 0.4546875 0.2843750000000001 0.425 0.2843750000000001 0.425 0.40625 0.4546875 0.40625
0 0.540625 0.6171875 0.5171875 0.6171875 0.5171875 0.6515625 0.540625 0.6515625
2 0.5984375 0.39531250000000007 0.5609375 0.39531250000000007 0.5609375 0.4890625 0.5984375 0.4890625
2 0.515625 0.3343750000000001 0.4765625 0.3343750000000001 0.4765625 0.4375 0.515625 0.4375
2 0.471875 0.3046875000000001 0.4390625 0.3046875000000001 0.4390625 0.4078125 0.471875 0.4078125
2 0.56875 0.3531250000000001 0.53125 0.3531250000000001 0.53125 0.4484375 0.56875 0.4484375
3 0.22656250000000006 0.3140625 0.18593750000000003 0.3140625 0.18593750000000003 0.434375 0.22656250000000008 0.434375
1 0.890625 0.2640625000000001 0.8515625 0.2640625000000001 0.8515625 0.3703125000000001 0.890625 0.3703125000000001