2 0.2468750000000001 0.5953125 0.2062500000000001 0.5953125 0.2062500000000001 0.7203125 0.2468750000000001 0.7203125
2 0.4328125 0.4875 0.3984375000000001 0.4875 0.3984375000000001 0.5890625 0.4328125 0.5890625
2 0.5328125 0.496875 0.4890625 0.496875 0.4890625 0.615625 0.5328125 0.615625
2 0.6328125 0.425 0.6015625 0.425 0.6015625 0.5296875 0.6328125 0.5296875
2 0.16562500000000005 0.334375 0.12500000000000006 0.334375 0.12500000000000006 0.45 0.16562500000000005 0.45
2 0.19531250000000006 0.221875 0.15781250000000005 0.221875 0.15781250000000005 0.309375 0.19531250000000006 0.309375
2 0.10312500000000005 0.3 0.06718750000000004 0.3 0.06718750000000004 0.409375 0.10312500000000005 0.409375
2 0.25625 0.17031250000000003 0.228125 0.17031250000000003 0.228125 0.2265625 0.25625 0.2265625
2 0.48125 0.2406250000000001 0.4515625 0.2406250000000001 0.4515625 0.3187500000000001 0.48125 0.3187500000000001
2 0.459375 0.34843750000000007 0.425 0.34843750000000007 0.425 0.4421875 0.459375 0.4421875
3 0.36406250000000007 0.3375 0.3375 0.3375 0.3375 0.440625 0.36406250000000007 0.440625
2 0.44375 0.4 0.4140625 0.4 0.4140625 0.4859375 0.44375 0.4859375
2 0.6390625 0.3453125000000001 0.6 0.3453125000000001 0.6 0.43125 0.6390625 0.43125
2 0.74375 0.44218750000000007 0.709375 0.4421875 0.709375 0.5390625000000001 0.74375 0.5390625000000002
2 0.7703125 0.5093750000000001 0.73125 0.5093750000000001 0.73125 0.6187500000000001 0.7703125 0.6187500000000001
2 0.9109375 0.5859375000000002 0.8703125 0.5859375000000002 0.8703125 0.7296875000000002 0.9109375 0.7296875000000002
2 0.915625 0.4281250000000002 0.8734375 0.4281250000000002 0.8734375 0.5531250000000002 0.915625 0.5531250000000002
2 0.9109375 0.2921875000000001 0.8734375 0.2921875000000001 0.8734375 0.4078125000000002 0.9109375 0.4078125000000002
2 0.803125 0.21875000000000008 0.7703125 0.21875000000000008 0.7703125 0.30937500000000007 0.803125 0.30937500000000007
2 0.8296875 0.18906250000000008 0.8015625 0.18906250000000008 0.8015625 0.2828125000000001 0.8296875 0.2828125000000001
3 0.15937500000000002 0.109375 0.1375 0.109375 0.1375 0.1859375 0.15937500000000004 0.1859375
0 0.415625 0.565625 0.403125 0.565625 0.403125 0.5875 0.415625 0.5875