2 0.4937500000000002 0.7796875 0.4312500000000002 0.7796875 0.4312500000000002 0.9703125 0.4937500000000002 0.9703125
2 0.5859375000000001 0.60625 0.53125 0.60625 0.5312500000000001 0.7921875 0.5859375000000002 0.7921875
2 0.6453125 0.4078125 0.5984375 0.4078125 0.5984375 0.571875 0.6453125 0.571875
2 0.9 0.3843750000000001 0.8609375 0.3843750000000001 0.8609375 0.5671875000000002 0.9 0.5671875000000002
2 0.953125 0.4625000000000002 0.9046875 0.4625000000000002 0.9046875 0.6531250000000002 0.953125 0.6531250000000002
2 0.54375 0.25468750000000007 0.503125 0.25468750000000007 0.503125 0.3937500000000001 0.54375 0.3937500000000001
2 0.53125 0.3593750000000001 0.4921875 0.3593750000000001 0.4921875 0.515625 0.53125 0.515625
2 0.49375 0.425 0.4546875 0.425 0.4546875 0.58125 0.49375 0.58125
2 0.3656250000000001 0.4578125 0.3281250000000001 0.4578125 0.3281250000000001 0.6046875 0.3656250000000001 0.6046875
2 0.415625 0.2968750000000001 0.3921875 0.2968750000000001 0.3921875 0.4265625 0.415625 0.4265625
2 0.39687500000000003 0.3609375000000001 0.3671875 0.3609375000000001 0.36718750000000006 0.4953125 0.3968750000000001 0.4953125
2 0.3578125000000001 0.3984375 0.3359375000000001 0.3984375 0.3359375000000001 0.5203125 0.3578125000000001 0.5203125
3 0.4765625 0.19218750000000004 0.44375 0.19218750000000004 0.44375 0.3062500000000001 0.4765625 0.3062500000000001
3 0.7234375 0.534375 0.6765625 0.534375 0.6765625 0.7109375 0.7234375 0.7109375
1 0.27812500000000007 0.284375 0.2203125 0.284375 0.22031250000000005 0.4109375 0.27812500000000007 0.4109375