2 0.5578125000000002 0.7515625 0.4421875000000002 0.7515625 0.4421875000000002 0.8015625 0.5578125000000002 0.8015625
0 0.665625 0.5578125 0.609375 0.5578125 0.609375 0.5921875 0.665625 0.5921875
2 0.7109375 0.4921875 0.6046875 0.4921875 0.6046875 0.5484375 0.7109375 0.5484375
2 0.765625 0.42656250000000007 0.671875 0.4265625 0.671875 0.4671875000000001 0.765625 0.4671875000000002
2 0.690625 0.4078125 0.603125 0.4078125 0.603125 0.4640625 0.690625 0.4640625
2 0.71875 0.3281250000000001 0.634375 0.3281250000000001 0.634375 0.3750000000000001 0.71875 0.3750000000000001
2 0.4734375 0.5328125 0.32500000000000007 0.5328125 0.32500000000000007 0.5921875 0.4734375 0.5921875
2 0.428125 0.4046875 0.2843750000000001 0.4046875 0.2843750000000001 0.4703125 0.428125 0.4703125
2 0.19375000000000003 0.2765625 0.018750000000000034 0.2765625 0.018750000000000037 0.3484375 0.19375000000000003 0.3484375
3 0.4984375 0.14375000000000004 0.3609375 0.14375000000000004 0.3609375 0.19062500000000004 0.4984375 0.19062500000000004
3 0.8125 0.5671875000000001 0.7109375 0.5671875 0.7109375 0.5921875000000001 0.8125 0.5921875000000002