2 0.8 0.7703125000000001 0.6218750000000002 0.7703125 0.6218750000000002 0.834375 0.8 0.834375
2 0.7875 0.41093750000000007 0.615625 0.4109375 0.615625 0.4640625000000001 0.7875 0.46406250000000016
3 0.73125 0.3218750000000001 0.55625 0.3218750000000001 0.55625 0.3671875000000001 0.73125 0.3671875000000001
2 0.8703125 0.0671875000000001 0.6609375 0.0671875000000001 0.6609375 0.14218750000000008 0.8703125 0.14218750000000008
2 0.99375 0.1406250000000001 0.8421875 0.14062500000000008 0.8421875 0.18593750000000012 0.99375 0.18593750000000014
2 0.484375 0.07500000000000005 0.3421875 0.07500000000000004 0.3421875 0.12187500000000004 0.484375 0.12187500000000004
2 0.5828125 0.3812500000000001 0.4046875 0.3812500000000001 0.4046875 0.43125 0.5828125 0.43125
2 0.565625 0.3437500000000001 0.4234375 0.3437500000000001 0.4234375 0.3781250000000001 0.565625 0.3781250000000001
2 0.6140625 0.2234375000000001 0.4546875 0.2234375000000001 0.4546875 0.24218750000000008 0.6140625 0.24218750000000008
2 0.5828125 0.24375000000000008 0.4171875 0.24375000000000008 0.4171875 0.2656250000000001 0.5828125 0.2656250000000001
2 0.5921875 0.5265625 0.4140625 0.5265625 0.4140625 0.5640625 0.5921875 0.5640625
2 0.6328125 0.621875 0.48125 0.621875 0.48125 0.6546875 0.6328125 0.6546875
2 0.6453125 0.596875 0.503125 0.596875 0.503125 0.621875 0.6453125 0.621875
2 0.596875 0.565625 0.4640625 0.565625 0.4640625 0.61875 0.596875 0.61875
1 0.49375 0.603125 0.3671875000000001 0.603125 0.3671875000000001 0.64375 0.49375 0.64375
2 0.4515625 0.32031250000000006 0.33125 0.3203125 0.33125 0.3609375 0.4515625 0.3609375000000001