1 0.4671875 0.3921875000000001 0.425 0.3921875000000001 0.425 0.503125 0.4671875 0.503125
3 0.17656250000000007 0.471875 0.14218750000000005 0.471875 0.14218750000000008 0.5921875 0.1765625000000001 0.5921875
3 0.896875 0.7968750000000002 0.8484375 0.7968750000000002 0.8484375 0.9328125 0.896875 0.9328125
2 0.4750000000000001 0.6109375 0.4265625 0.6109375 0.42656250000000007 0.753125 0.4750000000000002 0.753125
2 0.3203125000000001 0.575 0.2734375000000001 0.575 0.2734375000000001 0.7046875 0.3203125000000001 0.7046875
2 0.3515625000000001 0.5375 0.3203125000000001 0.5375 0.3203125000000001 0.625 0.3515625000000001 0.625
2 0.6000000000000002 0.784375 0.5578125000000002 0.784375 0.5578125000000002 0.9265625 0.6000000000000002 0.9265625
2 0.659375 0.6921875 0.6046875 0.6921875 0.6046875 0.834375 0.6593750000000002 0.834375
2 0.7593750000000001 0.721875 0.6921875 0.721875 0.6921875000000001 0.8546875 0.7593750000000001 0.8546875
2 0.2562500000000001 0.4109375 0.21093750000000008 0.4109375 0.21093750000000008 0.53125 0.2562500000000001 0.53125
2 0.2312500000000001 0.3828125 0.2062500000000001 0.3828125 0.2062500000000001 0.4734375 0.2312500000000001 0.4734375
2 0.4875 0.509375 0.421875 0.509375 0.421875 0.603125 0.4875 0.603125
2 0.41875 0.4625 0.3750000000000001 0.4625 0.3750000000000001 0.55 0.41875 0.55
2 0.3937500000000001 0.4234375 0.3312500000000001 0.4234375 0.3312500000000001 0.521875 0.3937500000000001 0.521875
2 0.33281250000000007 0.4203125 0.2953125000000001 0.4203125 0.2953125000000001 0.55 0.33281250000000007 0.55