2 0.4390625 0.4234375 0.37968750000000007 0.4234375 0.37968750000000007 0.5796875 0.4390625 0.5796875
2 0.3203125000000001 0.3984375 0.2656250000000001 0.3984375 0.2656250000000001 0.546875 0.3203125000000001 0.546875
2 0.2515625 0.303125 0.2015625 0.303125 0.20156250000000003 0.4375 0.2515625000000001 0.4375
2 0.15312500000000004 0.234375 0.09843750000000002 0.234375 0.09843750000000004 0.3859375 0.15312500000000004 0.3859375
2 0.08593750000000003 0.240625 0.03593750000000003 0.240625 0.035937500000000046 0.409375 0.08593750000000004 0.409375
2 0.4515625 0.12968750000000004 0.3953125 0.12968750000000004 0.3953125 0.26250000000000007 0.4515625 0.26250000000000007
2 0.5265625 0.2984375000000001 0.4875 0.2984375000000001 0.4875 0.43125 0.5265625 0.43125
3 0.75625 0.22656250000000008 0.715625 0.22656250000000008 0.715625 0.3687500000000001 0.75625 0.3687500000000001
2 0.9140625 0.21093750000000008 0.85625 0.21093750000000008 0.85625 0.3703125000000001 0.9140625 0.3703125000000001
2 0.9828125 0.4468750000000002 0.925 0.4468750000000002 0.925 0.6000000000000002 0.9828125 0.6000000000000002
0 0.484375 0.3593750000000001 0.46875 0.3593750000000001 0.46875 0.3859375000000001 0.484375 0.3859375000000001
1 0.7093750000000002 0.9 0.6500000000000001 0.9 0.6500000000000001 1 0.7093750000000002 1