0 0.5171875 0.5984375 0.4921875 0.5984375 0.4921875 0.634375 0.5171875 0.634375
2 0.2968750000000001 0.3859375 0.2796875000000001 0.3859375 0.2796875000000001 0.45 0.2968750000000001 0.45
2 0.2687500000000001 0.5765625 0.23437500000000008 0.5765625 0.23437500000000008 0.6578125 0.2687500000000001 0.6578125
2 0.2312500000000001 0.5984375 0.1859375000000001 0.5984375 0.1859375000000001 0.68125 0.2312500000000001 0.68125
2 0.32656250000000003 0.3515625 0.3 0.3515625 0.30000000000000004 0.4109375 0.3265625000000001 0.4109375
2 0.3843750000000001 0.4703125 0.35625000000000007 0.4703125 0.35625000000000007 0.5515625 0.3843750000000001 0.5515625
2 0.4078125000000002 0.771875 0.3593750000000001 0.771875 0.3593750000000001 0.8765625 0.4078125000000002 0.8765625
2 0.4515625 0.4609375 0.4265625 0.4609375 0.4265625 0.5359375 0.4515625 0.5359375
2 0.5625 0.446875 0.5390625 0.446875 0.5390625 0.5140625 0.5625 0.5140625
2 0.640625 0.3937500000000001 0.615625 0.3937500000000001 0.615625 0.459375 0.640625 0.459375
2 0.675 0.675 0.640625 0.675 0.6406250000000001 0.8046875 0.6750000000000002 0.8046875
2 0.5937500000000002 0.803125 0.5640625000000001 0.803125 0.5640625000000001 0.91875 0.5937500000000002 0.91875
2 0.30937500000000007 0.2890625 0.2703125 0.2890625 0.27031250000000007 0.3640625 0.30937500000000007 0.3640625
2 0.575 0.24218750000000008 0.5515625 0.24218750000000008 0.5515625 0.2828125000000001 0.575 0.2828125000000001
2 0.4765625 0.22031250000000008 0.446875 0.22031250000000008 0.446875 0.2906250000000001 0.4765625 0.2906250000000001
2 0.7375 0.3859375000000001 0.71875 0.3859375000000001 0.71875 0.4437500000000001 0.7375 0.4437500000000002
2 0.7578125 0.3656250000000001 0.73125 0.3656250000000001 0.73125 0.43750000000000017 0.7578125 0.43750000000000017
1 0.925 0.26250000000000007 0.9078125 0.26250000000000007 0.9078125 0.3078125000000001 0.925 0.3078125000000001
3 0.475 0.428125 0.453125 0.428125 0.453125 0.478125 0.475 0.478125
2 0.834375 0.6734375000000001 0.8109375 0.6734375000000001 0.8109375 0.7937500000000002 0.834375 0.7937500000000002