2 0.2812500000000001 0.534375 0.22812500000000008 0.534375 0.22812500000000008 0.6703125 0.2812500000000001 0.6703125
2 0.4546875 0.484375 0.4234375 0.484375 0.4234375 0.5921875 0.4546875 0.5921875
3 0.765625 0.4359375000000001 0.7203125 0.4359375 0.7203125 0.5562500000000001 0.765625 0.5562500000000001
2 0.4546875 0.3984375000000001 0.428125 0.3984375000000001 0.428125 0.5046875 0.4546875 0.5046875
2 0.6921875 0.528125 0.6578125 0.528125 0.6578125 0.6421875 0.6921875 0.6421875
2 0.571875 0.3703125000000001 0.540625 0.3703125000000001 0.540625 0.46875 0.571875 0.46875
2 0.7015625 0.30937500000000007 0.68125 0.30937500000000007 0.68125 0.41875 0.7015625 0.41875
2 0.809375 0.2531250000000001 0.7875 0.2531250000000001 0.7875 0.3281250000000001 0.809375 0.3281250000000001
2 0.7890625 0.3765625000000001 0.7640625 0.3765625000000001 0.7640625 0.4906250000000002 0.7890625 0.4906250000000002
2 0.8265625 0.3687500000000001 0.7875 0.3687500000000001 0.7875 0.4546875000000002 0.8265625 0.4546875000000002
2 0.946875 0.6093750000000002 0.91875 0.6093750000000002 0.91875 0.7546875000000002 0.946875 0.7546875000000002
2 0.9953125 0.2765625000000001 0.9609375 0.2765625000000001 0.9609375 0.3687500000000001 0.9953125 0.3687500000000001
3 0.99375 0.15000000000000013 0.96875 0.15000000000000013 0.96875 0.2140625000000001 0.99375 0.2140625000000001
1 0.30625 0.3125 0.275 0.3125 0.275 0.346875 0.30625 0.346875