2 0.1140625000000001 0.5484375 0.08593750000000007 0.5484375 0.08593750000000008 0.6578125 0.1140625000000001 0.6578125
2 0.2921875000000001 0.6671875 0.2562500000000001 0.6671875 0.2562500000000001 0.8 0.2921875000000001 0.8
2 0.2921875000000001 0.4875 0.27031250000000007 0.4875 0.27031250000000007 0.5671875 0.2921875000000001 0.5671875
0 0.3125000000000001 0.5515625 0.30156250000000007 0.5515625 0.30156250000000007 0.5671875 0.3125000000000001 0.5671875
3 0.34843750000000007 0.5765625 0.3218750000000001 0.5765625 0.3218750000000001 0.675 0.34843750000000007 0.675
2 0.4609375 0.5015625 0.4421875 0.5015625 0.4421875 0.5875 0.4609375 0.5875
2 0.49375 0.6171875 0.475 0.6171875 0.475 0.70625 0.49375 0.70625
2 0.5906250000000001 0.66875 0.559375 0.66875 0.5593750000000001 0.7515625 0.5906250000000002 0.7515625
2 0.51875 0.5390625 0.5015625 0.5390625 0.5015625 0.6296875 0.51875 0.6296875
2 0.5015625 0.5140625 0.4796875 0.5140625 0.4796875 0.5875 0.5015625 0.5875
2 0.5015625 0.49375 0.4875 0.49375 0.4875 0.565625 0.5015625 0.565625
2 0.5359375 0.5046875 0.5203125 0.5046875 0.5203125 0.60625 0.5359375 0.60625
2 0.55625 0.5 0.5296875 0.5 0.5296875 0.5828125 0.55625 0.5828125
2 0.5828125 0.5546875 0.5671875 0.5546875 0.5671875 0.653125 0.5828125 0.653125
2 0.63125 0.5546875 0.6140625 0.5546875 0.6140625 0.6421875 0.63125 0.6421875
2 0.6859375 0.5234375 0.653125 0.5234375 0.653125 0.615625 0.6859375 0.615625
2 0.7140625 0.5328125 0.6890625 0.5328125 0.6890625 0.6359375 0.7140625 0.6359375
2 0.740625 0.5609375000000001 0.721875 0.5609375 0.721875 0.6500000000000001 0.740625 0.6500000000000001
1 0.734375 0.5140625000000001 0.7 0.5140625 0.7 0.5796875000000001 0.734375 0.5796875000000001