2 0.621875 0.037500000000000075 0.5125 0.03750000000000007 0.5125 0.08125000000000007 0.621875 0.08125000000000007
2 0.378125 0.15468750000000003 0.26875 0.15468750000000003 0.26875 0.26406250000000003 0.378125 0.2640625000000001
2 0.31875 0.234375 0.2109375 0.234375 0.2109375 0.34375 0.31875 0.34375
2 0.09687500000000002 0.14375 0.009375000000000017 0.14375 0.009375000000000022 0.23125 0.09687500000000002 0.23125
2 0.5734375 0.3078125000000001 0.4890625 0.3078125000000001 0.4890625 0.3921875000000001 0.5734375 0.3921875000000001
2 0.459375 0.33125000000000004 0.3625 0.33125 0.36250000000000004 0.428125 0.459375 0.428125
2 0.621875 0.415625 0.5 0.415625 0.5 0.4515625 0.621875 0.4515625
2 0.525 0.44375 0.434375 0.44375 0.434375 0.534375 0.525 0.534375
2 0.6109375 0.44375 0.5015625 0.44375 0.5015625 0.475 0.6109375 0.475
2 0.540625 0.5375 0.4546875 0.5375 0.4546875 0.6234375 0.540625 0.6234375
2 0.3671875000000001 0.6125 0.2968750000000001 0.6125 0.2968750000000001 0.684375 0.3671875000000001 0.684375
2 0.5015625 0.640625 0.4359375 0.640625 0.4359375 0.70625 0.5015625 0.70625
2 0.42656250000000007 0.7109375 0.3453125000000001 0.7109375 0.3453125000000001 0.790625 0.4265625000000002 0.790625
2 0.4734375000000002 0.778125 0.3421875000000001 0.778125 0.3421875000000001 0.83125 0.4734375000000002 0.83125
3 0.51875 0.2312500000000001 0.44375 0.2312500000000001 0.44375 0.3062500000000001 0.51875 0.3062500000000001