1 0.540625 0.6421875 0.459375 0.6421875 0.459375 0.690625 0.540625 0.690625
2 0.3343750000000001 0.584375 0.17968750000000008 0.584375 0.17968750000000008 0.6296875 0.3343750000000001 0.6296875
2 0.3765625000000001 0.44375 0.23437500000000008 0.44375 0.23437500000000008 0.4921875 0.3765625000000001 0.4921875
2 0.51875 0.4140625 0.3921875000000001 0.4140625 0.3921875000000001 0.446875 0.51875 0.446875
2 0.4640625 0.29375000000000007 0.3125 0.29375 0.3125 0.34687500000000004 0.4640625 0.3468750000000001
2 0.5625 0.27812500000000007 0.4453125 0.27812500000000007 0.4453125 0.3031250000000001 0.5625 0.3031250000000001
2 0.6234375 0.19843750000000007 0.50625 0.19843750000000004 0.50625 0.2328125000000001 0.6234375 0.2328125000000001
2 0.3421875000000001 0.534375 0.2375000000000001 0.534375 0.2375000000000001 0.5640625 0.3421875000000001 0.5640625
2 0.3578125 0.11875000000000005 0.2125 0.11875000000000005 0.2125 0.16250000000000003 0.3578125 0.16250000000000003
2 0.578125 0.017187500000000064 0.4546875 0.017187500000000057 0.4546875 0.06250000000000007 0.578125 0.06250000000000007
3 0.79375 0.1062500000000001 0.728125 0.1062500000000001 0.728125 0.1390625000000001 0.79375 0.1390625000000001
3 0.30156250000000007 0.31875 0.14531250000000004 0.31875 0.14531250000000004 0.384375 0.30156250000000007 0.384375
2 0.4203125 0.5265625 0.3453125000000001 0.5265625 0.3453125000000001 0.5609375 0.4203125 0.5609375