1 0.5078125 0.3312500000000001 0.4046875 0.3312500000000001 0.4046875 0.3625000000000001 0.5078125 0.3625000000000001
2 0.6234375 0.30156250000000007 0.4984375 0.30156250000000007 0.4984375 0.33281250000000007 0.6234375 0.33281250000000007
2 0.640625 0.32500000000000007 0.5015625 0.32500000000000007 0.5015625 0.3593750000000001 0.640625 0.3593750000000001
2 0.6140625 0.3468750000000001 0.4796875 0.3468750000000001 0.4796875 0.3812500000000001 0.6140625 0.3812500000000001
2 0.5390625 0.4421875 0.4328125 0.4421875 0.4328125 0.4796875 0.5390625 0.4796875
2 0.590625 0.4421875 0.4890625 0.4421875 0.4890625 0.4890625 0.590625 0.4890625
2 0.6734375 0.4203125 0.53125 0.4203125 0.53125 0.4640625 0.6734375 0.4640625
2 0.6703125 0.590625 0.540625 0.590625 0.540625 0.625 0.6703125 0.625
2 0.5390625 0.59375 0.4296875 0.59375 0.4296875 0.61875 0.5390625 0.61875
2 0.50625 0.665625 0.3687500000000001 0.665625 0.3687500000000001 0.6953125 0.50625 0.6953125
2 0.5421875 0.703125 0.4203125 0.703125 0.4203125000000001 0.740625 0.5421875000000002 0.740625
2 0.675 0.690625 0.5375 0.690625 0.5375000000000001 0.7265625 0.6750000000000002 0.7265625
2 0.4812500000000002 0.7296875 0.3593750000000001 0.7296875 0.3593750000000001 0.7609375 0.4812500000000002 0.7609375
2 0.49531250000000016 0.753125 0.39531250000000007 0.753125 0.39531250000000007 0.78125 0.49531250000000016 0.78125
2 0.5359375000000002 0.8 0.41406250000000017 0.8 0.41406250000000017 0.834375 0.5359375000000002 0.834375
2 0.4312500000000002 0.8390625 0.3218750000000001 0.8390625 0.3218750000000001 0.8671875 0.4312500000000002 0.8671875
2 0.5078125000000002 0.8609375 0.4078125000000002 0.8609375 0.4078125000000002 0.8890625 0.5078125000000002 0.8890625
0 0.5250000000000001 0.7890625 0.48750000000000016 0.7890625 0.48750000000000016 0.8109375 0.5250000000000001 0.8109375