2 0.4906250000000002 0.790625 0.3859375000000001 0.790625 0.3859375000000001 0.815625 0.4906250000000002 0.815625
0 0.4078125000000002 0.7859375 0.3812500000000001 0.7859375 0.3812500000000001 0.8078125 0.4078125000000002 0.8078125
2 0.5031250000000002 0.7359375 0.3968750000000001 0.7359375 0.3968750000000001 0.7734375 0.5031250000000002 0.7734375
2 0.45 0.671875 0.31718750000000007 0.671875 0.31718750000000007 0.7046875 0.45 0.7046875
2 0.4984375 0.6109375 0.3609375000000001 0.6109375 0.3609375000000001 0.646875 0.4984375 0.646875
2 0.3531250000000001 0.475 0.2156250000000001 0.475 0.2156250000000001 0.50625 0.3531250000000001 0.50625
2 0.571875 0.3828125000000001 0.4640625 0.3828125000000001 0.4640625 0.4109375 0.571875 0.4109375
2 0.5453125 0.3000000000000001 0.43125 0.3000000000000001 0.43125 0.3281250000000001 0.5453125 0.3281250000000001
2 0.6578125 0.2078125000000001 0.5421875 0.2078125000000001 0.5421875 0.2453125000000001 0.6578125 0.2453125000000001
2 0.4765625 0.18906250000000005 0.3546875 0.18906250000000005 0.3546875 0.22812500000000005 0.4765625 0.22812500000000008
3 0.5125 0.13437500000000005 0.39375 0.13437500000000005 0.39375 0.16562500000000005 0.5125 0.16562500000000005
1 0.73125 0.1703125000000001 0.64375 0.1703125000000001 0.64375 0.19531250000000008 0.73125 0.19531250000000008
2 0.715625 0.025000000000000085 0.6109375 0.025000000000000078 0.6109375 0.05625000000000008 0.715625 0.05625000000000009