2 0.6359375 0.615625 0.59375 0.615625 0.5937500000000001 0.79375 0.6359375000000002 0.79375
2 0.4546875 0.37187500000000007 0.403125 0.37187500000000007 0.403125 0.51875 0.4546875 0.51875
2 0.20312500000000006 0.35 0.16406250000000006 0.35 0.16406250000000006 0.5015625 0.20312500000000008 0.5015625
2 0.26562500000000006 0.23125 0.2171875 0.23125 0.21718750000000003 0.3640625 0.2656250000000001 0.3640625
2 0.03593750000000007 0.4390625 5.376964852506348e-17 0.4390625 6.31458505810354e-17 0.5921875 0.03593750000000008 0.5921875
2 0.6984375 0.484375 0.653125 0.484375 0.653125 0.6671875 0.6984375 0.6671875
1 0.7140625 0.3265625000000001 0.6796875 0.3265625000000001 0.6796875 0.4453125 0.7140625 0.4453125
2 0.63125 0.4234375 0.59375 0.4234375 0.59375 0.5703125 0.63125 0.5703125
2 0.5453125 0.37187500000000007 0.5125 0.37187500000000007 0.5125 0.51875 0.5453125 0.51875
2 0.5234375 0.39531250000000007 0.4875 0.39531250000000007 0.4875 0.509375 0.5234375 0.509375
2 0.3265625 0.215625 0.2921875 0.215625 0.2921875 0.3296875 0.3265625 0.3296875
2 0.2953125 0.19218750000000004 0.265625 0.19218750000000004 0.265625 0.334375 0.2953125 0.334375
0 0.45 0.453125 0.440625 0.453125 0.440625 0.4796875 0.45 0.4796875