2 0.11562500000000006 0.51875 0.08906250000000007 0.51875 0.08906250000000007 0.6109375 0.11562500000000009 0.6109375
2 0.2906250000000001 0.7265625 0.24375000000000008 0.7265625 0.24375000000000008 0.8625 0.2906250000000001 0.8625
2 0.3859375000000001 0.55 0.3546875000000001 0.55 0.3546875000000001 0.63125 0.3859375000000001 0.63125
2 0.4328125 0.540625 0.40625 0.540625 0.40625 0.6390625 0.4328125 0.6390625
2 0.5 0.59375 0.465625 0.59375 0.465625 0.6984375 0.5 0.6984375
2 0.5390625 0.553125 0.5078125 0.553125 0.5078125 0.665625 0.5390625 0.665625
2 0.5765625 0.5828125 0.5515625 0.5828125 0.5515625 0.6890625 0.5765625 0.6890625
2 0.6234375 0.55625 0.6015625 0.55625 0.6015625 0.66875 0.6234375 0.66875
2 0.6078125 0.6140625 0.5875 0.6140625 0.5875 0.7234375 0.6078125 0.7234375
2 0.6265625000000001 0.71875 0.5984375 0.71875 0.5984375000000001 0.8234375 0.6265625000000001 0.8234375
2 0.7718750000000001 0.7062500000000002 0.74375 0.7062500000000002 0.7437500000000001 0.8265625 0.7718750000000002 0.8265625
2 0.8328125 0.8078125 0.7906250000000001 0.8078125 0.7906250000000001 0.9546875 0.8328125 0.9546875
2 0.6625000000000002 0.828125 0.6250000000000002 0.828125 0.6250000000000002 0.978125 0.6625000000000002 0.978125
2 0.753125 0.5453125000000002 0.728125 0.5453125000000002 0.728125 0.6468750000000002 0.753125 0.6468750000000002
2 0.6640625 0.5953125 0.6359375 0.5953125 0.6359375 0.7015625 0.6640625 0.7015625