2 0.9375 0.5328125000000001 0.903125 0.5328125000000001 0.903125 0.6265625000000001 0.9375 0.6265625000000001
2 0.6031250000000001 0.64375 0.55625 0.64375 0.5562500000000001 0.7765625 0.6031250000000001 0.7765625
2 0.1609375000000001 0.590625 0.13281250000000008 0.590625 0.13281250000000008 0.70625 0.1609375000000001 0.70625
2 0.19843750000000007 0.54375 0.16562500000000005 0.54375 0.16562500000000008 0.65 0.1984375000000001 0.65
2 0.4421875 0.2734375000000001 0.4078125 0.2734375000000001 0.4078125 0.3687500000000001 0.4421875 0.3687500000000001
2 0.49375 0.35625000000000007 0.4640625 0.35625000000000007 0.4640625 0.45 0.49375 0.45
2 0.53125 0.4671875 0.496875 0.4671875 0.496875 0.5609375 0.53125 0.5609375
2 0.7 0.3609375000000001 0.675 0.3609375000000001 0.675 0.465625 0.7 0.465625
2 0.7390625 0.4218750000000001 0.71875 0.421875 0.71875 0.5359375000000001 0.7390625 0.5359375000000002
1 0.7703125 0.44843750000000016 0.73125 0.44843750000000016 0.73125 0.5625000000000002 0.7703125 0.5625000000000002
3 0.4828125 0.5046875 0.4515625 0.5046875 0.4515625 0.6046875 0.4828125 0.6046875