2 0.271875 0.234375 0.18281250000000004 0.234375 0.18281250000000004 0.3234375 0.271875 0.3234375
2 0.3265625 0.28125 0.2578125 0.28125 0.2578125 0.35 0.3265625 0.35
2 0.37343750000000003 0.31718750000000007 0.309375 0.3171875 0.30937500000000007 0.38125000000000003 0.3734375000000001 0.3812500000000001
2 0.4921875 0.409375 0.440625 0.409375 0.440625 0.459375 0.4921875 0.459375
2 0.45625 0.446875 0.3750000000000001 0.446875 0.3750000000000001 0.471875 0.45625 0.471875
2 0.5078125 0.4671875 0.415625 0.4671875 0.415625 0.5046875 0.5078125 0.5046875
3 0.428125 0.4578125 0.3671875000000001 0.4578125 0.3671875000000001 0.51875 0.428125 0.51875
2 0.4671875 0.5875 0.4234375 0.5875 0.4234375 0.634375 0.4671875 0.634375
2 0.4421875 0.6265625 0.3906250000000001 0.6265625 0.3906250000000001 0.6765625 0.4421875 0.6765625
2 0.3671875000000001 0.6046875 0.3125000000000001 0.6046875 0.3125000000000001 0.640625 0.3671875000000001 0.640625
2 0.3234375000000001 0.7234375 0.2640625000000001 0.7234375 0.2640625000000001 0.7828125 0.3234375000000001 0.7828125
2 0.33281250000000007 0.8015625 0.2328125000000001 0.8015625 0.2328125000000001 0.84375 0.33281250000000007 0.84375
2 0.34843750000000007 0.7640625 0.2828125000000001 0.7640625 0.2828125000000001 0.828125 0.34843750000000007 0.828125
2 0.4312500000000002 0.74375 0.34062500000000007 0.74375 0.34062500000000007 0.7671875 0.4312500000000002 0.7671875
2 0.4343750000000002 0.74375 0.3578125000000001 0.74375 0.3578125000000001 0.8203125 0.4343750000000002 0.8203125
2 0.3906250000000001 0.753125 0.33281250000000007 0.753125 0.33281250000000007 0.8109375 0.3906250000000001 0.8109375
1 0.4203125000000002 0.834375 0.35625000000000007 0.834375 0.35625000000000007 0.8984375 0.4203125000000002 0.8984375