2 0.30937500000000007 0.8421875 0.2718750000000001 0.8421875 0.2718750000000001 0.9890625 0.30937500000000007 0.9890625
2 0.8484375 0.7156250000000002 0.8 0.7156250000000002 0.8 0.8484375 0.8484375 0.8484375
2 0.8828125 0.37187500000000007 0.8578125 0.37187500000000007 0.8578125 0.4703125000000002 0.8828125 0.4703125000000002
2 0.8546875 0.22812500000000008 0.834375 0.22812500000000008 0.834375 0.2796875000000001 0.8546875 0.2796875000000001
2 0.890625 0.3000000000000001 0.86875 0.3000000000000001 0.86875 0.3703125000000001 0.890625 0.3703125000000001
2 0.7171875 0.4109375 0.6921875 0.4109375 0.6921875 0.5046875 0.7171875 0.5046875
2 0.63125 0.2296875000000001 0.61875 0.2296875000000001 0.61875 0.3000000000000001 0.63125 0.3000000000000001
2 0.5578125 0.21875000000000008 0.5453125 0.21875000000000008 0.5453125 0.2718750000000001 0.5578125 0.2718750000000001
2 0.5140625 0.19687500000000005 0.4984375 0.19687500000000005 0.4984375 0.2500000000000001 0.5140625 0.2500000000000001
2 0.4234375 0.41875 0.403125 0.41875 0.403125 0.515625 0.4234375 0.515625
2 0.4109375 0.3218750000000001 0.39375 0.3218750000000001 0.39375000000000004 0.3984375000000001 0.4109375 0.3984375000000001
2 0.4140625 0.3062500000000001 0.4 0.3062500000000001 0.4 0.3765625000000001 0.4140625 0.3765625000000001
3 0.8046875 0.2968750000000001 0.78125 0.2968750000000001 0.78125 0.3687500000000001 0.8046875 0.3687500000000001
2 0.17187500000000006 0.478125 0.14218750000000005 0.478125 0.14218750000000008 0.565625 0.17187500000000008 0.565625
2 0.2531250000000001 0.365625 0.2296875000000001 0.365625 0.2296875000000001 0.4453125 0.2531250000000001 0.4453125
2 0.2515625 0.2734375 0.23125 0.2734375 0.23125 0.3578125 0.2515625 0.3578125
2 0.05937500000000003 0.265625 0.040625000000000036 0.265625 0.040625000000000036 0.3421875 0.059375000000000046 0.3421875
0 0.25468750000000007 0.428125 0.2406250000000001 0.428125 0.2406250000000001 0.453125 0.25468750000000007 0.453125
2 0.6609375 0.3468750000000001 0.640625 0.3468750000000001 0.640625 0.4109375 0.6609375 0.4109375