3 0.940625 0.29375000000000007 0.9078125 0.29375000000000007 0.9078125 0.4031250000000002 0.940625 0.4031250000000002
2 0.86875 0.21093750000000008 0.84375 0.21093750000000008 0.84375 0.3031250000000001 0.86875 0.3031250000000001
2 0.828125 0.3296875000000001 0.80625 0.3296875000000001 0.80625 0.43281250000000016 0.828125 0.43281250000000016
2 0.784375 0.4265625000000002 0.753125 0.4265625000000002 0.753125 0.5484375000000001 0.784375 0.5484375000000001
2 0.721875 0.25468750000000007 0.6875 0.25468750000000007 0.6875 0.34843750000000007 0.721875 0.34843750000000007
2 0.528125 0.3500000000000001 0.4953125 0.3500000000000001 0.4953125 0.446875 0.528125 0.446875
2 0.5328125 0.2312500000000001 0.5109375 0.2312500000000001 0.5109375 0.3187500000000001 0.5328125 0.3187500000000001
2 0.51875 0.2296875000000001 0.484375 0.2296875000000001 0.484375 0.3234375000000001 0.51875 0.3234375000000001
2 0.49375 0.33281250000000007 0.46875 0.33281250000000007 0.46875 0.425 0.49375 0.425
2 0.4859375 0.475 0.4640625 0.475 0.4640625 0.575 0.4859375 0.575
2 0.4203125 0.51875 0.39531250000000007 0.51875 0.39531250000000007 0.61875 0.4203125 0.61875
0 0.578125 0.2906250000000001 0.5625 0.2906250000000001 0.5625 0.3156250000000001 0.578125 0.3156250000000001
1 0.37031250000000004 0.30625 0.34375 0.30625 0.34375000000000006 0.421875 0.3703125000000001 0.421875