2 0.21093750000000008 0.509375 0.18593750000000003 0.509375 0.18593750000000006 0.6140625 0.21093750000000008 0.6140625
0 0.2156250000000001 0.5921875 0.1937500000000001 0.5921875 0.1937500000000001 0.61875 0.2156250000000001 0.61875
2 0.2656250000000001 0.496875 0.22812500000000008 0.496875 0.22812500000000008 0.603125 0.2656250000000001 0.603125
2 0.3281250000000001 0.55 0.2953125000000001 0.55 0.2953125000000001 0.6828125 0.3281250000000001 0.6828125
2 0.3906250000000001 0.5015625 0.3546875000000001 0.5015625 0.3546875000000001 0.6390625 0.3906250000000001 0.6390625
2 0.5250000000000001 0.646875 0.49375 0.646875 0.4937500000000001 0.784375 0.5250000000000001 0.784375
2 0.6171875 0.428125 0.5890625 0.428125 0.5890625 0.5359375 0.6171875 0.5359375
2 0.7 0.4546875 0.671875 0.4546875 0.671875 0.56875 0.7 0.56875
2 0.7921875 0.3437500000000001 0.7546875 0.3437500000000001 0.7546875 0.4593750000000002 0.7921875 0.4593750000000002
2 0.8109375 0.5234375000000002 0.771875 0.5234375000000002 0.771875 0.6453125000000002 0.8109375 0.6453125000000002
3 0.865625 0.4890625000000002 0.834375 0.4890625000000002 0.834375 0.6078125000000002 0.865625 0.6078125000000002
1 0.8296875 0.27031250000000007 0.8046875 0.27031250000000007 0.8046875 0.3578125000000001 0.8296875 0.3578125000000001
2 0.9765625 0.28593750000000007 0.9453125 0.28593750000000007 0.9453125 0.3906250000000001 0.9765625 0.3906250000000001