0 0.3062500000000001 0.51875 0.2687500000000001 0.51875 0.2687500000000001 0.546875 0.3062500000000001 0.546875
2 0.3187500000000001 0.6078125 0.18125000000000008 0.6078125 0.18125000000000008 0.6390625 0.3187500000000001 0.6390625
2 0.3781250000000001 0.7734375 0.2531250000000001 0.7734375 0.2531250000000001 0.8046875 0.3781250000000001 0.8046875
2 0.4593750000000002 0.7546875 0.32500000000000007 0.7546875 0.32500000000000007 0.7890625 0.4593750000000002 0.7890625
3 0.46875 0.6640625 0.3296875000000001 0.6640625 0.3296875000000001 0.6984375 0.46875 0.6984375
2 0.703125 0.640625 0.528125 0.640625 0.528125 0.690625 0.703125 0.690625
2 0.5515625 0.484375 0.4078125 0.484375 0.4078125 0.5125 0.5515625 0.5125
2 0.3625000000000001 0.5765625 0.2562500000000001 0.5765625 0.2562500000000001 0.6078125 0.3625000000000001 0.6078125
2 0.3390625000000001 0.5515625 0.2296875000000001 0.5515625 0.2296875000000001 0.5765625 0.3390625000000001 0.5765625
2 0.3343750000000001 0.484375 0.23593750000000008 0.484375 0.23593750000000008 0.509375 0.3343750000000001 0.509375
2 0.409375 0.4703125 0.2843750000000001 0.4703125 0.2843750000000001 0.5203125 0.409375 0.5203125
2 0.4671875 0.40625 0.3296875000000001 0.40625 0.3296875000000001 0.43125 0.4671875 0.43125
2 0.7109375 0.3078125000000001 0.5484375 0.3078125000000001 0.5484375 0.3453125000000001 0.7109375 0.3453125000000001
2 0.4421875 0.26406250000000003 0.3171875 0.2640625 0.3171875 0.29531250000000003 0.4421875 0.2953125000000001
2 0.534375 0.21875000000000008 0.4 0.21875000000000008 0.4 0.26250000000000007 0.534375 0.26250000000000007
2 0.50625 0.18593750000000003 0.35 0.18593750000000003 0.35 0.22343750000000004 0.50625 0.2234375000000001
2 0.5078125 0.14843750000000006 0.3515625 0.14843750000000006 0.3515625 0.19531250000000006 0.5078125 0.19531250000000006
2 0.6046875 0.056250000000000064 0.4546875 0.056250000000000064 0.4546875 0.09062500000000007 0.6046875 0.09062500000000007
2 0.6296875 6.706854735955427e-17 0.465625 5.702261658529863e-17 0.465625 0.028125000000000067 0.6296875 0.028125000000000077
2 0.8078125 0.10937500000000008 0.6203125 0.10937500000000008 0.6203125 0.15625000000000008 0.8078125 0.15625000000000008