1 0.3765625000000001 0.4421875 0.3109375000000001 0.4421875 0.3109375000000001 0.640625 0.3765625000000001 0.640625
2 0.30937500000000007 0.3953125 0.2812500000000001 0.3953125 0.2812500000000001 0.5265625 0.30937500000000007 0.5265625
2 0.3343750000000001 0.4203125 0.3062500000000001 0.4203125 0.3062500000000001 0.521875 0.3343750000000001 0.521875
2 0.37968750000000007 0.38750000000000007 0.3515625000000001 0.3875 0.3515625000000001 0.5171875 0.37968750000000007 0.5171875
2 0.4265625 0.3812500000000001 0.3906250000000001 0.3812500000000001 0.3906250000000001 0.571875 0.4265625 0.571875
2 0.484375 0.4078125 0.4484375 0.4078125 0.4484375 0.5765625 0.484375 0.5765625
0 0.515625 0.51875 0.4921875 0.51875 0.4921875 0.5671875 0.515625 0.5671875
2 0.5375 0.3906250000000001 0.5 0.3906250000000001 0.5 0.515625 0.5375 0.515625
2 0.6171875 0.40625 0.5734375 0.40625 0.5734375 0.578125 0.6171875 0.578125
2 0.70625 0.3765625000000001 0.6390625 0.3765625000000001 0.6390625 0.70625 0.70625 0.70625
2 0.9765625 0.40156250000000016 0.8953125 0.40156250000000016 0.8953125 0.5921875000000002 0.9765625 0.5921875000000002
2 1 0.3609375000000001 0.9625 0.3609375000000001 0.9625 0.7078125000000002 1 0.7078125000000002
2 0.8109375 0.3968750000000001 0.7953125 0.3968750000000001 0.7953125 0.4578125000000002 0.8109375 0.4578125000000002
2 0.796875 0.3984375000000001 0.78125 0.3984375000000001 0.78125 0.43750000000000017 0.796875 0.43750000000000017
2 0.8203125 0.3984375000000001 0.80625 0.3984375000000001 0.80625 0.43750000000000017 0.8203125 0.43750000000000017
2 0.8625 0.39531250000000007 0.840625 0.39531250000000007 0.840625 0.46093750000000017 0.8625 0.46093750000000017
2 0.93125 0.3968750000000001 0.9140625 0.3968750000000001 0.9140625 0.4312500000000002 0.93125 0.4312500000000002
3 0.6375 0.38750000000000007 0.609375 0.38750000000000007 0.609375 0.4625 0.6375 0.4625