2 0.14843750000000008 0.6421875 0.0984375000000001 0.6421875 0.0984375000000001 0.7625 0.14843750000000008 0.7625
1 0.2093750000000001 0.496875 0.16093750000000004 0.496875 0.16093750000000007 0.6171875 0.2093750000000001 0.6171875
2 0.3687500000000001 0.6734375 0.34062500000000007 0.6734375 0.34062500000000007 0.8125 0.3687500000000001 0.8125
2 0.2734375000000001 0.609375 0.2234375000000001 0.609375 0.2234375000000001 0.7046875 0.2734375000000001 0.7046875
2 0.19062500000000004 0.3125 0.15937500000000004 0.3125 0.15937500000000004 0.4296875 0.19062500000000004 0.4296875
2 0.4078125000000002 0.7640625 0.37187500000000007 0.7640625 0.37187500000000007 0.896875 0.4078125000000002 0.896875
2 0.45 0.5 0.415625 0.5 0.415625 0.63125 0.45 0.63125
2 0.4515625 0.403125 0.421875 0.403125 0.421875 0.5171875 0.4515625 0.5171875
0 0.4390625 0.3578125000000001 0.4234375 0.3578125000000001 0.4234375 0.4046875 0.4390625 0.4046875
2 0.24531250000000004 0.3625 0.2140625 0.3625 0.21406250000000004 0.4625 0.2453125000000001 0.4625
2 0.4921875 0.5703125 0.4546875 0.5703125 0.4546875 0.684375 0.4921875 0.684375
2 0.5953125000000001 0.6921875 0.559375 0.6921875 0.5593750000000001 0.809375 0.5953125000000001 0.809375
2 0.671875 0.5390625 0.640625 0.5390625 0.640625 0.64375 0.671875 0.64375
1 0.725 0.475 0.696875 0.475 0.696875 0.5640625 0.725 0.5640625
2 0.2687500000000001 0.4375 0.2468750000000001 0.4375 0.2468750000000001 0.5375 0.2687500000000001 0.5375
2 0.2953125000000001 0.4640625 0.2671875000000001 0.4640625 0.2671875000000001 0.559375 0.2953125000000001 0.559375
2 0.2765625000000001 0.5296875 0.24375000000000008 0.5296875 0.24375000000000008 0.6484375 0.2765625000000001 0.6484375