1 0.80625 0.1765625000000001 0.690625 0.1765625000000001 0.690625 0.19531250000000008 0.80625 0.19531250000000008
2 0.7859375 0.01875000000000009 0.6640625 0.018750000000000083 0.6640625 0.04375000000000009 0.7859375 0.0437500000000001
2 0.590625 0.14687500000000006 0.4625 0.14687500000000003 0.4625 0.17500000000000007 0.590625 0.1750000000000001
3 0.5140625 0.11718750000000004 0.3734375 0.11718750000000004 0.3734375 0.15781250000000005 0.5140625 0.15781250000000005
2 0.6984375 0.2093750000000001 0.5875 0.2093750000000001 0.5875 0.2406250000000001 0.6984375 0.2406250000000001
2 0.5296875 0.3734375000000001 0.4078125 0.3734375000000001 0.4078125 0.4046875 0.5296875 0.4046875
2 0.5796875 0.4625 0.4453125 0.4625 0.4453125 0.496875 0.5796875 0.496875
2 0.5234375 0.5359375 0.39531250000000007 0.5359375 0.39531250000000007 0.5671875 0.5234375 0.5671875
2 0.3828125000000001 0.546875 0.28593750000000007 0.546875 0.28593750000000007 0.5625 0.3828125000000001 0.5625
2 0.3750000000000001 0.5578125 0.27812500000000007 0.5578125 0.27812500000000007 0.5765625 0.3750000000000001 0.5765625
0 0.38750000000000007 0.5796875 0.35625000000000007 0.5796875 0.35625000000000007 0.5953125 0.38750000000000007 0.5953125
2 0.4578125 0.6296875 0.30937500000000007 0.6296875 0.30937500000000007 0.6609375 0.4578125 0.6609375
2 0.5109375000000002 0.753125 0.3984375000000001 0.753125 0.3984375000000001 0.7875 0.5109375000000002 0.7875
2 0.4500000000000002 0.74375 0.3390625000000001 0.74375 0.3390625000000001 0.796875 0.4500000000000002 0.796875