3 0.16562500000000005 0.275 0.14375000000000004 0.275 0.14375000000000004 0.3765625 0.16562500000000005 0.3765625
2 0.2109375 0.18593750000000003 0.18906250000000005 0.18593750000000003 0.18906250000000005 0.2796875 0.2109375 0.2796875
2 0.35000000000000003 0.3078125 0.3265625 0.3078125 0.32656250000000003 0.4140625 0.3500000000000001 0.4140625
2 0.3578125000000001 0.4015625 0.3281250000000001 0.4015625 0.3281250000000001 0.490625 0.3578125000000001 0.490625
2 0.659375 0.484375 0.634375 0.484375 0.634375 0.5828125 0.659375 0.5828125
2 0.61875 0.434375 0.5953125 0.434375 0.5953125 0.5375 0.61875 0.5375
2 0.5859375 0.3234375000000001 0.5515625 0.3234375000000001 0.5515625 0.4296875 0.5859375 0.4296875
2 0.515625 0.2375000000000001 0.4953125 0.2375000000000001 0.4953125 0.3281250000000001 0.515625 0.3281250000000001
2 0.5375 0.26250000000000007 0.5109375 0.26250000000000007 0.5109375 0.3390625000000001 0.5375 0.3390625000000001
2 0.540625 0.2406250000000001 0.5234375 0.2406250000000001 0.5234375 0.3203125000000001 0.540625 0.3203125000000001
2 0.6171875 0.3593750000000001 0.5890625 0.3593750000000001 0.5890625 0.4484375 0.6171875 0.4484375
1 0.6765625 0.3265625000000001 0.6375 0.3265625000000001 0.6375 0.4 0.6765625 0.4
0 0.6171875 0.3531250000000001 0.6046875 0.3531250000000001 0.6046875 0.3750000000000001 0.6171875 0.3750000000000001