2 0.6312500000000001 0.6984375 0.5546875 0.6984375 0.5546875000000001 0.84375 0.6312500000000002 0.84375
2 0.5140625000000001 0.6671875 0.3828125000000001 0.6671875 0.3828125000000001 0.8328125 0.5140625000000002 0.8328125
3 0.3078125000000001 0.53125 0.27812500000000007 0.53125 0.27812500000000007 0.70625 0.3078125000000001 0.70625
2 0.5078125 0.4296875 0.4828125 0.4296875 0.4828125 0.6015625 0.5078125 0.6015625
2 0.4203125 0.4453125 0.3750000000000001 0.4453125 0.3750000000000001 0.54375 0.4203125 0.54375
2 0.32500000000000007 0.3953125 0.2843750000000001 0.3953125 0.2843750000000001 0.55 0.32500000000000007 0.55
2 0.25468750000000007 0.3671875 0.19843750000000004 0.3671875 0.19843750000000004 0.496875 0.25468750000000007 0.496875
2 0.22812500000000008 0.490625 0.19375000000000003 0.490625 0.19375000000000006 0.6109375 0.22812500000000008 0.6109375
2 0.04218750000000006 0.4234375 0.0015625000000000521 0.4234375 0.0015625000000000608 0.565625 0.042187500000000065 0.565625
2 0.08593750000000008 0.6234375 0.04062500000000008 0.6234375 0.04062500000000009 0.8546875 0.08593750000000011 0.8546875
2 0.1828125000000001 0.7046875 0.1453125000000001 0.7046875 0.1453125000000001 0.834375 0.1828125000000001 0.834375
2 0.40625 0.3859375000000001 0.3765625000000001 0.3859375000000001 0.3765625000000001 0.484375 0.40625 0.484375
3 0.15156250000000002 0.1296875 0.1015625 0.1296875 0.10156250000000003 0.265625 0.15156250000000004 0.265625
1 0.5796875 0.440625 0.5171875 0.440625 0.5171875 0.509375 0.5796875 0.509375
2 0.7171875 0.49375 0.6640625 0.49375 0.6640625 0.6390625 0.7171875 0.6390625
2 0.9359375 0.5937500000000002 0.8828125 0.5937500000000002 0.8828125 0.6984375000000002 0.9359375 0.6984375000000002
2 0.6875 0.4671875 0.659375 0.4671875 0.659375 0.584375 0.6875 0.584375