2 0.3203125000000001 0.5265625 0.2953125000000001 0.5265625 0.2953125000000001 0.6359375 0.3203125000000001 0.6359375
2 0.2906250000000001 0.815625 0.2500000000000001 0.815625 0.2500000000000001 0.953125 0.2906250000000001 0.953125
2 0.3531250000000001 0.4625 0.3187500000000001 0.4625 0.3187500000000001 0.5578125 0.3531250000000001 0.5578125
2 0.38750000000000007 0.509375 0.3515625000000001 0.509375 0.3515625000000001 0.5953125 0.38750000000000007 0.5953125
2 0.4109375 0.38750000000000007 0.3812500000000001 0.38750000000000007 0.3812500000000001 0.465625 0.4109375 0.465625
2 0.4625 0.32500000000000007 0.4359375 0.32500000000000007 0.4359375 0.3812500000000001 0.4625 0.3812500000000001
2 0.45625 0.2875000000000001 0.43125 0.2875000000000001 0.43125 0.3312500000000001 0.45625 0.3312500000000001
2 0.5718750000000001 0.646875 0.540625 0.646875 0.5406250000000001 0.7578125 0.5718750000000001 0.7578125
2 0.6984375000000002 0.775 0.6625000000000002 0.775 0.6625000000000002 0.9 0.6984375000000002 0.9
2 0.7375 0.5250000000000001 0.7046875 0.525 0.7046875 0.6328125000000001 0.7375 0.6328125000000002
2 0.7359375 0.3531250000000001 0.7078125 0.3531250000000001 0.7078125 0.4359375000000001 0.7359375 0.4359375000000002
2 0.7796875 0.3265625000000001 0.7515625 0.3265625000000001 0.7515625 0.4203125000000002 0.7796875 0.4203125000000002
2 0.8671875 0.3375000000000001 0.840625 0.3375000000000001 0.840625 0.4515625000000002 0.8671875 0.4515625000000002
2 0.790625 0.5171875000000001 0.759375 0.5171875000000001 0.759375 0.6218750000000002 0.790625 0.6218750000000002
2 0.7734375000000002 0.80625 0.7359375000000001 0.80625 0.7359375000000001 0.91875 0.7734375000000002 0.91875
2 1 0.42968750000000017 0.978125 0.42968750000000017 0.978125 0.5156250000000002 1 0.5156250000000002