2 0.9203125 0.6062500000000002 0.8578125 0.6062500000000002 0.8578125 0.7906250000000001 0.9203125 0.7906250000000001
2 0.9625 0.40156250000000016 0.9125 0.40156250000000016 0.9125 0.5734375000000002 0.9625 0.5734375000000002
2 0.9421875 0.3343750000000001 0.9046875 0.3343750000000001 0.9046875 0.46406250000000016 0.9421875 0.46406250000000016
2 0.890625 0.3703125000000001 0.840625 0.3703125000000001 0.840625 0.5031250000000002 0.890625 0.5031250000000002
2 0.6546875 0.4234375 0.6109375 0.4234375 0.6109375 0.55625 0.6546875 0.55625
2 0.5390625 0.5375 0.4828125 0.5375 0.4828125 0.6921875 0.5390625 0.6921875
2 0.5046875 0.509375 0.44375 0.509375 0.44375 0.6515625 0.5046875 0.6515625
2 0.4328125000000001 0.584375 0.37968750000000007 0.584375 0.37968750000000007 0.75625 0.43281250000000016 0.75625
2 0.3109375000000001 0.603125 0.25468750000000007 0.603125 0.25468750000000007 0.76875 0.3109375000000001 0.76875
2 0.4609375 0.4140625 0.4203125 0.4140625 0.4203125 0.5625 0.4609375 0.5625
2 0.846875 0.46093750000000017 0.815625 0.46093750000000017 0.815625 0.5718750000000001 0.846875 0.5718750000000001
3 0.8375 0.5500000000000002 0.790625 0.5500000000000002 0.790625 0.6828125000000002 0.8375 0.6828125000000002
1 0.3296875000000001 0.4609375 0.2953125000000001 0.4609375 0.2953125000000001 0.6 0.3296875000000001 0.6
2 0.66875 0.4421875 0.634375 0.4421875 0.634375 0.546875 0.66875 0.546875