2 0.253125 0.010937500000000025 0.1609375 0.01093750000000002 0.1609375 0.10468750000000002 0.253125 0.10468750000000004
2 0.2296875000000001 0.45625 0.14218750000000005 0.45625 0.14218750000000005 0.54375 0.2296875000000001 0.54375
2 0.3375000000000001 0.371875 0.18906250000000005 0.371875 0.18906250000000005 0.4234375 0.3375000000000001 0.4234375
2 0.50625 0.17656250000000004 0.440625 0.17656250000000004 0.440625 0.24375000000000008 0.50625 0.24375000000000008
2 0.4625 0.2500000000000001 0.409375 0.2500000000000001 0.409375 0.3031250000000001 0.4625 0.3031250000000001
2 0.459375 0.2796875000000001 0.371875 0.2796875000000001 0.371875 0.3078125000000001 0.459375 0.3078125000000001
2 0.4578125 0.2828125000000001 0.4 0.2828125000000001 0.4 0.3421875000000001 0.4578125 0.3421875000000001
2 0.4171875 0.31875000000000003 0.3515625 0.31875 0.35156250000000006 0.38593750000000004 0.4171875 0.3859375000000001
2 0.5125 0.3531250000000001 0.415625 0.3531250000000001 0.415625 0.3859375000000001 0.5125 0.3859375000000001
2 0.4546875 0.37187500000000007 0.3671875000000001 0.37187500000000007 0.3671875000000001 0.3984375000000001 0.4546875 0.3984375000000001
2 0.4390625 0.3859375000000001 0.3765625000000001 0.3859375000000001 0.3765625000000001 0.4484375 0.4390625 0.4484375
2 0.45 0.421875 0.3890625000000001 0.421875 0.3890625000000001 0.4828125 0.45 0.4828125
2 0.4234375 0.4359375 0.3593750000000001 0.4359375 0.3593750000000001 0.5015625 0.4234375 0.5015625
2 0.4140625 0.525 0.3546875000000001 0.525 0.3546875000000001 0.584375 0.4140625 0.584375
1 0.4765625 0.4953125 0.3828125000000001 0.4953125 0.3828125000000001 0.521875 0.4765625 0.521875
3 0.3984375 0.09218750000000005 0.3328125 0.09218750000000005 0.3328125 0.15781250000000005 0.3984375 0.15781250000000005