2 0.5375000000000001 0.69375 0.5 0.69375 0.5000000000000001 0.846875 0.5375000000000002 0.846875
2 0.5890625 0.50625 0.55625 0.50625 0.55625 0.6328125 0.5890625 0.6328125
2 0.6640625 0.4140625 0.6265625 0.4140625 0.6265625 0.534375 0.6640625 0.534375
2 0.725 0.4265625 0.68125 0.4265625 0.68125 0.5421875 0.725 0.5421875
2 0.4859375 0.34062500000000007 0.4515625 0.34062500000000007 0.4515625 0.434375 0.4859375 0.434375
2 0.26406250000000003 0.3453125 0.2234375 0.3453125 0.22343750000000004 0.4546875 0.2640625000000001 0.4546875
2 0.22812500000000008 0.390625 0.20312500000000008 0.390625 0.20312500000000008 0.5 0.22812500000000008 0.5
2 0.20625000000000004 0.3125 0.17656250000000004 0.3125 0.17656250000000004 0.4203125 0.2062500000000001 0.4203125
1 0.5453125 0.3531250000000001 0.4984375 0.3531250000000001 0.4984375 0.4515625 0.5453125 0.4515625
2 0.56875 0.3968750000000001 0.55 0.3968750000000001 0.55 0.5015625 0.56875 0.5015625
2 0.060937500000000054 0.3375 0.02187500000000004 0.3375 0.021875000000000047 0.4578125 0.06093750000000007 0.4578125
2 0.05937500000000003 0.2328125 0.021875000000000026 0.2328125 0.021875000000000037 0.340625 0.059375000000000046 0.340625
2 0.012500000000000048 0.3328125 0.0015625000000000409 0.3328125 0.0015625000000000476 0.440625 0.012500000000000056 0.440625
0 0.609375 0.4078125 0.5890625 0.4078125 0.5890625 0.45 0.609375 0.45