2 0.7515625000000001 0.9390625 0.5453125000000002 0.9390625 0.5453125000000002 0.990625 0.7515625000000001 0.990625
2 0.61875 0.575 0.3843750000000001 0.575 0.3843750000000001 0.61875 0.61875 0.61875
1 0.4640625 0.32031250000000006 0.3265625 0.3203125 0.32656250000000003 0.4078125 0.4640625 0.4078125
0 0.3531250000000001 0.490625 0.2750000000000001 0.490625 0.2750000000000001 0.5375 0.3531250000000001 0.5375
3 0.7765625 0.4375000000000001 0.6015625 0.4375 0.6015625 0.4718750000000001 0.7765625 0.47187500000000016
2 0.9296875 0.5359375000000002 0.81875 0.5359375000000002 0.81875 0.5859375000000002 0.9296875 0.5859375000000002
2 0.934375 0.49218750000000017 0.8046875 0.49218750000000017 0.8046875 0.5203125000000002 0.934375 0.5203125000000002
2 0.9953125 0.1984375000000001 0.8796875 0.1984375000000001 0.8796875 0.2328125000000001 0.9953125 0.2328125000000001
2 0.95 0.1515625000000001 0.803125 0.1515625000000001 0.803125 0.17656250000000012 0.95 0.17656250000000012
2 0.76875 0.10312500000000009 0.5875 0.10312500000000009 0.5875 0.15625000000000008 0.76875 0.15625000000000008
2 0.7296875 0.2453125000000001 0.5328125 0.2453125000000001 0.5328125 0.2921875000000001 0.7296875 0.2921875000000001
2 0.65625 0.27812500000000007 0.459375 0.27812500000000007 0.459375 0.3156250000000001 0.65625 0.3156250000000001
2 0.5734375 0.20468750000000008 0.4046875 0.20468750000000008 0.4046875 0.28593750000000007 0.5734375 0.28593750000000007
2 0.5984375 0.17500000000000007 0.3921875 0.17500000000000004 0.3921875 0.2406250000000001 0.5984375 0.2406250000000001
2 0.5765625 0.07656250000000006 0.4015625 0.07656250000000005 0.4015625 0.14218750000000008 0.5765625 0.14218750000000008