2 0.2500000000000001 0.4421875 0.2000000000000001 0.4421875 0.2000000000000001 0.5578125 0.2500000000000001 0.5578125
0 0.44375 0.3359375000000001 0.409375 0.3359375000000001 0.409375 0.3921875000000001 0.44375 0.3921875000000001
2 0.509375 0.2890625000000001 0.4515625 0.2890625000000001 0.4515625 0.3968750000000001 0.509375 0.3968750000000001
2 0.575 0.23437500000000008 0.534375 0.23437500000000008 0.534375 0.3296875000000001 0.575 0.3296875000000001
2 0.59375 0.3109375000000001 0.5375 0.3109375000000001 0.5375 0.3968750000000001 0.59375 0.3968750000000001
2 0.6734375 0.2812500000000001 0.6265625 0.2812500000000001 0.6265625 0.3656250000000001 0.6734375 0.3656250000000001
2 0.46875 0.528125 0.4078125 0.528125 0.4078125 0.6765625 0.46875 0.6765625
2 0.596875 0.571875 0.5296875 0.571875 0.5296875 0.7171875 0.596875 0.7171875
2 0.7234375000000002 0.8078125 0.6515625000000002 0.8078125 0.6515625000000002 0.9828125 0.7234375000000002 0.9828125
3 0.85625 0.5015625000000001 0.809375 0.5015625000000001 0.809375 0.6390625000000002 0.85625 0.6390625000000002
3 0.434375 0.18750000000000006 0.4078125 0.18750000000000006 0.4078125 0.2890625000000001 0.434375 0.2890625000000001