2 0.5000000000000001 0.69375 0.4625 0.69375 0.4625000000000001 0.846875 0.5000000000000002 0.846875
2 0.44375 0.50625 0.4109375 0.50625 0.4109375 0.6328125 0.44375 0.6328125
2 0.3750000000000001 0.4140625 0.3375000000000001 0.4140625 0.3375000000000001 0.534375 0.3750000000000001 0.534375
2 0.3187500000000001 0.4265625 0.2750000000000001 0.4265625 0.2750000000000001 0.5421875 0.3187500000000001 0.5421875
2 0.55 0.34062500000000007 0.515625 0.34062500000000007 0.515625 0.434375 0.55 0.434375
2 0.778125 0.3453125000000001 0.7375 0.3453125000000001 0.7375 0.4546875000000002 0.778125 0.4546875000000002
2 0.7984375 0.3906250000000001 0.7734375 0.3906250000000001 0.7734375 0.5000000000000002 0.7984375 0.5000000000000002
2 0.825 0.3140625000000001 0.7953125 0.3140625000000001 0.7953125 0.4203125000000002 0.825 0.4203125000000002
1 0.503125 0.3531250000000001 0.45625 0.3531250000000001 0.45625 0.45 0.503125 0.45
2 0.4515625 0.3968750000000001 0.4328125 0.3968750000000001 0.4328125 0.5015625 0.4515625 0.5015625
2 0.978125 0.3375000000000001 0.940625 0.3375000000000001 0.940625 0.4578125000000002 0.978125 0.4578125000000002
2 0.9796875 0.2328125000000001 0.9421875 0.2328125000000001 0.9421875 0.3390625000000001 0.9796875 0.3390625000000001
2 1 0.33281250000000007 0.9890625 0.33281250000000007 0.9890625 0.4390625000000002 1 0.4390625000000002
0 0.4109375 0.4078125 0.3921875000000001 0.4078125 0.3921875000000001 0.45 0.4109375 0.45