2 0.8515625 0.4906250000000002 0.80625 0.4906250000000002 0.80625 0.6125000000000002 0.8515625 0.6125000000000002
2 0.6984375 0.484375 0.665625 0.484375 0.665625 0.6109375 0.6984375 0.6109375
2 0.728125 0.4828125000000001 0.6890625 0.4828125 0.6890625 0.5796875000000001 0.728125 0.5796875000000001
2 0.65 0.465625 0.6140625 0.465625 0.6140625 0.6109375 0.65 0.6109375
2 0.5859375 0.41875 0.5515625 0.41875 0.5515625 0.51875 0.5859375 0.51875
1 0.5765625 0.3656250000000001 0.5390625 0.3656250000000001 0.5390625 0.44375 0.5765625 0.44375
2 0.4421875 0.3703125000000001 0.4125 0.3703125000000001 0.4125 0.4625 0.4421875 0.4625
2 0.496875 0.5125 0.4546875 0.5125 0.4546875 0.653125 0.496875 0.653125
2 0.4421875 0.46875 0.3781250000000001 0.46875 0.3781250000000001 0.5875 0.4421875 0.5875
2 0.3671875000000001 0.36406250000000007 0.3296875000000001 0.3640625 0.3296875000000001 0.4578125 0.3671875000000001 0.4578125
2 0.26250000000000007 0.3984375 0.2375000000000001 0.3984375 0.2375000000000001 0.5171875 0.26250000000000007 0.5171875
2 0.31093750000000003 0.3421875 0.284375 0.3421875 0.28437500000000004 0.446875 0.3109375000000001 0.446875
3 0.3765625000000001 0.5578125 0.3187500000000001 0.5578125 0.3187500000000001 0.6984375 0.3765625000000001 0.6984375
2 0.14218750000000005 0.353125 0.10468750000000004 0.353125 0.10468750000000004 0.46875 0.14218750000000005 0.46875
2 0.09843750000000004 0.328125 0.07343750000000004 0.328125 0.07343750000000004 0.4375 0.09843750000000004 0.4375
0 0.796875 0.5562500000000001 0.7765625 0.5562500000000001 0.7765625 0.5875000000000001 0.796875 0.5875000000000001