2 0.3062500000000001 0.4390625 0.26250000000000007 0.4390625 0.26250000000000007 0.6015625 0.3062500000000001 0.6015625
2 0.2531250000000001 0.4 0.22031250000000008 0.4 0.22031250000000008 0.51875 0.2531250000000001 0.51875
2 0.15156250000000007 0.45 0.10781250000000005 0.45 0.10781250000000006 0.6171875 0.1515625000000001 0.6171875
2 0.61875 0.5015625 0.58125 0.5015625 0.58125 0.66875 0.61875 0.66875
2 0.421875 0.446875 0.3765625000000001 0.446875 0.3765625000000001 0.5203125 0.421875 0.5203125
2 0.3828125000000001 0.36406250000000007 0.3531250000000001 0.3640625 0.3531250000000001 0.471875 0.3828125000000001 0.471875
2 0.5125 0.37187500000000007 0.4875 0.37187500000000007 0.4875 0.4796875 0.5125 0.4796875
2 0.559375 0.3812500000000001 0.521875 0.3812500000000001 0.521875 0.50625 0.559375 0.50625
2 0.6453125 0.3281250000000001 0.5921875 0.3281250000000001 0.5921875 0.4515625 0.6453125 0.4515625
2 0.6484375 0.37187500000000007 0.61875 0.37187500000000007 0.61875 0.496875 0.6484375 0.496875
2 0.6390625 0.4484375 0.6046875 0.4484375 0.6046875 0.5921875 0.6390625 0.5921875
2 0.678125 0.3234375000000001 0.65 0.3234375000000001 0.65 0.45 0.678125 0.45
2 0.7640625 0.30937500000000007 0.7390625 0.30937500000000007 0.7390625 0.4156250000000002 0.7640625 0.4156250000000002
2 0.9984375 0.3968750000000001 0.978125 0.3968750000000001 0.978125 0.5296875000000002 0.9984375 0.5296875000000002
0 0.475 0.4171875 0.4609375 0.4171875 0.4609375 0.4421875 0.475 0.4421875
1 0.4625 0.3359375000000001 0.3984375 0.3359375000000001 0.39843750000000006 0.43125 0.4625 0.43125
3 0.08281250000000008 0.5375 0.032812500000000064 0.5375 0.03281250000000008 0.7125 0.0828125000000001 0.7125