0 0.671875 0.26250000000000007 0.6015625 0.26250000000000007 0.6015625 0.3156250000000001 0.671875 0.3156250000000001
2 0.5281250000000002 0.7828125 0.3984375000000001 0.7828125 0.3984375000000001 0.8140625 0.5281250000000002 0.8140625
2 0.5296875000000002 0.7625 0.4281250000000002 0.7625 0.4281250000000002 0.790625 0.5296875000000002 0.790625
2 0.5140625000000001 0.7203125 0.39531250000000007 0.7203125 0.39531250000000007 0.7515625 0.5140625000000002 0.7515625
2 0.4734375 0.6734375 0.3843750000000001 0.6734375 0.3843750000000001 0.7109375 0.4734375 0.7109375
2 0.5796875 0.6390625 0.4078125 0.6390625 0.4078125 0.6828125 0.5796875 0.6828125
1 0.6406250000000001 0.678125 0.4515625 0.678125 0.4515625000000001 0.734375 0.6406250000000002 0.734375
2 0.6203125 0.5296875 0.3859375000000001 0.5296875 0.3859375000000001 0.5984375 0.6203125 0.5984375
2 0.5546875 0.5296875 0.3656250000000001 0.5296875 0.3656250000000001 0.5734375 0.5546875 0.5734375
2 0.771875 0.4515625000000001 0.409375 0.4515625 0.409375 0.5609375000000001 0.771875 0.5609375000000002
2 0.446875 0.49375 0.3859375000000001 0.49375 0.3859375000000001 0.51875 0.446875 0.51875
2 0.4578125 0.3000000000000001 0.378125 0.3000000000000001 0.378125 0.3156250000000001 0.4578125 0.3156250000000001
2 0.4265625 0.2812500000000001 0.3953125 0.2812500000000001 0.3953125 0.3062500000000001 0.4265625 0.3062500000000001
2 0.45625 0.2515625000000001 0.3875 0.2515625000000001 0.3875 0.2796875000000001 0.45625 0.2796875000000001
2 0.6890625 0.17656250000000007 0.3984375 0.17656250000000004 0.3984375 0.2296875000000001 0.6890625 0.2296875000000001
2 0.8109375 0.11406250000000007 0.3390625 0.11406250000000004 0.3390625 0.18281250000000007 0.8109375 0.1828125000000001