2 0.5562500000000001 0.6921875 0.5171875 0.6921875 0.5171875000000001 0.8234375 0.5562500000000001 0.8234375
2 0.7000000000000001 0.615625 0.665625 0.615625 0.6656250000000001 0.7359375 0.7000000000000002 0.7359375
2 0.6625 0.5375 0.634375 0.5375 0.634375 0.665625 0.6625 0.665625
2 0.7546875 0.5421875000000002 0.7296875 0.5421875000000002 0.7296875 0.6390625000000002 0.7546875 0.6390625000000002
2 0.89375 0.5484375000000001 0.875 0.5484375000000001 0.875 0.6453125000000002 0.89375 0.6453125000000002
2 0.8984375 0.5234375000000002 0.8796875 0.5234375000000002 0.8796875 0.6140625000000002 0.8984375 0.6140625000000002
2 0.865625 0.5187500000000002 0.83125 0.5187500000000002 0.83125 0.6062500000000002 0.865625 0.6062500000000002
2 0.7234375 0.44375 0.6890625 0.44375 0.6890625 0.55625 0.7234375 0.55625
2 0.83125 0.4156250000000002 0.809375 0.4156250000000002 0.809375 0.5093750000000001 0.83125 0.5093750000000001
2 0.9015625 0.41718750000000016 0.8703125 0.41718750000000016 0.8703125 0.5109375000000002 0.9015625 0.5109375000000002
2 0.85 0.40937500000000016 0.8203125 0.40937500000000016 0.8203125 0.5000000000000002 0.85 0.5000000000000002
0 0.575 0.540625 0.565625 0.540625 0.565625 0.55625 0.575 0.55625
3 0.8140625 0.3546875000000001 0.7828125 0.3546875000000001 0.7828125 0.44531250000000017 0.8140625 0.44531250000000017
1 0.2750000000000001 0.409375 0.2531250000000001 0.409375 0.2531250000000001 0.5203125 0.2750000000000001 0.5203125