2 0.44375 0.453125 0.4109375 0.453125 0.4109375 0.5734375 0.44375 0.5734375
2 0.28593750000000007 0.44375 0.2500000000000001 0.44375 0.2500000000000001 0.5484375 0.28593750000000007 0.5484375
1 0.3578125000000001 0.4859375 0.3187500000000001 0.4859375 0.3187500000000001 0.559375 0.3578125000000001 0.559375
3 0.4484375000000001 0.6015625 0.3890625000000001 0.6015625 0.3890625000000001 0.75 0.44843750000000016 0.75
2 0.5140625 0.528125 0.4796875 0.528125 0.4796875 0.65 0.5140625 0.65
2 0.5656250000000002 0.8828125 0.5125000000000002 0.8828125 0.5125000000000002 1 0.5656250000000002 1
2 0.40156250000000016 0.7875 0.3625000000000001 0.7875 0.3625000000000001 0.965625 0.40156250000000016 0.965625
2 0.7265625000000001 0.64375 0.675 0.64375 0.675 0.8 0.7265625000000002 0.8
2 0.8640625 0.6437500000000002 0.8234375 0.6437500000000002 0.8234375 0.8046875 0.8640625 0.8046875
2 1 0.7312500000000002 0.9625 0.7312500000000002 0.9625 0.89375 1 0.89375
2 0.9890625 0.5093750000000001 0.965625 0.5093750000000001 0.965625 0.6437500000000002 0.9890625 0.6437500000000002