2 0.4812500000000002 0.8671875 0.4203125000000002 0.8671875 0.4203125000000002 1 0.4812500000000002 1
2 0.3203125000000001 0.459375 0.2671875000000001 0.459375 0.2671875000000001 0.575 0.3203125000000001 0.575
2 0.2500000000000001 0.484375 0.2140625000000001 0.484375 0.2140625000000001 0.6046875 0.2500000000000001 0.6046875
2 0.09218750000000006 0.459375 0.05312500000000007 0.459375 0.05312500000000007 0.5890625 0.09218750000000006 0.5890625
2 0.11718750000000007 0.43125 0.07812500000000004 0.43125 0.07812500000000006 0.5609375 0.11718750000000008 0.5609375
2 0.4578125 0.37968750000000007 0.41875 0.37968750000000007 0.41875 0.4953125 0.4578125 0.4953125
2 0.446875 0.32500000000000007 0.4078125 0.32500000000000007 0.4078125 0.425 0.446875 0.425
2 0.809375 0.33281250000000007 0.775 0.33281250000000007 0.775 0.4703125000000002 0.809375 0.4703125000000002
2 0.703125 0.2828125000000001 0.6703125 0.2828125000000001 0.6703125 0.3687500000000001 0.703125 0.3687500000000001
2 0.7921875 0.2828125000000001 0.75625 0.2828125000000001 0.75625 0.3843750000000001 0.7921875 0.3843750000000001
2 0.5546875 0.2828125000000001 0.528125 0.2828125000000001 0.528125 0.3578125000000001 0.5546875 0.3578125000000001
2 0.5453125 0.24218750000000008 0.5203125 0.24218750000000008 0.5203125 0.3265625000000001 0.5453125 0.3265625000000001
3 0.490625 0.51875 0.4515625 0.51875 0.4515625 0.65625 0.490625 0.65625
3 0.546875 0.19531250000000006 0.5171875 0.19531250000000006 0.5171875 0.2734375000000001 0.546875 0.2734375000000001
0 0.78125 0.35625000000000007 0.76875 0.35625000000000007 0.76875 0.38750000000000007 0.78125 0.38750000000000007