2 0.3062500000000001 0.4625 0.15312500000000004 0.4625 0.15312500000000004 0.5 0.3062500000000001 0.5
2 0.4953125 0.4109375 0.3687500000000001 0.4109375 0.3687500000000001 0.44375 0.4953125 0.44375
2 0.5859375 0.3375000000000001 0.465625 0.3375000000000001 0.465625 0.3750000000000001 0.5859375 0.3750000000000001
2 0.5734375 0.2750000000000001 0.4578125 0.2750000000000001 0.4578125 0.3187500000000001 0.5734375 0.3187500000000001
2 0.6609375 0.515625 0.5671875 0.515625 0.5671875 0.55 0.6609375 0.55
2 0.6562500000000002 0.7375 0.5468750000000002 0.7375 0.5468750000000002 0.778125 0.6562500000000002 0.778125
2 0.6109375000000001 0.7734375 0.5015625000000001 0.7734375 0.5015625000000001 0.7984375 0.6109375000000001 0.7984375
2 0.6875000000000002 0.7953125 0.5812500000000002 0.7953125 0.5812500000000002 0.825 0.6875000000000002 0.825
1 0.646875 0.45625 0.55 0.45625 0.55 0.503125 0.646875 0.503125
2 0.6046875 0.4328125 0.5 0.4328125 0.5 0.4515625 0.6046875 0.4515625
2 0.6625000000000002 0.940625 0.5421875000000002 0.940625 0.5421875000000002 0.9796875 0.6625000000000002 0.9796875
2 0.7671875000000001 0.9421875 0.6609375000000002 0.9421875 0.6609375000000002 0.9796875 0.7671875000000001 0.9796875
2 0.6671875000000002 0.9890625 0.5609375000000002 0.9890625 0.5609375000000002 1 0.6671875000000002 1
0 0.5921875 0.3921875000000001 0.55 0.3921875000000001 0.55 0.4109375 0.5921875 0.4109375