2 0.053125000000000054 0.4015625 0.01250000000000005 0.4015625 0.012500000000000058 0.525 0.05312500000000007 0.525
2 0.04843750000000007 0.50625 0.014062500000000061 0.50625 0.01406250000000007 0.6203125 0.04843750000000008 0.6203125
2 0.0765625000000001 0.728125 0.04531250000000009 0.728125 0.045312500000000096 0.8484375 0.07656250000000012 0.8484375
2 0.2078125000000001 0.4046875 0.16875000000000004 0.4046875 0.16875000000000004 0.515625 0.2078125000000001 0.515625
2 0.3046875000000001 0.559375 0.2609375000000001 0.559375 0.2609375000000001 0.6890625 0.3046875000000001 0.6890625
2 0.5734375 0.4140625 0.5328125 0.4140625 0.5328125 0.51875 0.5734375 0.51875
2 0.5984375000000001 0.6296875 0.5640625 0.6296875 0.5640625000000001 0.75 0.5984375000000002 0.75
2 0.71875 0.503125 0.6796875 0.503125 0.6796875 0.6609375 0.71875 0.6609375
2 0.7718750000000001 0.5984375000000001 0.7171875 0.5984375 0.7171875000000001 0.7500000000000001 0.7718750000000002 0.7500000000000002
2 0.528125 0.3515625000000001 0.490625 0.3515625000000001 0.490625 0.4453125 0.528125 0.4453125
2 0.45 0.2968750000000001 0.409375 0.2968750000000001 0.409375 0.4078125 0.45 0.4078125
2 0.4 0.2843750000000001 0.371875 0.2843750000000001 0.37187500000000007 0.3656250000000001 0.4 0.3656250000000001
2 0.403125 0.43125 0.3734375000000001 0.43125 0.3734375000000001 0.515625 0.403125 0.515625
1 0.9234375 0.4390625000000002 0.8640625 0.4390625000000002 0.8640625 0.5843750000000002 0.9234375 0.5843750000000002
3 0.3031250000000001 0.4390625 0.2453125000000001 0.4390625 0.2453125000000001 0.55 0.3031250000000001 0.55
0 0.6203125 0.6828125 0.59375 0.6828125 0.5937500000000001 0.753125 0.6203125000000002 0.753125
2 0.48125 0.3218750000000001 0.4421875 0.3218750000000001 0.4421875 0.4203125 0.48125 0.4203125
2 0.659375 0.559375 0.6203125 0.559375 0.6203125 0.6671875 0.659375 0.6671875
2 0.5906250000000001 0.6859375 0.55625 0.6859375 0.5562500000000001 0.796875 0.5906250000000002 0.796875