2 0.9671875 0.5500000000000002 0.9296875 0.5500000000000002 0.9296875 0.6796875000000002 0.9671875 0.6796875000000002
2 0.6546875 0.5296875 0.6203125 0.5296875 0.6203125 0.6421875 0.6546875 0.6421875
2 0.5640625 0.5140625 0.5359375 0.5140625 0.5359375 0.6359375 0.5640625 0.6359375
2 0.7375 0.41875000000000007 0.709375 0.41875 0.709375 0.5250000000000001 0.7375 0.5250000000000001
2 0.6828125 0.3531250000000001 0.6578125 0.3531250000000001 0.6578125 0.446875 0.6828125 0.446875
3 0.6109375 0.3859375000000001 0.5859375 0.3859375000000001 0.5859375 0.4890625 0.6109375 0.4890625
2 0.58125 0.25468750000000007 0.553125 0.25468750000000007 0.553125 0.34843750000000007 0.58125 0.34843750000000007
2 0.4453125 0.2140625000000001 0.421875 0.2140625000000001 0.421875 0.2921875000000001 0.4453125 0.2921875000000001
2 0.540625 0.2218750000000001 0.51875 0.2218750000000001 0.51875 0.3000000000000001 0.540625 0.3000000000000001
2 0.30937500000000007 0.5734375 0.27812500000000007 0.5734375 0.27812500000000007 0.7046875 0.30937500000000007 0.7046875
2 0.30468750000000006 0.296875 0.28125 0.296875 0.28125000000000006 0.38125 0.3046875000000001 0.38125
2 0.1453125000000001 0.5453125 0.10781250000000009 0.5453125 0.10781250000000009 0.6890625 0.1453125000000001 0.6890625
2 0.08906250000000003 0.221875 0.04062500000000002 0.221875 0.04062500000000003 0.296875 0.08906250000000004 0.296875
0 0.33125000000000004 0.3546875 0.3125 0.3546875 0.31250000000000006 0.3765625 0.3312500000000001 0.3765625