3 0.2671875000000001 0.490625 0.22031250000000008 0.490625 0.22031250000000008 0.709375 0.2671875000000001 0.709375
2 0.1843750000000001 0.6484375 0.13437500000000008 0.6484375 0.13437500000000008 0.8328125 0.1843750000000001 0.8328125
2 0.5015625 0.4265625 0.4328125 0.4265625 0.4328125 0.6140625 0.5015625 0.6140625
2 0.4078125 0.3281250000000001 0.3734375 0.3281250000000001 0.37343750000000003 0.4796875 0.4078125 0.4796875
2 0.553125 0.3609375000000001 0.5125 0.3609375000000001 0.5125 0.478125 0.553125 0.478125
2 0.575 0.2875000000000001 0.5375 0.2875000000000001 0.5375 0.4078125 0.575 0.4078125
2 0.6671875 0.503125 0.6234375 0.503125 0.6234375 0.7 0.6671875 0.7
2 0.7203125 0.4796875 0.690625 0.4796875 0.690625 0.6828125 0.7203125 0.6828125
2 0.771875 0.5062500000000001 0.7125 0.50625 0.7125 0.6875000000000001 0.771875 0.6875000000000002
2 0.7578125 0.3546875000000001 0.7265625 0.3546875000000001 0.7265625 0.4968750000000002 0.7578125 0.4968750000000002
2 0.6953125 0.3921875000000001 0.6703125 0.3921875000000001 0.6703125 0.521875 0.6953125 0.521875
1 0.6765625 0.3671875000000001 0.6390625 0.3671875000000001 0.6390625 0.49375 0.6765625 0.49375
2 0.640625 0.4109375 0.60625 0.4109375 0.60625 0.55625 0.640625 0.55625
2 0.6453125 0.2968750000000001 0.6171875 0.2968750000000001 0.6171875 0.3843750000000001 0.6453125 0.3843750000000001