2 0.05156250000000005 0.4453125 0.003125000000000054 0.4453125 0.003125000000000063 0.5921875 0.05156250000000007 0.5921875
3 0.10312500000000006 0.4703125 0.06406250000000006 0.4703125 0.06406250000000006 0.6171875 0.10312500000000009 0.6171875
3 0.16718750000000007 0.4765625 0.11250000000000004 0.4765625 0.11250000000000007 0.640625 0.1671875000000001 0.640625
3 0.2750000000000001 0.5203125 0.2093750000000001 0.5203125 0.2093750000000001 0.6546875 0.2750000000000001 0.6546875
3 0.42656250000000007 0.7015625 0.3515625000000001 0.7015625 0.3515625000000001 0.903125 0.4265625000000002 0.903125
3 0.46875 0.5671875 0.4390625 0.5671875 0.4390625 0.7125 0.46875 0.7125
3 0.6921875 0.5359375 0.6328125 0.5359375 0.6328125 0.69375 0.6921875 0.69375
3 0.621875 0.4734375 0.5984375 0.4734375 0.5984375 0.596875 0.621875 0.596875
3 0.5515625 0.4734375 0.509375 0.4734375 0.509375 0.609375 0.5515625 0.609375
3 0.5 0.4640625 0.453125 0.4640625 0.453125 0.5984375 0.5 0.5984375
3 0.3859375000000001 0.4578125 0.3343750000000001 0.4578125 0.3343750000000001 0.5828125 0.3859375000000001 0.5828125
3 0.4390625 0.5234375 0.40625 0.5234375 0.40625 0.6375 0.4390625 0.6375
3 0.4125 0.4328125 0.3781250000000001 0.4328125 0.3781250000000001 0.5484375 0.4125 0.5484375