2 0.9015625 0.29375000000000007 0.7015625 0.29375000000000007 0.7015625 0.3437500000000001 0.9015625 0.3437500000000001
2 0.765625 0.11875000000000009 0.590625 0.11875000000000009 0.590625 0.15625000000000008 0.765625 0.15625000000000008
2 0.628125 0.2578125000000001 0.490625 0.2578125000000001 0.490625 0.2953125000000001 0.628125 0.2953125000000001
2 0.6890625000000001 0.7546875 0.5359375000000002 0.7546875 0.5359375000000002 0.7953125 0.6890625000000001 0.7953125
3 0.6062500000000001 0.7109375 0.459375 0.7109375 0.4593750000000001 0.7484375 0.6062500000000002 0.7484375
2 0.5515625 0.3265625000000001 0.4171875 0.3265625000000001 0.4171875 0.3734375000000001 0.5515625 0.3734375000000001
2 0.5640625 0.4 0.425 0.4 0.425 0.4515625 0.5640625 0.4515625
2 0.5046875 0.3531250000000001 0.39375 0.3531250000000001 0.39375000000000004 0.3828125000000001 0.5046875 0.3828125000000001
2 0.4921875 0.44375 0.3765625000000001 0.44375 0.3765625000000001 0.478125 0.4921875 0.478125
2 0.4875 0.503125 0.3750000000000001 0.503125 0.3750000000000001 0.559375 0.4875 0.559375
2 0.45 0.5390625 0.3593750000000001 0.5390625 0.3593750000000001 0.5609375 0.45 0.5609375
2 0.425 0.615625 0.33281250000000007 0.615625 0.33281250000000007 0.653125 0.425 0.653125
2 0.415625 0.6625 0.3140625000000001 0.6625 0.3140625000000001 0.6890625 0.415625 0.6890625
2 0.5031250000000002 0.790625 0.3734375000000001 0.790625 0.3734375000000001 0.8296875 0.5031250000000002 0.8296875
2 0.46875000000000017 0.8578125 0.3515625000000001 0.8578125 0.3515625000000001 0.8859375 0.46875000000000017 0.8859375
3 0.3375000000000001 0.915625 0.2656250000000001 0.915625 0.2656250000000001 0.940625 0.3375000000000001 0.940625
1 0.4765625 0.15937500000000004 0.3640625 0.15937500000000004 0.3640625 0.2015625000000001 0.4765625 0.2015625000000001