2 0.14531250000000012 0.8609375 0.09218750000000012 0.8609375 0.09218750000000012 1 0.14531250000000012 1
2 0.1921875000000001 0.6171875 0.1359375000000001 0.6171875 0.1359375000000001 0.765625 0.1921875000000001 0.765625
2 0.3203125000000001 0.6953125 0.2734375000000001 0.6953125 0.2734375000000001 0.9046875 0.3203125000000001 0.9046875
2 0.4500000000000002 0.759375 0.40937500000000016 0.759375 0.40937500000000016 0.8828125 0.4500000000000002 0.8828125
2 0.4828125 0.6203125 0.45 0.6203125 0.45 0.721875 0.4828125 0.721875
2 0.5250000000000001 0.6640625 0.4953125 0.6640625 0.4953125000000001 0.765625 0.5250000000000001 0.765625
2 0.6218750000000001 0.6203125 0.56875 0.6203125 0.5687500000000001 0.728125 0.6218750000000002 0.728125
2 0.659375 0.5875 0.6109375 0.5875 0.6109375 0.7171875 0.659375 0.7171875
2 0.578125 0.5125 0.5375 0.5125 0.5375 0.6265625 0.578125 0.6265625
2 0.4859375 0.4578125 0.4359375 0.4578125 0.4359375 0.584375 0.4859375 0.584375
2 0.2312500000000001 0.4359375 0.19375000000000003 0.4359375 0.19375000000000003 0.534375 0.2312500000000001 0.534375
1 0.6546875 0.4328125 0.6140625 0.4328125 0.6140625 0.534375 0.6546875 0.534375
2 0.4859375 0.425 0.4640625 0.425 0.4640625 0.51875 0.4859375 0.51875