2 0.5484375000000001 0.8265625 0.4859375000000002 0.8265625 0.4859375000000002 0.8890625 0.5484375000000001 0.8890625
2 0.8796875 0.825 0.7453125000000002 0.825 0.7453125000000002 0.884375 0.8796875 0.884375
2 0.6375000000000001 0.703125 0.5765625 0.703125 0.5765625000000001 0.7625 0.6375000000000002 0.7625
2 0.7453125 0.6937500000000001 0.6515625 0.69375 0.6515625 0.7390625000000001 0.7453125000000002 0.7390625000000002
2 0.5671875 0.6234375 0.4703125 0.6234375 0.4703125 0.6671875 0.5671875 0.6671875
2 0.4531250000000001 0.675 0.3890625000000001 0.675 0.3890625000000001 0.7390625 0.45312500000000017 0.7390625
2 0.5234375 0.590625 0.4640625 0.590625 0.4640625 0.6515625 0.5234375 0.6515625
2 0.4796875 0.4125 0.40625 0.4125 0.40625 0.44375 0.4796875 0.44375
2 0.5453125 0.3375000000000001 0.4875 0.3375000000000001 0.4875 0.39531250000000007 0.5453125 0.39531250000000007
2 0.68125 0.446875 0.5796875 0.446875 0.5796875 0.55 0.68125 0.55
3 0.6484375 0.5 0.584375 0.5 0.584375 0.565625 0.6484375 0.565625
2 0.5515625 0.5296875 0.4625 0.5296875 0.4625 0.5671875 0.5515625 0.5671875
2 0.4109375 0.5203125 0.3625000000000001 0.5203125 0.3625000000000001 0.54375 0.4109375 0.54375
2 0.6359375 0.27031250000000007 0.5578125 0.27031250000000007 0.5578125 0.34843750000000007 0.6359375 0.34843750000000007
2 0.5515625 0.2671875000000001 0.4890625 0.2671875000000001 0.4890625 0.3296875000000001 0.5515625 0.3296875000000001
2 0.4484375 0.19687500000000005 0.3875 0.19687500000000005 0.3875 0.2578125000000001 0.4484375 0.2578125000000001
2 0.840625 0.13437500000000008 0.7203125 0.13437500000000008 0.7203125 0.2562500000000001 0.840625 0.2562500000000001
3 0.9875 0.3984375000000001 0.90625 0.3984375000000001 0.90625 0.4781250000000002 0.9875 0.4781250000000002