2 0.5921875 0.21093750000000008 0.5609375 0.21093750000000008 0.5609375 0.3000000000000001 0.5921875 0.3000000000000001
2 0.775 0.2718750000000001 0.734375 0.2718750000000001 0.734375 0.3812500000000001 0.775 0.3812500000000001
2 0.5109375 0.3296875000000001 0.4828125 0.3296875000000001 0.4828125 0.36406250000000007 0.5109375 0.36406250000000007
2 0.490625 0.3156250000000001 0.453125 0.3156250000000001 0.453125 0.4125 0.490625 0.4125
2 0.22656250000000008 0.425 0.18593750000000003 0.425 0.18593750000000006 0.55625 0.22656250000000008 0.55625
2 0.4015625 0.5609375 0.3703125000000001 0.5609375 0.3703125000000001 0.7125 0.4015625 0.7125
2 0.625 0.578125 0.5875 0.578125 0.5875 0.7125 0.625 0.7125
2 0.6500000000000001 0.8078125 0.6093750000000002 0.8078125 0.6093750000000002 0.9953125 0.6500000000000001 0.9953125
3 0.4453125 0.16562500000000005 0.4109375 0.16562500000000005 0.4109375 0.2750000000000001 0.4453125 0.2750000000000001
3 0.9125 0.5015625000000001 0.875 0.5015625000000001 0.875 0.6515625000000002 0.9125 0.6515625000000002
0 0.4515625 0.36406250000000007 0.4234375 0.36406250000000007 0.4234375 0.4078125 0.4515625 0.4078125