0 0.3062500000000001 0.51875 0.2593750000000001 0.51875 0.2593750000000001 0.540625 0.3062500000000001 0.540625
2 0.709375 0.6390625 0.515625 0.6390625 0.515625 0.6921875 0.709375 0.6921875
2 0.4750000000000002 0.7546875 0.3125000000000001 0.7546875 0.3125000000000001 0.7828125 0.4750000000000002 0.7828125
2 0.3765625000000001 0.7671875 0.24375000000000008 0.7671875 0.24375000000000008 0.8 0.3765625000000001 0.8
2 0.5640625 0.465625 0.3984375000000001 0.465625 0.3984375000000001 0.525 0.5640625 0.525
2 0.515625 0.384375 0.30937500000000007 0.384375 0.30937500000000007 0.4453125 0.515625 0.4453125
2 0.715625 0.3062500000000001 0.55 0.3062500000000001 0.55 0.3515625000000001 0.715625 0.3515625000000001
2 0.8 0.10312500000000009 0.615625 0.10312500000000009 0.615625 0.1531250000000001 0.8 0.1531250000000001
2 0.590625 0.042187500000000065 0.4390625 0.04218750000000006 0.4390625 0.10781250000000006 0.590625 0.10781250000000009
2 0.5375 0.2234375000000001 0.3953125 0.2234375000000001 0.3953125 0.2578125000000001 0.5375 0.2578125000000001
2 0.4390625 0.26250000000000007 0.303125 0.2625 0.303125 0.29375000000000007 0.4390625 0.29375000000000007
2 0.6140625 6.611179204772041e-17 0.465625 5.702261658529863e-17 0.465625 0.03906250000000007 0.6140625 0.039062500000000076
2 0.50625 0.14687500000000003 0.321875 0.14687500000000003 0.321875 0.19375000000000003 0.50625 0.19375000000000003
2 0.490625 0.18281250000000004 0.3515625 0.18281250000000004 0.3515625 0.21093750000000006 0.490625 0.21093750000000008
2 0.29375000000000007 0.60625 0.1828125000000001 0.60625 0.1828125000000001 0.6390625 0.29375000000000007 0.6390625
2 0.3828125000000001 0.578125 0.2593750000000001 0.578125 0.2593750000000001 0.60625 0.3828125000000001 0.60625
2 0.34843750000000007 0.5515625 0.2312500000000001 0.5515625 0.2312500000000001 0.5921875 0.34843750000000007 0.5921875
3 0.5125 0.6453125 0.3031250000000001 0.6453125 0.3031250000000001 0.7015625 0.5125 0.7015625