3 0.9125 0.45625000000000016 0.8796875 0.45625000000000016 0.8796875 0.6062500000000002 0.9125 0.6062500000000002
2 0.7421875 0.4046875000000001 0.6953125 0.4046875 0.6953125 0.5484375000000001 0.7421875 0.5484375000000001
2 0.596875 0.503125 0.55 0.503125 0.55 0.675 0.596875 0.675
2 0.5296875 0.4453125 0.4921875 0.4453125 0.4921875 0.5890625 0.5296875 0.5890625
2 0.6546875 0.3671875000000001 0.6234375 0.3671875000000001 0.6234375 0.503125 0.6546875 0.503125
2 0.9125 0.3390625000000001 0.871875 0.3390625000000001 0.871875 0.4421875000000002 0.9125 0.4421875000000002
2 0.95 0.2312500000000001 0.9171875 0.2312500000000001 0.9171875 0.3687500000000001 0.95 0.3687500000000001
2 1 0.24218750000000008 0.971875 0.24218750000000008 0.971875 0.3843750000000001 1 0.3843750000000001
2 0.596875 0.2906250000000001 0.55625 0.2906250000000001 0.55625 0.4359375 0.596875 0.4359375
2 0.5484375 0.3000000000000001 0.5125 0.3000000000000001 0.5125 0.4453125 0.5484375 0.4453125
2 0.4859375 0.3812500000000001 0.453125 0.3812500000000001 0.453125 0.5203125 0.4859375 0.5203125
2 0.459375 0.3437500000000001 0.4265625 0.3437500000000001 0.4265625 0.484375 0.459375 0.484375
2 0.4 0.36562500000000003 0.3578125000000001 0.365625 0.3578125000000001 0.4671875 0.4 0.4671875
1 0.19843750000000004 0.275 0.15937500000000004 0.275 0.15937500000000004 0.4328125 0.19843750000000004 0.4328125
0 0.65625 0.471875 0.6375 0.471875 0.6375 0.5046875 0.65625 0.5046875
3 0.3484375 0.17187500000000006 0.3046875 0.17187500000000006 0.3046875 0.28125 0.3484375 0.28125
3 0.9765625 0.07500000000000011 0.95625 0.07500000000000011 0.95625 0.17031250000000014 0.9765625 0.17031250000000014