2 0.26250000000000007 0.225 0.221875 0.225 0.22187500000000004 0.39375 0.26250000000000007 0.39375
2 0.12812500000000007 0.5203125 0.07656250000000006 0.5203125 0.07656250000000007 0.7359375 0.1281250000000001 0.7359375
2 0.4234375 0.4078125 0.3656250000000001 0.4078125 0.3656250000000001 0.6 0.4234375 0.6
3 0.09843750000000002 0.134375 0.06093750000000002 0.134375 0.06093750000000002 0.2578125 0.09843750000000002 0.2578125
2 0.43125 0.14062500000000006 0.39375 0.14062500000000006 0.39375 0.2921875000000001 0.43125 0.2921875000000001
2 0.546875 0.15312500000000007 0.5015625 0.15312500000000004 0.5015625 0.2734375000000001 0.546875 0.2734375000000001
0 0.54375 0.24218750000000008 0.525 0.24218750000000008 0.525 0.2734375000000001 0.54375 0.2734375000000001
2 0.38593750000000004 0.32500000000000007 0.3484375 0.325 0.34843750000000007 0.46875 0.3859375000000001 0.46875
2 0.46875 0.3312500000000001 0.434375 0.3312500000000001 0.434375 0.4734375 0.46875 0.4734375
2 0.528125 0.3593750000000001 0.4921875 0.3593750000000001 0.4921875 0.5203125 0.528125 0.5203125
2 0.5765625 0.3281250000000001 0.5296875 0.3281250000000001 0.5296875 0.4859375 0.5765625 0.4859375
2 0.5046875 0.32500000000000007 0.475 0.32500000000000007 0.475 0.4734375 0.5046875 0.4734375
1 0.8515625 0.2796875000000001 0.79375 0.2796875000000001 0.79375 0.4187500000000002 0.8515625 0.4187500000000002