2 0.3156250000000001 0.7140625 0.1703125000000001 0.7140625 0.1703125000000001 0.7625 0.3156250000000001 0.7625
2 0.47343750000000007 0.66875 0.3343750000000001 0.66875 0.3343750000000001 0.7375 0.4734375000000002 0.7375
2 0.475 0.540625 0.36406250000000007 0.540625 0.36406250000000007 0.590625 0.475 0.590625
2 0.49375 0.4234375 0.3546875000000001 0.4234375 0.3546875000000001 0.4734375 0.49375 0.4734375
2 0.584375 0.4625 0.4796875 0.4625 0.4796875 0.503125 0.584375 0.503125
2 0.5 0.3500000000000001 0.3671875 0.3500000000000001 0.36718750000000006 0.3984375000000001 0.5 0.3984375000000001
1 0.6390625000000002 0.875 0.5156250000000002 0.875 0.5156250000000002 0.91875 0.6390625000000002 0.91875
2 0.6578125 0.3578125000000001 0.540625 0.3578125000000001 0.540625 0.39531250000000007 0.6578125 0.39531250000000007
2 0.7078125 0.2562500000000001 0.590625 0.2562500000000001 0.590625 0.2875000000000001 0.7078125 0.2875000000000001
3 0.85625 0.2593750000000001 0.784375 0.2593750000000001 0.784375 0.2765625000000001 0.85625 0.2765625000000001
3 0.3984375 0.23125000000000004 0.253125 0.23125 0.253125 0.275 0.3984375 0.2750000000000001
2 0.39531250000000007 0.490625 0.2875000000000001 0.490625 0.2875000000000001 0.528125 0.39531250000000007 0.528125
0 0.3531250000000001 0.53125 0.30937500000000007 0.53125 0.30937500000000007 0.55 0.3531250000000001 0.55
2 0.4640625 0.20468750000000005 0.334375 0.2046875 0.334375 0.24218750000000006 0.4640625 0.24218750000000008
2 0.6796875 0.035937500000000074 0.559375 0.03593750000000007 0.559375 0.07656250000000007 0.6796875 0.07656250000000009
2 0.6984375 7.740150472736006e-17 0.565625 6.926908457677216e-17 0.565625 0.039062500000000076 0.6984375 0.03906250000000009
2 0.328125 2.985076572921673e-17 0.159375 1.951780836141094e-17 0.159375 0.020312500000000032 0.328125 0.02031250000000004