2 0.02500000000000005 0.371875 4.55415528432922e-17 0.371875 5.1569111307845585e-17 0.4703125 0.025000000000000057 0.4703125
2 0.11718750000000004 0.4078125 0.08906250000000004 0.4078125 0.08906250000000006 0.50625 0.11718750000000004 0.50625
2 0.19375000000000003 0.4 0.16875000000000004 0.4 0.16875000000000004 0.503125 0.19375000000000003 0.503125
2 0.09375000000000012 0.909375 0.06562500000000011 0.909375 0.06562500000000013 1 0.09375000000000014 1
2 0.2718750000000001 0.7921875 0.2406250000000001 0.7921875 0.2406250000000001 0.9375 0.2718750000000001 0.9375
2 0.30156250000000007 0.6296875 0.2687500000000001 0.6296875 0.2687500000000001 0.753125 0.30156250000000007 0.753125
2 0.31718750000000007 0.5953125 0.29375000000000007 0.5953125 0.29375000000000007 0.659375 0.31718750000000007 0.659375
2 0.4515625 0.559375 0.4171875 0.559375 0.4171875 0.675 0.4515625 0.675
2 0.6515625000000002 0.7296875 0.6125000000000002 0.7296875 0.6125000000000002 0.8375 0.6515625000000002 0.8375
2 0.7375000000000002 0.7734375000000001 0.7031250000000002 0.7734375 0.7031250000000002 0.9109375 0.7375000000000002 0.9109375
2 0.5921875 0.3515625000000001 0.565625 0.3515625000000001 0.565625 0.4375 0.5921875 0.4375