3 0.12031250000000007 0.4890625 0.07812500000000007 0.4890625 0.07812500000000007 0.6140625 0.12031250000000009 0.6140625
2 0.2015625000000001 0.3765625 0.17187500000000006 0.3765625 0.17187500000000006 0.4875 0.2015625000000001 0.4875
2 0.16250000000000003 0.3359375 0.12968750000000004 0.3359375 0.12968750000000004 0.4421875 0.16250000000000003 0.4421875
2 0.21718750000000003 0.2921875 0.18593750000000003 0.2921875 0.18593750000000003 0.4015625 0.2171875000000001 0.4015625
2 0.425 0.45625 0.3937500000000001 0.45625 0.3937500000000001 0.5625 0.425 0.5625
2 0.5625 0.4921875 0.525 0.4921875 0.525 0.6125 0.5625 0.6125
2 0.54375 0.428125 0.515625 0.428125 0.515625 0.5484375 0.54375 0.5484375
2 0.3984375000000001 0.3921875000000001 0.3703125000000001 0.3921875000000001 0.3703125000000001 0.4984375 0.3984375000000001 0.4984375
2 0.3765625 0.36250000000000004 0.3484375 0.3625 0.34843750000000007 0.4609375 0.3765625000000001 0.4609375
2 0.34062500000000007 0.3375 0.3140625 0.3375 0.3140625 0.4546875 0.34062500000000007 0.4546875
1 0.5546875 0.32500000000000007 0.53125 0.32500000000000007 0.53125 0.4328125 0.5546875 0.4328125
2 0.32500000000000007 0.4375 0.2875000000000001 0.4375 0.2875000000000001 0.5546875 0.32500000000000007 0.5546875