1 0.615625 0.3281250000000001 0.578125 0.3281250000000001 0.578125 0.475 0.615625 0.475
0 0.584375 0.3781250000000001 0.5625 0.3781250000000001 0.5625 0.421875 0.584375 0.421875
2 0.753125 0.6234375000000001 0.678125 0.6234375 0.6781250000000001 0.7984375000000001 0.7531250000000002 0.7984375000000001
2 0.625 0.45625 0.59375 0.45625 0.59375 0.603125 0.625 0.603125
2 0.6 0.4859375 0.5625 0.4859375 0.5625 0.6359375 0.6 0.6359375
2 0.575 0.3984375000000001 0.540625 0.3984375000000001 0.540625 0.5390625 0.575 0.5390625
2 0.4171875 0.434375 0.3671875000000001 0.434375 0.3671875000000001 0.559375 0.4171875 0.559375
2 0.35625000000000007 0.5921875 0.3218750000000001 0.5921875 0.3218750000000001 0.740625 0.35625000000000007 0.740625
2 0.3296875000000001 0.88125 0.22656250000000008 0.88125 0.22656250000000008 1 0.3296875000000001 1
2 0.16718750000000007 0.5375 0.12343750000000005 0.5375 0.12343750000000006 0.7078125 0.1671875000000001 0.7078125
2 0.07968750000000005 0.3578125 0.03281250000000004 0.3578125 0.03281250000000006 0.5296875 0.07968750000000006 0.5296875
3 0.21875000000000008 0.5453125 0.1781250000000001 0.5453125 0.1781250000000001 0.6953125 0.21875000000000008 0.6953125
2 0.2171875000000001 0.515625 0.17968750000000006 0.515625 0.17968750000000006 0.5625 0.2171875000000001 0.5625
2 0.2234375000000001 0.46875 0.20468750000000008 0.46875 0.20468750000000008 0.5578125 0.2234375000000001 0.5578125
2 0.2453125000000001 0.4390625 0.2171875000000001 0.4390625 0.2171875000000001 0.5671875 0.2453125000000001 0.5671875
2 0.290625 0.346875 0.265625 0.346875 0.26562500000000006 0.4765625 0.2906250000000001 0.4765625
2 0.3453125 0.325 0.3046875 0.325 0.30468750000000006 0.440625 0.3453125000000001 0.440625
2 0.3437500000000001 0.4078125 0.3156250000000001 0.4078125 0.3156250000000001 0.5828125 0.3437500000000001 0.5828125