2 0.5046875 0.5234375 0.4015625 0.5234375 0.4015625 0.5671875 0.5046875 0.5671875
2 0.45625 0.4359375 0.3625000000000001 0.4359375 0.3625000000000001 0.475 0.45625 0.475
2 0.4265625 0.35000000000000003 0.3203125 0.35 0.32031250000000006 0.38593750000000004 0.4265625 0.3859375000000001
2 0.44375 0.30781250000000004 0.3359375 0.3078125 0.3359375 0.3375 0.44375 0.3375000000000001
2 0.3812500000000001 0.36406250000000007 0.2906250000000001 0.3640625 0.2906250000000001 0.3921875 0.3812500000000001 0.3921875000000001
2 0.4203125 0.4234375 0.33281250000000007 0.4234375 0.33281250000000007 0.4703125 0.4203125 0.4703125
0 0.421875 0.5140625 0.39531250000000007 0.5140625 0.39531250000000007 0.528125 0.421875 0.528125
2 0.7296875000000002 0.7765625 0.5984375000000002 0.7765625 0.5984375000000002 0.8140625 0.7296875000000002 0.8140625
2 0.946875 0.9453125 0.7875000000000002 0.9453125 0.7875000000000002 0.9875 0.946875 0.9875
2 0.43125 0.02968750000000005 0.33125 0.029687500000000044 0.33125 0.06718750000000004 0.43125 0.06718750000000004
3 0.5734375 0.03906250000000006 0.4453125 0.039062500000000056 0.4453125 0.08906250000000006 0.5734375 0.08906250000000007
2 0.371875 0.11718750000000004 0.278125 0.11718750000000004 0.278125 0.14531250000000004 0.371875 0.14531250000000004
2 0.325 0.2 0.2359375 0.2 0.2359375 0.23125 0.325 0.23125