2 0.2593750000000001 0.5890625 0.18906250000000008 0.5890625 0.18906250000000008 0.74375 0.2593750000000001 0.74375
2 0.3281250000000001 0.571875 0.2734375000000001 0.571875 0.2734375000000001 0.7046875 0.3281250000000001 0.7046875
2 0.45000000000000007 0.6265625 0.3921875000000001 0.6265625 0.3921875000000001 0.815625 0.4500000000000002 0.815625
2 0.5656250000000002 0.80625 0.5015625000000001 0.80625 0.5015625000000001 0.9828125 0.5656250000000002 0.9828125
2 0.7984375000000001 0.7843750000000002 0.7515625000000001 0.7843750000000002 0.7515625000000001 0.8984375 0.7984375000000001 0.8984375
2 0.8078125 0.4625000000000002 0.7703125 0.4625000000000002 0.7703125 0.6265625000000001 0.8078125 0.6265625000000001
2 0.7765625 0.3312500000000001 0.7265625 0.3312500000000001 0.7265625 0.4578125000000002 0.7765625 0.4578125000000002
2 0.734375 0.3312500000000001 0.690625 0.3312500000000001 0.690625 0.4390625000000001 0.734375 0.4390625000000002
2 0.6453125 0.36406250000000007 0.5953125 0.36406250000000007 0.5953125 0.46875 0.6453125 0.46875
2 0.6015625 0.3187500000000001 0.565625 0.3187500000000001 0.565625 0.4703125 0.6015625 0.4703125
2 0.56875 0.3546875000000001 0.5234375 0.3546875000000001 0.5234375 0.46875 0.56875 0.46875
2 0.5140625 0.4296875 0.465625 0.4296875 0.465625 0.54375 0.5140625 0.54375
2 0.478125 0.3859375000000001 0.459375 0.3859375000000001 0.459375 0.4703125 0.478125 0.4703125
2 0.4234375 0.4203125 0.37968750000000007 0.4203125 0.37968750000000007 0.521875 0.4234375 0.521875
2 1 0.81875 0.9671875 0.81875 0.9671875 0.9890625 1 0.9890625
2 1 0.5250000000000001 0.9578125 0.5250000000000001 0.9578125 0.6546875000000002 1 0.6546875000000002
3 0.6578125 0.478125 0.603125 0.478125 0.603125 0.6515625 0.6578125 0.6515625
3 0.8078125 0.1296875000000001 0.79375 0.1296875000000001 0.79375 0.19531250000000008 0.8078125 0.19531250000000008
1 0.37187500000000007 0.37343750000000003 0.2921875000000001 0.3734375 0.2921875000000001 0.49375 0.37187500000000007 0.49375