2 0.4125 0.3031250000000001 0.38125 0.3031250000000001 0.38125000000000003 0.4015625 0.4125 0.4015625
2 0.31562500000000004 0.3625 0.296875 0.3625 0.29687500000000006 0.46875 0.3156250000000001 0.46875
2 0.515625 0.409375 0.471875 0.409375 0.471875 0.509375 0.515625 0.509375
2 0.625 0.496875 0.596875 0.496875 0.596875 0.6078125 0.625 0.6078125
2 0.5906250000000001 0.675 0.55625 0.675 0.5562500000000001 0.8125 0.5906250000000002 0.8125
2 0.615625 0.421875 0.5828125 0.421875 0.5828125 0.5375 0.615625 0.5375
2 0.27656250000000004 0.2921875 0.2421875 0.2921875 0.24218750000000006 0.3984375 0.2765625000000001 0.3984375
2 0.16875000000000004 0.2265625 0.14218750000000005 0.2265625 0.14218750000000005 0.3328125 0.16875000000000004 0.3328125
2 0.08750000000000005 0.3125 0.06093750000000005 0.3125 0.06093750000000005 0.4296875 0.08750000000000005 0.4296875
2 0.14687500000000003 0.3125 0.11875000000000005 0.3125 0.11875000000000005 0.43125 0.14687500000000003 0.43125
2 0.6765625 0.4515625 0.6359375 0.4515625 0.6359375 0.56875 0.6765625 0.56875
2 0.321875 0.334375 0.284375 0.334375 0.28437500000000004 0.41875 0.3218750000000001 0.41875
0 0.440625 0.3937500000000001 0.4265625 0.3937500000000001 0.4265625 0.4125 0.440625 0.4125
1 0.7625 0.3546875000000001 0.7171875 0.3546875000000001 0.7171875 0.4546875000000001 0.7625 0.4546875000000002
2 0.026562500000000083 0.6203125 0.0015625000000000755 0.6203125 0.0015625000000000847 0.7671875 0.02656250000000009 0.7671875