2 0.3343750000000001 0.446875 0.2968750000000001 0.446875 0.2968750000000001 0.5578125 0.3343750000000001 0.5578125
2 0.3296875000000001 0.609375 0.3000000000000001 0.609375 0.3000000000000001 0.734375 0.3296875000000001 0.734375
2 0.4390625000000001 0.6671875 0.4140625 0.6671875 0.4140625000000001 0.80625 0.4390625000000002 0.80625
2 0.3625000000000001 0.5546875 0.3343750000000001 0.5546875 0.3343750000000001 0.671875 0.3625000000000001 0.671875
2 0.2640625000000001 0.5375 0.22656250000000008 0.5375 0.22656250000000008 0.6515625 0.2640625000000001 0.6515625
2 0.15937500000000007 0.5265625 0.12656250000000005 0.5265625 0.12656250000000008 0.609375 0.1593750000000001 0.609375
2 0.017187500000000067 0.4765625 0.0031250000000000583 0.4765625 0.0031250000000000652 0.5859375 0.01718750000000007 0.5859375
2 0.11562500000000009 0.5671875 0.09531250000000006 0.5671875 0.09531250000000008 0.6609375 0.11562500000000009 0.6609375
2 0.10781250000000005 0.4359375 0.09218750000000005 0.4359375 0.09218750000000006 0.5375 0.10781250000000005 0.5375
2 0.13281250000000006 0.4765625 0.11250000000000004 0.4765625 0.11250000000000007 0.5625 0.13281250000000008 0.5625
2 0.17500000000000004 0.428125 0.15468750000000003 0.428125 0.15468750000000003 0.5140625 0.17500000000000004 0.5140625
1 0.7390625 0.4125000000000001 0.71875 0.4125 0.71875 0.5234375000000001 0.7390625 0.5234375000000002
3 0.21406250000000004 0.3546875 0.18281250000000004 0.3546875 0.18281250000000004 0.45625 0.2140625000000001 0.45625
0 0.4265625 0.5453125 0.415625 0.5453125 0.415625 0.559375 0.4265625 0.559375
2 0.12343750000000005 0.3921875 0.10937500000000004 0.3921875 0.10937500000000004 0.490625 0.12343750000000005 0.490625