1 0.7390625 0.2453125000000001 0.6953125 0.2453125000000001 0.6953125 0.3468750000000001 0.7390625 0.3468750000000001
3 0.12812500000000004 0.39375 0.09687500000000004 0.39375 0.09687500000000006 0.53125 0.12812500000000004 0.53125
2 0.5453125 0.3890625000000001 0.5140625 0.3890625000000001 0.5140625 0.4921875 0.5453125 0.4921875
2 0.28125 0.2234375 0.2484375 0.2234375 0.2484375 0.33125 0.28125 0.33125
2 0.17500000000000007 0.4484375 0.14531250000000004 0.4484375 0.14531250000000007 0.5625 0.1750000000000001 0.5625
2 0.5734375 0.3843750000000001 0.5390625 0.3843750000000001 0.5390625 0.4953125 0.5734375 0.4953125
2 0.17968750000000008 0.58125 0.1359375000000001 0.58125 0.1359375000000001 0.7578125 0.17968750000000008 0.7578125
2 0.32031250000000006 0.2625 0.290625 0.2625 0.290625 0.378125 0.3203125000000001 0.378125
2 0.38750000000000007 0.4546875 0.34843750000000007 0.4546875 0.34843750000000007 0.5921875 0.38750000000000007 0.5921875
2 0.0500000000000001 0.646875 0.003125000000000079 0.646875 0.0031250000000000895 0.8203125 0.050000000000000114 0.8203125
2 0.3296875000000001 0.421875 0.29375000000000007 0.421875 0.29375000000000007 0.559375 0.3296875000000001 0.559375
2 0.4734375 0.3625000000000001 0.434375 0.3625000000000001 0.434375 0.478125 0.4734375 0.478125
2 0.41875 0.2812500000000001 0.3859375 0.2812500000000001 0.38593750000000004 0.3906250000000001 0.41875 0.3906250000000001
2 0.3765625 0.353125 0.346875 0.353125 0.34687500000000004 0.4703125 0.3765625000000001 0.4703125
2 0.16718750000000004 0.3359375 0.13750000000000004 0.3359375 0.13750000000000004 0.453125 0.16718750000000004 0.453125
0 0.609375 0.4625 0.596875 0.4625 0.596875 0.4890625 0.609375 0.4890625
0 0.609375 0.4578125 0.5890625 0.4578125 0.5890625 0.4921875 0.609375 0.4921875