2 0.045312500000000075 0.5234375 6.410260589286927e-17 0.5234375 7.510529197895876e-17 0.703125 0.04531250000000009 0.703125
2 0.12343750000000006 0.475 0.07812500000000007 0.475 0.07812500000000007 0.6296875 0.12343750000000009 0.6296875
2 0.12343750000000005 0.4046875 0.09375000000000004 0.4046875 0.09375000000000006 0.521875 0.12343750000000005 0.521875
2 0.30937500000000007 0.3703125 0.2640625000000001 0.3703125 0.2640625000000001 0.4875 0.30937500000000007 0.4875
2 0.23437500000000006 0.26875 0.2 0.26875 0.20000000000000004 0.3984375 0.23437500000000008 0.3984375
2 0.34062500000000007 0.525 0.3125000000000001 0.525 0.3125000000000001 0.6609375 0.34062500000000007 0.6609375
2 0.46875 0.5125 0.4234375 0.5125 0.4234375 0.68125 0.46875 0.68125
2 0.6328125000000001 0.71875 0.5984375 0.71875 0.5984375000000001 0.8578125 0.6328125000000002 0.8578125
2 0.8078125 0.5843750000000002 0.7640625 0.5843750000000002 0.7640625000000001 0.7296875000000002 0.8078125 0.7296875000000002
2 0.5109375 0.4171875 0.4734375 0.4171875 0.4734375 0.565625 0.5109375 0.565625
2 0.4828125 0.3703125000000001 0.453125 0.3703125000000001 0.453125 0.48125 0.4828125 0.48125
2 0.428125 0.3546875000000001 0.40625 0.3546875000000001 0.40625 0.4328125 0.428125 0.4328125
2 0.415625 0.4609375 0.3609375000000001 0.4609375 0.3609375000000001 0.55625 0.415625 0.55625
2 0.35625000000000007 0.3953125 0.3281250000000001 0.3953125 0.3281250000000001 0.496875 0.35625000000000007 0.496875
2 0.403125 0.3828125000000001 0.3687500000000001 0.3828125000000001 0.3687500000000001 0.4734375 0.403125 0.4734375
2 0.43125 0.4171875 0.40625 0.4171875 0.40625 0.534375 0.43125 0.534375
1 0.63125 0.3437500000000001 0.5765625 0.3437500000000001 0.5765625 0.4703125 0.63125 0.4703125