2 0.07968750000000005 0.378125 0.04531250000000005 0.378125 0.04531250000000005 0.484375 0.07968750000000006 0.484375
2 0.2328125000000001 0.59375 0.1906250000000001 0.59375 0.1906250000000001 0.753125 0.2328125000000001 0.753125
2 0.3140625000000001 0.6546875 0.2687500000000001 0.6546875 0.2687500000000001 0.80625 0.3140625000000001 0.80625
2 0.2218750000000001 0.8890625 0.1593750000000001 0.8890625 0.1593750000000001 1 0.2218750000000001 1
2 0.37187500000000007 0.409375 0.3312500000000001 0.409375 0.3312500000000001 0.525 0.37187500000000007 0.525
2 0.403125 0.5203125 0.3578125000000001 0.5203125 0.3578125000000001 0.6546875 0.403125 0.6546875
2 0.446875 0.3781250000000001 0.4203125 0.3781250000000001 0.4203125 0.4984375 0.446875 0.4984375
2 0.509375 0.4546875 0.46875 0.4546875 0.46875 0.5828125 0.509375 0.5828125
2 0.475 0.38750000000000007 0.4453125 0.38750000000000007 0.4453125 0.496875 0.475 0.496875
2 0.596875 0.4328125 0.565625 0.4328125 0.565625 0.565625 0.596875 0.565625
2 0.6609375 0.60625 0.6359375 0.60625 0.6359375 0.721875 0.6609375 0.721875
2 0.6890625 0.4828125 0.6578125 0.4828125 0.6578125 0.5765625 0.6890625 0.5765625
2 0.7640625 0.5500000000000002 0.7375 0.5500000000000002 0.7375 0.6703125000000002 0.7640625 0.6703125000000002
2 0.825 0.5265625000000002 0.7828125 0.5265625000000002 0.7828125 0.6546875000000002 0.825 0.6546875000000002
3 0.2875000000000001 0.4609375 0.25468750000000007 0.4609375 0.25468750000000007 0.571875 0.2875000000000001 0.571875