2 0.8890625 0.6484375000000002 0.84375 0.6484375000000002 0.84375 0.7921875000000002 0.8890625 0.7921875000000002
2 0.17968750000000006 0.4046875 0.15468750000000003 0.4046875 0.15468750000000003 0.4953125 0.17968750000000006 0.4953125
2 0.11250000000000004 0.29375 0.08593750000000004 0.29375 0.08593750000000004 0.3640625 0.11250000000000004 0.3640625
3 0.99375 0.7359375000000001 0.9390625 0.7359375000000001 0.9390625 0.8875 0.99375 0.8875
2 0.4890625 0.3609375000000001 0.4609375 0.3609375000000001 0.4609375 0.4578125 0.4890625 0.4578125
2 0.22968750000000004 0.2984375 0.2015625 0.2984375 0.20156250000000003 0.3734375 0.2296875000000001 0.3734375
2 0.4390625 0.3343750000000001 0.415625 0.3343750000000001 0.415625 0.4140625 0.4390625 0.4140625
2 0.38593750000000004 0.32031250000000006 0.3625 0.3203125 0.36250000000000004 0.39375000000000004 0.3859375000000001 0.3937500000000001
2 0.34218750000000003 0.328125 0.3125 0.328125 0.31250000000000006 0.3984375 0.3421875000000001 0.3984375
3 0.2046875 0.28125 0.18437500000000004 0.28125 0.18437500000000004 0.3453125 0.2046875 0.3453125
3 0.6625 0.3765625000000001 0.634375 0.3765625000000001 0.634375 0.4640625 0.6625 0.4640625
1 0.51875 0.3234375000000001 0.49375 0.3234375000000001 0.49375 0.3921875000000001 0.51875 0.3921875000000001