2 0.4937500000000002 0.8828125 0.3609375000000001 0.8828125 0.3609375000000001 0.9203125 0.4937500000000002 0.9203125
2 0.6312500000000001 0.7171875 0.525 0.7171875 0.5250000000000001 0.7453125 0.6312500000000002 0.7453125
2 0.6421875 0.6390625 0.5390625 0.6390625 0.5390625 0.6640625 0.6421875 0.6640625
2 0.646875 0.5921875 0.540625 0.5921875 0.540625 0.6203125 0.646875 0.6203125
2 0.59375 0.553125 0.475 0.553125 0.475 0.5875 0.59375 0.5875
2 0.3468750000000001 0.415625 0.16562500000000005 0.415625 0.16562500000000005 0.4515625 0.3468750000000001 0.4515625
2 0.671875 0.484375 0.571875 0.484375 0.571875 0.5078125 0.671875 0.5078125
2 0.6671875 0.553125 0.5609375 0.553125 0.5609375 0.584375 0.6671875 0.584375
2 0.684375 0.4046875 0.584375 0.4046875 0.584375 0.4265625 0.684375 0.4265625
2 0.6359375 0.3890625000000001 0.565625 0.3890625000000001 0.565625 0.4109375 0.6359375 0.4109375
2 0.58125 0.3734375000000001 0.509375 0.3734375000000001 0.509375 0.4078125 0.58125 0.4078125
2 0.534375 0.3703125000000001 0.409375 0.3703125000000001 0.409375 0.3984375000000001 0.534375 0.3984375000000001
3 0.75625 0.3593750000000001 0.6828125 0.3593750000000001 0.6828125 0.3812500000000001 0.75625 0.3812500000000001
3 0.5546875 0.16406250000000006 0.4171875 0.16406250000000006 0.4171875 0.20468750000000008 0.5546875 0.20468750000000008
2 0.525 0.10312500000000005 0.3734375 0.10312500000000005 0.3734375 0.13125000000000003 0.525 0.13125000000000003
2 0.61875 0.04687500000000007 0.503125 0.04687500000000007 0.503125 0.07500000000000007 0.61875 0.07500000000000007
2 0.49375 0.023437500000000052 0.34375 0.023437500000000045 0.34375 0.060937500000000054 0.49375 0.06093750000000007
2 0.7171875 0.3265625000000001 0.6421875 0.3265625000000001 0.6421875 0.3421875000000001 0.7171875 0.3421875000000001