2 0.5375000000000002 0.903125 0.4078125000000002 0.903125 0.4078125000000002 0.9609375 0.5375000000000002 0.9609375
2 0.6234375000000002 0.88125 0.4390625000000002 0.88125 0.4390625000000002 0.946875 0.6234375000000002 0.946875
2 0.7218750000000002 0.7859375 0.6203125000000002 0.7859375 0.6203125000000002 0.8234375 0.7218750000000002 0.8234375
2 0.6390625000000001 0.7171875 0.540625 0.7171875 0.5406250000000001 0.7609375 0.6390625000000002 0.7609375
2 0.6140625 0.6578125 0.50625 0.6578125 0.50625 0.7078125 0.6140625 0.7078125
2 0.575 0.63125 0.4578125 0.63125 0.4578125 0.6625 0.575 0.6625
2 0.6515625 0.5984375 0.5578125 0.5984375 0.5578125 0.6515625 0.6515625 0.6515625
2 0.484375 0.4953125 0.3765625000000001 0.4953125 0.3765625000000001 0.5484375 0.484375 0.5484375
2 0.321875 0.359375 0.17031250000000003 0.359375 0.17031250000000003 0.4125 0.3218750000000001 0.4125
2 0.4546875 0.17812500000000003 0.30625 0.17812500000000003 0.30625 0.22812500000000005 0.4546875 0.22812500000000008
2 0.4671875 0.017187500000000046 0.3375 0.01718750000000004 0.3375 0.05781250000000006 0.4671875 0.057812500000000065
2 0.528125 0.6671875 0.34062500000000007 0.6671875 0.34062500000000007 0.6859375 0.528125 0.6859375
2 0.6484375 0.525 0.49375 0.525 0.49375 0.55 0.6484375 0.55
2 0.5953125 0.4921875 0.4875 0.4921875 0.4875 0.525 0.5953125 0.525
2 0.5921875 0.5671875 0.496875 0.5671875 0.496875 0.5890625 0.5921875 0.5890625
2 0.590625 0.540625 0.5 0.540625 0.5 0.559375 0.590625 0.559375
0 0.50625 0.571875 0.453125 0.571875 0.453125 0.6 0.50625 0.6
1 0.6578125 0.38750000000000007 0.525 0.38750000000000007 0.525 0.428125 0.6578125 0.428125