2 0.83125 0.7140625 0.6859375 0.7140625 0.6859375000000001 0.7625000000000001 0.83125 0.7625000000000002
2 0.6671875 0.66875 0.528125 0.66875 0.5281250000000001 0.7375 0.6671875000000002 0.7375
2 0.6359375 0.540625 0.525 0.540625 0.525 0.590625 0.6359375 0.590625
2 0.6453125 0.4234375 0.50625 0.4234375 0.50625 0.4734375 0.6453125 0.4734375
2 0.521875 0.4625 0.4171875 0.4625 0.4171875 0.503125 0.521875 0.503125
2 0.6328125 0.3500000000000001 0.5 0.3500000000000001 0.5 0.3984375000000001 0.6328125 0.3984375000000001
1 0.48437500000000017 0.875 0.3609375000000001 0.875 0.3609375000000001 0.91875 0.48437500000000017 0.91875
2 0.4609375 0.35781250000000003 0.34375 0.3578125 0.34375000000000006 0.39531250000000007 0.4609375 0.39531250000000007
2 0.4109375 0.25625000000000003 0.29375 0.25625 0.29375 0.28750000000000003 0.4109375 0.2875000000000001
3 0.2171875 0.259375 0.14531250000000004 0.259375 0.14531250000000004 0.2765625 0.2171875 0.2765625
3 0.746875 0.2312500000000001 0.6015625 0.2312500000000001 0.6015625 0.2750000000000001 0.746875 0.2750000000000001
2 0.7125 0.490625 0.6046875 0.490625 0.6046875 0.528125 0.7125 0.528125
0 0.6921875 0.53125 0.6484375 0.53125 0.6484375 0.55 0.6921875 0.55
2 0.6671875 0.20468750000000008 0.5375 0.20468750000000008 0.5375 0.24218750000000008 0.6671875 0.24218750000000008
2 0.4421875 0.03593750000000005 0.321875 0.035937500000000046 0.321875 0.07656250000000005 0.4421875 0.07656250000000005
2 0.434375 4.5063175187375266e-17 0.3015625 3.693075503678737e-17 0.3015625 0.03906250000000004 0.434375 0.039062500000000056
2 0.840625 9.261391418551857e-17 0.671875 8.22809568177128e-17 0.671875 0.020312500000000094 0.840625 0.020312500000000105