2 0.13593750000000007 0.440625 0.09687500000000004 0.440625 0.09687500000000006 0.6 0.1359375000000001 0.6
2 0.5546875 0.3265625000000001 0.521875 0.3265625000000001 0.521875 0.49375 0.5546875 0.49375
2 0.625 0.5421875 0.578125 0.5421875 0.578125 0.703125 0.625 0.703125
2 0.715625 0.453125 0.671875 0.453125 0.671875 0.625 0.715625 0.625
2 0.7515625 0.4234375000000001 0.7171875 0.4234375 0.7171875 0.5875000000000001 0.7515625 0.5875000000000001
2 0.9578125 0.3812500000000001 0.9203125 0.3812500000000001 0.9203125 0.5046875000000002 0.9578125 0.5046875000000002
3 0.9609375 0.4671875000000002 0.925 0.4671875000000002 0.925 0.6062500000000002 0.9609375 0.6062500000000002
2 0.8328125 0.2984375000000001 0.7984375 0.2984375000000001 0.7984375 0.4578125000000002 0.8328125 0.4578125000000002
2 0.809375 0.2828125000000001 0.771875 0.2828125000000001 0.771875 0.41406250000000017 0.809375 0.41406250000000017
2 0.64375 0.3156250000000001 0.60625 0.3156250000000001 0.60625 0.45 0.64375 0.45
2 0.6015625 0.3625000000000001 0.565625 0.3625000000000001 0.565625 0.5140625 0.6015625 0.5140625
1 0.4390625 0.2843750000000001 0.390625 0.2843750000000001 0.39062500000000006 0.41875 0.4390625 0.41875
3 0.7453125 0.15625000000000008 0.6984375 0.15625000000000008 0.6984375 0.2734375000000001 0.7453125 0.2734375000000001
0 0.17968750000000006 0.4796875 0.15937500000000004 0.4796875 0.15937500000000004 0.5109375 0.17968750000000006 0.5109375