2 0.0578125000000001 0.7640625 0.02656250000000009 0.7640625 0.026562500000000093 0.8453125 0.057812500000000114 0.8453125
2 0.2171875000000001 0.8453125 0.1921875000000001 0.8453125 0.19218750000000012 0.925 0.2171875000000001 0.925
2 0.5140625000000002 0.7265625 0.4859375000000002 0.7265625 0.4859375000000002 0.8234375 0.5140625000000002 0.8234375
2 0.3765625000000001 0.3812500000000001 0.3656250000000001 0.3812500000000001 0.3656250000000001 0.4328125 0.3765625000000001 0.4328125
3 0.46875 0.5484375 0.4484375 0.5484375 0.4484375 0.6078125 0.46875 0.6078125
2 0.5109375 0.4328125 0.4984375 0.4328125 0.4984375 0.478125 0.5109375 0.478125
2 0.5625 0.50625 0.546875 0.50625 0.546875 0.565625 0.5625 0.565625
2 0.5953125000000001 0.6578125 0.578125 0.6578125 0.5781250000000001 0.7265625 0.5953125000000001 0.7265625
2 0.6171875 0.5 0.5984375 0.5 0.5984375 0.55625 0.6171875 0.55625
0 0.7296875 0.5468750000000001 0.721875 0.546875 0.721875 0.5578125 0.7296875 0.5578125000000002
1 0.6953125 0.3468750000000001 0.6828125 0.3468750000000001 0.6828125 0.3781250000000001 0.6953125 0.3781250000000001