1 0.34062500000000007 0.4078125 0.2500000000000001 0.4078125 0.2500000000000001 0.6734375 0.34062500000000007 0.6734375
2 0.39531250000000007 0.4 0.3593750000000001 0.4 0.3593750000000001 0.5109375 0.39531250000000007 0.5109375
2 0.428125 0.40625 0.3968750000000001 0.40625 0.3968750000000001 0.5421875 0.428125 0.5421875
2 0.5296875 0.38750000000000007 0.4875 0.38750000000000007 0.4875 0.571875 0.5296875 0.571875
2 0.540625 0.3781250000000001 0.5125 0.3781250000000001 0.5125 0.4859375 0.540625 0.4859375
2 0.615625 0.37968750000000007 0.584375 0.37968750000000007 0.584375 0.4734375 0.615625 0.4734375
3 0.6578125 0.3890625000000001 0.6328125 0.3890625000000001 0.6328125 0.5 0.6578125 0.5
2 0.6984375 0.4125 0.6734375 0.4125 0.6734375 0.5296875 0.6984375 0.5296875
2 0.690625 0.37968750000000007 0.66875 0.37968750000000007 0.66875 0.465625 0.690625 0.465625
2 0.7796875 0.37968750000000007 0.7046875 0.37968750000000007 0.7046875 0.6796875000000001 0.7796875 0.6796875000000002
2 0.81875 0.39531250000000007 0.796875 0.39531250000000007 0.796875 0.4671875000000002 0.81875 0.4671875000000002
2 0.8640625 0.38750000000000007 0.8484375 0.38750000000000007 0.8484375 0.4671875000000002 0.8640625 0.4671875000000002
2 0.9578125 0.3859375000000001 0.8890625 0.3859375000000001 0.8890625 0.6125000000000002 0.9578125 0.6125000000000002