2 0.5281250000000002 0.953125 0.46093750000000017 0.953125 0.46093750000000017 1 0.5281250000000002 1
3 0.6000000000000002 0.8453125 0.5281250000000002 0.8453125 0.5281250000000002 0.9171875 0.6000000000000002 0.9171875
2 0.6093750000000002 0.8171875 0.4859375000000002 0.8171875 0.4859375000000002 0.8515625 0.6093750000000002 0.8515625
2 0.5015625000000001 0.7046875 0.4328125 0.7046875 0.4328125000000001 0.7734375 0.5015625000000001 0.7734375
2 0.5406250000000001 0.671875 0.475 0.671875 0.4750000000000001 0.7375 0.5406250000000001 0.7375
2 0.5796875 0.6453125 0.5109375 0.6453125 0.5109375 0.7171875 0.5796875 0.7171875
2 0.496875 0.646875 0.3968750000000001 0.646875 0.3968750000000001 0.6765625 0.496875 0.6765625
2 0.55625 0.61875 0.490625 0.61875 0.490625 0.684375 0.55625 0.684375
2 0.5859375 0.528125 0.521875 0.528125 0.521875 0.59375 0.5859375 0.59375
2 0.6046875 0.490625 0.5375 0.490625 0.5375 0.559375 0.6046875 0.559375
2 0.61875 0.465625 0.55 0.465625 0.55 0.5328125 0.61875 0.5328125
2 0.6484375 0.428125 0.5796875 0.428125 0.5796875 0.4984375 0.6484375 0.4984375
2 0.740625 0.4406250000000001 0.6578125 0.440625 0.6578125 0.5250000000000001 0.740625 0.5250000000000001
2 0.678125 0.3156250000000001 0.59375 0.3156250000000001 0.59375 0.4 0.678125 0.4
1 0.5921875 0.3421875000000001 0.53125 0.3421875000000001 0.53125 0.4046875 0.5921875 0.4046875