2 0.60625 0.12343750000000006 0.4625 0.12343750000000005 0.4625 0.17343750000000008 0.60625 0.17343750000000008
2 0.465625 0.18281250000000004 0.321875 0.18281250000000004 0.321875 0.21406250000000004 0.465625 0.2140625000000001
2 0.7609375 0.2250000000000001 0.5890625 0.2250000000000001 0.5890625 0.2750000000000001 0.7609375 0.2750000000000001
2 0.5203125 0.4984375 0.3671875000000001 0.4984375 0.3671875000000001 0.5453125 0.5203125 0.5453125
2 0.21250000000000008 0.390625 0.10156250000000004 0.390625 0.10156250000000004 0.421875 0.21250000000000008 0.421875
2 0.10312500000000009 0.578125 0.009375000000000073 0.578125 0.009375000000000074 0.6125 0.10312500000000009 0.6125
2 0.1687500000000001 0.5984375 0.04843750000000008 0.5984375 0.04843750000000008 0.646875 0.1687500000000001 0.646875
2 0.14687500000000014 0.9140625 0.03125000000000011 0.9140625 0.03125000000000012 0.9609375 0.14687500000000014 0.9609375
3 0.4890625000000002 0.8765625 0.3687500000000001 0.8765625 0.3687500000000001 0.9109375 0.4890625000000002 0.9109375
2 0.6968750000000001 0.859375 0.5843750000000002 0.859375 0.5843750000000002 0.9 0.6968750000000001 0.9
0 0.6921875000000002 0.8453125 0.6578125000000001 0.8453125 0.6578125000000001 0.8625 0.6921875000000002 0.8625
2 0.6359375000000002 0.80625 0.5140625000000002 0.80625 0.5140625000000002 0.846875 0.6359375000000002 0.846875
2 0.7312500000000002 0.8 0.5718750000000001 0.8 0.5718750000000001 0.846875 0.7312500000000002 0.846875
2 0.6359375000000002 0.7390625 0.5015625000000001 0.7390625 0.5015625000000001 0.7828125 0.6359375000000002 0.7828125
2 0.715625 0.5734375 0.56875 0.5734375 0.56875 0.6328125 0.715625 0.6328125
1 0.8984375 0.49531250000000016 0.7546875 0.49531250000000016 0.7546875 0.5796875000000001 0.8984375 0.5796875000000001