3 0.09218750000000005 0.29375 0.059375000000000046 0.29375 0.059375000000000046 0.403125 0.09218750000000005 0.403125
2 0.15625000000000006 0.2109375 0.13125000000000003 0.2109375 0.13125000000000003 0.303125 0.15625000000000006 0.303125
2 0.19375000000000003 0.3296875 0.17187500000000006 0.3296875 0.17187500000000006 0.4328125 0.19375000000000003 0.4328125
2 0.2484375000000001 0.4265625 0.2171875000000001 0.4265625 0.2171875000000001 0.5484375 0.2484375000000001 0.5484375
2 0.3125 0.2546875 0.278125 0.2546875 0.278125 0.3484375 0.3125 0.3484375
2 0.5046875 0.3500000000000001 0.471875 0.3500000000000001 0.471875 0.446875 0.5046875 0.446875
2 0.490625 0.2312500000000001 0.46875 0.2312500000000001 0.46875 0.3187500000000001 0.490625 0.3187500000000001
2 0.515625 0.2296875000000001 0.48125 0.2296875000000001 0.48125 0.3234375000000001 0.515625 0.3234375000000001
2 0.5328125 0.33281250000000007 0.5078125 0.33281250000000007 0.5078125 0.425 0.5328125 0.425
2 0.5375 0.475 0.515625 0.475 0.515625 0.575 0.5375 0.575
2 0.6046875 0.51875 0.5796875 0.51875 0.5796875 0.61875 0.6046875 0.61875
0 0.4375 0.2906250000000001 0.421875 0.2906250000000001 0.421875 0.3156250000000001 0.4375 0.3156250000000001
1 0.65625 0.3062500000000001 0.6296875 0.3062500000000001 0.6296875 0.421875 0.65625 0.421875