2 0.2578125000000001 0.365625 0.2140625000000001 0.365625 0.2140625000000001 0.503125 0.2578125000000001 0.503125
2 0.08125000000000006 0.4484375 0.03593750000000005 0.4484375 0.03593750000000007 0.6 0.08125000000000007 0.6
2 0.5109375 0.45625 0.475 0.45625 0.475 0.590625 0.5109375 0.590625
2 0.6312500000000001 0.671875 0.59375 0.671875 0.5937500000000001 0.834375 0.6312500000000002 0.834375
2 0.65 0.5171875 0.6140625 0.5171875 0.6140625 0.665625 0.65 0.665625
2 0.584375 0.446875 0.534375 0.446875 0.534375 0.5796875 0.584375 0.5796875
2 0.29218750000000004 0.240625 0.2546875 0.240625 0.25468750000000007 0.3640625 0.2921875000000001 0.3640625
2 0.2578125 0.215625 0.23125 0.215625 0.23125 0.33125 0.2578125 0.33125
2 0.19375000000000003 0.2515625 0.16093750000000004 0.2515625 0.16093750000000004 0.36875 0.19375000000000003 0.36875
2 0.65 0.4578125 0.615625 0.4578125 0.615625 0.571875 0.65 0.571875
1 0.7703125 0.3515625000000001 0.7171875 0.3515625000000001 0.7171875 0.4515625000000001 0.7703125 0.4515625000000002