2 0.22500000000000003 0.3453125 0.2015625 0.3453125 0.20156250000000003 0.415625 0.2250000000000001 0.415625
2 0.3156250000000001 0.6046875 0.2921875000000001 0.6046875 0.2921875000000001 0.703125 0.3156250000000001 0.703125
2 0.2765625000000001 0.565625 0.2609375000000001 0.565625 0.2609375000000001 0.65625 0.2765625000000001 0.65625
2 0.39531250000000007 0.5328125 0.3625000000000001 0.5328125 0.3625000000000001 0.628125 0.39531250000000007 0.628125
2 0.48125 0.6171875 0.453125 0.6171875 0.453125 0.721875 0.48125 0.721875
2 0.4265625 0.63125 0.403125 0.63125 0.403125 0.7203125 0.4265625 0.7203125
2 0.5000000000000002 0.8171875 0.4671875000000002 0.8171875 0.4671875000000002 0.9171875 0.5000000000000002 0.9171875
2 0.5062500000000002 0.7765625 0.4812500000000002 0.7765625 0.4812500000000002 0.81875 0.5062500000000002 0.81875
2 0.7515625 0.4156250000000002 0.73125 0.4156250000000002 0.73125 0.4906250000000002 0.7515625 0.4906250000000002
2 0.721875 0.3265625000000001 0.6984375 0.3265625000000001 0.6984375 0.40625 0.721875 0.40625
2 0.903125 0.43281250000000016 0.878125 0.43281250000000016 0.878125 0.5218750000000002 0.903125 0.5218750000000002
2 0.9046875 0.6593750000000002 0.8703125 0.6593750000000002 0.8703125 0.7625000000000002 0.9046875 0.7625000000000002
2 0.4828125 0.43125 0.45625 0.43125 0.45625 0.5125 0.4828125 0.5125
2 0.4625 0.4109375 0.446875 0.4109375 0.446875 0.4828125 0.4625 0.4828125