2 0.45 0.6359375 0.24375000000000008 0.6359375 0.24375000000000008 0.7109375 0.45 0.7109375
2 0.8609375 0.6562500000000001 0.6796875 0.65625 0.6796875 0.7000000000000001 0.8609375 0.7000000000000002
2 0.5953125 0.5828125 0.4328125 0.5828125 0.4328125 0.6234375 0.5953125 0.6234375
2 0.6234375 0.5359375 0.4171875 0.5359375 0.4171875 0.5703125 0.6234375 0.5703125
3 0.521875 0.2750000000000001 0.3765625 0.2750000000000001 0.3765625 0.32500000000000007 0.521875 0.32500000000000007
2 0.3515625000000001 0.3984375 0.21250000000000008 0.3984375 0.21250000000000008 0.4640625 0.3515625000000001 0.4640625
2 0.3 0.3171875 0.17968750000000006 0.3171875 0.17968750000000006 0.3546875 0.3 0.3546875
2 0.4109375 0.17187500000000006 0.259375 0.17187500000000006 0.259375 0.23593750000000005 0.4109375 0.23593750000000008
2 0.3765625 0.12187500000000004 0.259375 0.12187500000000004 0.259375 0.16250000000000003 0.3765625 0.16250000000000003
2 0.546875 0.10625000000000007 0.375 0.10625000000000004 0.375 0.14062500000000006 0.546875 0.14062500000000008
2 0.8453125 0.0687500000000001 0.6609375 0.06875000000000009 0.6609375 0.11562500000000009 0.8453125 0.11562500000000009