2 0.33281250000000007 0.2578125 0.2984375 0.2578125 0.2984375 0.3875 0.33281250000000007 0.3875
2 0.4140625 0.4421875 0.3765625000000001 0.4421875 0.3765625000000001 0.6171875 0.4140625 0.6171875
2 0.3359375000000001 0.6921875 0.2984375000000001 0.6921875 0.2984375000000001 0.8984375 0.3359375000000001 0.8984375
2 0.4640625 0.434375 0.4359375 0.434375 0.4359375 0.590625 0.4640625 0.590625
2 0.5796875 0.23593750000000008 0.5515625 0.23593750000000008 0.5515625 0.3546875000000001 0.5796875 0.3546875000000001
2 0.6828125 0.18750000000000008 0.6484375 0.18750000000000008 0.6484375 0.3062500000000001 0.6828125 0.3062500000000001
3 0.7140625 0.3765625000000001 0.6765625 0.3765625000000001 0.6765625 0.5359375 0.7140625 0.5359375
2 0.8234375 0.2531250000000001 0.7859375 0.2531250000000001 0.7859375 0.4156250000000002 0.8234375 0.4156250000000002
2 0.884375 0.2578125000000001 0.840625 0.2578125000000001 0.840625 0.3734375000000001 0.884375 0.3734375000000001
2 0.8796875 0.2218750000000001 0.8484375 0.2218750000000001 0.8484375 0.27031250000000007 0.8796875 0.27031250000000007
2 0.8890625 0.4000000000000002 0.8640625 0.4000000000000002 0.8640625 0.5437500000000002 0.8890625 0.5437500000000002
2 0.9359375 0.6671875000000002 0.8765625 0.6671875000000002 0.8765625 0.8734375 0.9359375 0.8734375
0 0.35468750000000004 0.3578125 0.3203125 0.3578125 0.32031250000000006 0.3890625 0.3546875000000001 0.3890625