2 0.1281250000000001 0.6375 0.09218750000000009 0.6375 0.09218750000000009 0.771875 0.1281250000000001 0.771875
2 0.5453125000000002 0.790625 0.4906250000000002 0.790625 0.4906250000000002 0.95 0.5453125000000002 0.95
2 0.5375000000000002 0.728125 0.4828125000000002 0.728125 0.4828125000000002 0.8296875 0.5375000000000002 0.8296875
2 0.546875 0.5796875 0.5109375 0.5796875 0.5109375 0.7078125 0.546875 0.7078125
2 0.6140625 0.5796875 0.5828125 0.5796875 0.5828125 0.7125 0.6140625 0.7125
2 0.6515625 0.55 0.621875 0.55 0.621875 0.6671875 0.6515625 0.6671875
2 0.66875 0.56875 0.6375 0.56875 0.6375 0.671875 0.66875 0.671875
2 0.7828125000000001 0.6875000000000002 0.740625 0.6875000000000002 0.7406250000000001 0.7734375000000002 0.7828125000000001 0.7734375000000002
2 0.8609375 0.6953125000000002 0.8234375 0.6953125000000002 0.8234375 0.80625 0.8609375 0.80625
2 0.815625 0.5875000000000001 0.778125 0.5875000000000001 0.778125 0.6875000000000002 0.815625 0.6875000000000002
2 0.6453125 0.66875 0.590625 0.66875 0.590625 0.70625 0.6453125 0.70625
2 0.4609375 0.5328125 0.4375 0.5328125 0.4375 0.6265625 0.4609375 0.6265625
2 0.4859375 0.5140625 0.453125 0.5140625 0.453125 0.6109375 0.4859375 0.6109375
2 0.5796875 0.5453125 0.5515625 0.5453125 0.5515625 0.628125 0.5796875 0.628125
2 0.06406250000000008 0.60625 0.025000000000000078 0.60625 0.025000000000000085 0.7 0.06406250000000009 0.7
2 0.2453125000000001 0.4140625 0.2156250000000001 0.4140625 0.2156250000000001 0.503125 0.2453125000000001 0.503125