1 0.7515625 0.4078125000000001 0.6609375 0.4078125 0.6609375 0.6734375000000001 0.7515625 0.6734375000000001
2 0.640625 0.4 0.60625 0.4 0.60625 0.5109375 0.640625 0.5109375
2 0.6046875 0.40625 0.5734375 0.40625 0.5734375 0.540625 0.6046875 0.540625
2 0.5125 0.38750000000000007 0.471875 0.38750000000000007 0.471875 0.571875 0.5125 0.571875
2 0.4890625 0.3781250000000001 0.4609375 0.3781250000000001 0.4609375 0.484375 0.4890625 0.484375
2 0.4171875 0.37968750000000007 0.3859375000000001 0.37968750000000007 0.3859375000000001 0.4734375 0.4171875 0.4734375
3 0.3687500000000001 0.38906250000000003 0.3437500000000001 0.3890625 0.3437500000000001 0.5 0.3687500000000001 0.5
2 0.3281250000000001 0.4140625 0.3031250000000001 0.4140625 0.3031250000000001 0.5296875 0.3281250000000001 0.5296875
2 0.33281250000000007 0.3796875 0.3109375000000001 0.3796875 0.3109375000000001 0.4640625 0.33281250000000007 0.4640625
2 0.2968750000000001 0.3796875 0.2218750000000001 0.3796875 0.2218750000000001 0.6796875 0.2968750000000001 0.6796875
2 0.20468750000000008 0.3953125 0.18281250000000004 0.3953125 0.18281250000000004 0.4671875 0.20468750000000008 0.4671875
2 0.15312500000000004 0.3875 0.13750000000000004 0.3875 0.13750000000000004 0.4671875 0.15312500000000004 0.4671875
2 0.11250000000000007 0.3859375 0.043750000000000046 0.3859375 0.04375000000000006 0.6109375 0.11250000000000009 0.6109375