2 0.2812500000000001 0.50625 0.2156250000000001 0.50625 0.2156250000000001 0.6546875 0.2812500000000001 0.6546875
2 0.3437500000000001 0.746875 0.2593750000000001 0.746875 0.2593750000000001 0.9296875 0.3437500000000001 0.9296875
2 0.4375 0.5609375 0.39531250000000007 0.5609375 0.39531250000000007 0.7109375 0.4375 0.7109375
2 0.3234375000000001 0.4015625 0.28593750000000007 0.4015625 0.28593750000000007 0.5171875 0.3234375000000001 0.5171875
2 0.40625 0.4703125 0.3187500000000001 0.4703125 0.3187500000000001 0.5578125 0.40625 0.5578125
1 0.68125 0.4859375 0.628125 0.4859375 0.628125 0.6125 0.68125 0.6125
2 0.653125 0.5859375 0.55625 0.5859375 0.55625 0.6828125 0.653125 0.6828125
1 0.45625 0.5 0.3765625000000001 0.5 0.3765625000000001 0.5796875 0.45625 0.5796875
2 0.546875 0.503125 0.4421875 0.503125 0.4421875 0.60625 0.546875 0.60625
2 0.6171875 0.5390625 0.5234375 0.5390625 0.5234375 0.6328125 0.6171875 0.6328125
2 0.5828125 0.5234375 0.490625 0.5234375 0.490625 0.615625 0.5828125 0.615625
2 0.05156250000000007 0.546875 6.697287182837088e-17 0.546875 7.223502604345716e-17 0.6328125 0.05156250000000007 0.6328125