0 0.56875 0.49375 0.5484375 0.49375 0.5484375 0.5359375 0.56875 0.5359375
2 0.503125 0.5671875 0.459375 0.5671875 0.4593750000000001 0.7390625 0.5031250000000002 0.7390625
2 0.10781250000000006 0.4125 0.059375000000000046 0.4125 0.05937500000000005 0.571875 0.10781250000000009 0.571875
2 0.15781250000000005 0.378125 0.11718750000000004 0.378125 0.11718750000000004 0.540625 0.15781250000000005 0.540625
2 0.66875 0.4859375 0.628125 0.4859375 0.628125 0.65 0.66875 0.65
2 0.7296875 0.37968750000000007 0.6859375 0.37968750000000007 0.6859375 0.5468750000000001 0.7296875 0.5468750000000002
2 0.7671875 0.2312500000000001 0.715625 0.2312500000000001 0.715625 0.3750000000000001 0.7671875 0.3750000000000001
2 0.965625 0.3593750000000001 0.9203125 0.3593750000000001 0.9203125 0.4968750000000002 0.965625 0.4968750000000002
2 0.5390625 0.37968750000000007 0.490625 0.37968750000000007 0.490625 0.509375 0.5390625 0.509375
2 0.6296875 0.2718750000000001 0.59375 0.2718750000000001 0.59375 0.4109375 0.6296875 0.4109375
1 0.4046875 0.2828125 0.359375 0.2828125 0.35937500000000006 0.3921875 0.4046875 0.3921875000000001
3 0.825 0.6125000000000002 0.7625 0.6125000000000002 0.7625000000000001 0.7968750000000002 0.825 0.7968750000000002
3 0.6484375 0.12500000000000008 0.6078125 0.12500000000000008 0.6078125 0.2453125000000001 0.6484375 0.2453125000000001