2 0.6671875 0.3218750000000001 0.4828125 0.3218750000000001 0.4828125 0.3968750000000001 0.6671875 0.3968750000000001
2 0.775 0.4953125000000001 0.615625 0.4953125 0.615625 0.5484375000000001 0.775 0.5484375000000001
2 0.6781250000000001 0.709375 0.521875 0.709375 0.5218750000000001 0.7578125 0.6781250000000002 0.7578125
2 0.753125 0.5937500000000001 0.571875 0.59375 0.571875 0.6390625000000001 0.753125 0.6390625000000002
2 0.6109375 0.590625 0.484375 0.590625 0.484375 0.6390625 0.6109375 0.6390625
2 0.559375 0.5421875 0.4421875 0.5421875 0.4421875 0.571875 0.559375 0.571875
2 0.6546875 0.51875 0.5375 0.51875 0.5375 0.559375 0.6546875 0.559375
2 0.5734375 0.15000000000000008 0.3921875 0.15000000000000005 0.3921875 0.18125000000000008 0.5734375 0.18125000000000008
2 0.3484375 0.009375000000000033 0.1828125 0.009375000000000022 0.1828125 0.05781250000000003 0.3484375 0.057812500000000044
2 0.45625 0.20156250000000003 0.290625 0.2015625 0.290625 0.25000000000000006 0.45625 0.2500000000000001
2 0.6265625000000001 0.6859375 0.4703125 0.6859375 0.4703125000000001 0.7265625 0.6265625000000001 0.7265625
1 0.30625 0.17187500000000003 0.1671875 0.171875 0.16718750000000002 0.215625 0.30625 0.215625
0 0.6171875 0.6140625 0.5703125 0.6140625 0.5703125 0.6390625 0.6171875 0.6390625