2 0.3828125000000001 0.540625 0.33281250000000007 0.540625 0.33281250000000007 0.73125 0.3828125000000001 0.73125
2 0.5859375 0.5171875 0.5359375 0.5171875 0.5359375 0.7140625 0.5859375 0.7140625
2 0.6203125 0.3625000000000001 0.5875 0.3625000000000001 0.5875 0.53125 0.6203125 0.53125
2 0.7359375 0.3187500000000001 0.7109375 0.3187500000000001 0.7109375 0.4593750000000001 0.7359375 0.4593750000000002
2 0.69375 0.23593750000000008 0.671875 0.23593750000000008 0.671875 0.3625000000000001 0.69375 0.3625000000000001
2 0.7921875 0.23437500000000008 0.7734375 0.23437500000000008 0.7734375 0.3656250000000001 0.7921875 0.3656250000000001
2 0.5765625 0.3468750000000001 0.5484375 0.3468750000000001 0.5484375 0.4125 0.5765625 0.4125
2 0.37500000000000006 0.30312500000000003 0.33125 0.303125 0.33125000000000004 0.4421875 0.3750000000000001 0.4421875
2 0.31875000000000003 0.3203125 0.2875 0.3203125 0.28750000000000003 0.4671875 0.3187500000000001 0.4671875
2 0.22031250000000005 0.3328125 0.18437500000000004 0.3328125 0.18437500000000004 0.4796875 0.22031250000000008 0.4796875
1 0.5265625 0.3578125000000001 0.4765625 0.3578125000000001 0.4765625 0.4359375 0.5265625 0.4359375
2 0.9109375 0.4671875000000002 0.871875 0.4671875000000002 0.871875 0.6390625000000002 0.9109375 0.6390625000000002
3 0.9765625 0.3812500000000001 0.91875 0.3812500000000001 0.91875 0.5437500000000002 0.9765625 0.5437500000000002
2 0.975 0.3234375000000001 0.934375 0.3234375000000001 0.934375 0.41718750000000016 0.975 0.41718750000000016