0 0.7015625 0.6671875 0.6796875 0.6671875 0.6796875 0.7015625 0.7015625 0.7015625
1 0.646875 0.5390625 0.603125 0.5390625 0.603125 0.6421875 0.646875 0.6421875
2 0.6046875 0.6109375 0.5703125 0.6109375 0.5703125000000001 0.740625 0.6046875000000002 0.740625
2 0.5765625000000001 0.6859375 0.5296875 0.6859375 0.5296875000000001 0.8609375 0.5765625000000002 0.8609375
2 0.5000000000000001 0.5890625 0.459375 0.5890625 0.4593750000000001 0.7515625 0.5000000000000002 0.7515625
2 0.471875 0.540625 0.434375 0.540625 0.434375 0.715625 0.471875 0.715625
2 0.4421875 0.5671875 0.4046875 0.5671875 0.4046875 0.7140625 0.4421875 0.7140625
2 0.31718750000000007 0.615625 0.2515625000000001 0.615625 0.2515625000000001 0.76875 0.31718750000000007 0.76875
3 0.4828125000000002 0.778125 0.4359375000000002 0.778125 0.4359375000000002 0.9796875 0.4828125000000002 0.9796875
2 0.14218750000000008 0.503125 0.10156250000000004 0.503125 0.10156250000000007 0.628125 0.14218750000000008 0.628125
2 0.12031250000000009 0.546875 0.08281250000000007 0.546875 0.08281250000000008 0.721875 0.12031250000000009 0.721875
2 0.06406250000000006 0.4921875 0.010937500000000062 0.4921875 0.010937500000000069 0.6265625 0.06406250000000006 0.6265625
2 0.07968750000000008 0.6046875 0.010937500000000076 0.6046875 0.010937500000000083 0.74375 0.07968750000000009 0.74375