2 0.3031250000000001 0.38125 0.2609375000000001 0.38125 0.2609375000000001 0.5 0.3031250000000001 0.5
2 0.54375 0.4890625 0.5078125 0.4890625 0.5078125 0.6171875 0.54375 0.6171875
2 0.6984375 0.3906250000000001 0.6546875 0.3906250000000001 0.6546875 0.5140625 0.6984375 0.5140625
2 0.3453125000000001 0.8265625 0.3078125000000001 0.8265625 0.3078125000000001 0.99375 0.3453125000000001 0.99375
0 0.054687500000000076 0.5140625 0.010937500000000063 0.5140625 0.010937500000000072 0.65625 0.05468750000000009 0.65625
2 0.534375 0.34843750000000007 0.5015625 0.34843750000000007 0.5015625 0.459375 0.534375 0.459375
2 0.553125 0.3296875000000001 0.515625 0.3296875000000001 0.515625 0.4390625 0.553125 0.4390625
2 0.796875 0.4546875000000002 0.7734375 0.4546875000000002 0.7734375 0.5875000000000001 0.796875 0.5875000000000001
2 0.81875 0.44531250000000017 0.7875 0.44531250000000017 0.7875 0.5687500000000002 0.81875 0.5687500000000002
2 0.26875000000000004 0.278125 0.2359375 0.278125 0.23593750000000005 0.384375 0.2687500000000001 0.384375
2 0.2703125 0.228125 0.2453125 0.228125 0.2453125 0.315625 0.2703125 0.315625
2 0.24375 0.2140625 0.21875 0.2140625 0.21875 0.296875 0.24375 0.296875
0 0.2359375 0.2796875 0.2203125 0.2796875 0.2203125 0.3109375 0.2359375 0.3109375
1 0.8703125 0.3546875000000001 0.84375 0.3546875000000001 0.84375 0.46093750000000017 0.8703125 0.46093750000000017