2 0.425 0.2750000000000001 0.3875 0.2750000000000001 0.38750000000000007 0.37187500000000007 0.425 0.37187500000000007
2 0.31718750000000007 0.4515625 0.2718750000000001 0.4515625 0.2718750000000001 0.5734375 0.31718750000000007 0.5734375
2 0.5281250000000001 0.646875 0.475 0.646875 0.4750000000000001 0.825 0.5281250000000002 0.825
2 0.5875000000000001 0.5703125 0.54375 0.5703125 0.5437500000000001 0.734375 0.5875000000000001 0.734375
2 0.4890625 0.4640625 0.4578125 0.4640625 0.4578125 0.5890625 0.4890625 0.5890625
2 0.4328125 0.3671875000000001 0.4046875 0.3671875000000001 0.4046875 0.4828125 0.4328125 0.4828125
2 0.4703125 0.3109375000000001 0.4484375 0.3109375000000001 0.4484375 0.4171875 0.4703125 0.4171875
2 0.475 0.36406250000000007 0.4421875 0.36406250000000007 0.4421875 0.465625 0.475 0.465625
2 0.5609375 0.3265625000000001 0.534375 0.3265625000000001 0.534375 0.4296875 0.5609375 0.4296875
2 0.590625 0.3828125000000001 0.5578125 0.3828125000000001 0.5578125 0.484375 0.590625 0.484375
2 0.75625 0.4000000000000002 0.73125 0.4000000000000002 0.73125 0.5203125000000002 0.75625 0.5203125000000002
3 0.671875 0.4921875 0.6359375 0.4921875 0.6359375 0.6375 0.671875 0.6375
2 0.59375 0.3531250000000001 0.5671875 0.3531250000000001 0.5671875 0.4484375 0.59375 0.4484375
0 0.5078125 0.434375 0.4875 0.434375 0.4875 0.475 0.5078125 0.475
1 0.890625 0.3109375000000001 0.853125 0.3109375000000001 0.853125 0.4046875000000002 0.890625 0.4046875000000002
2 0.99375 0.5218750000000002 0.953125 0.5218750000000002 0.953125 0.6609375000000002 0.99375 0.6609375000000002
2 1 0.4515625000000002 0.9640625 0.4515625000000002 0.9640625 0.5953125000000001 1 0.5953125000000001
2 0.9984375 0.42187500000000017 0.9640625 0.42187500000000017 0.9640625 0.5515625000000002 0.9984375 0.5515625000000002