2 0.8171875 0.7000000000000002 0.73125 0.7000000000000002 0.7312500000000001 0.7843750000000002 0.8171875 0.7843750000000002
2 0.7421875000000001 0.6703125000000001 0.6734375 0.6703125 0.6734375000000001 0.7390625000000001 0.7421875000000002 0.7390625000000002
2 0.7078125 0.653125 0.609375 0.653125 0.609375 0.6875 0.7078125 0.6875
2 0.571875 0.571875 0.4875 0.571875 0.4875 0.5953125 0.571875 0.5953125
2 0.6078125 0.53125 0.55625 0.53125 0.55625 0.584375 0.6078125 0.584375
2 0.565625 0.4984375 0.503125 0.4984375 0.503125 0.5609375 0.565625 0.5609375
3 0.6453125 0.5109375 0.5546875 0.5109375 0.5546875 0.5421875 0.6453125 0.5421875
2 0.5734375 0.3765625000000001 0.5265625 0.3765625000000001 0.5265625 0.425 0.5734375 0.425
2 0.6078125 0.33281250000000007 0.5546875 0.33281250000000007 0.5546875 0.3859375000000001 0.6078125 0.3859375000000001
2 0.6828125 0.3656250000000001 0.6359375 0.3656250000000001 0.6359375 0.4140625 0.6828125 0.4140625
2 0.7390625 0.2250000000000001 0.6765625 0.2250000000000001 0.6765625 0.28593750000000007 0.7390625 0.28593750000000007
2 0.7515625 0.14843750000000008 0.684375 0.14843750000000008 0.684375 0.2171875000000001 0.7515625 0.2171875000000001
2 0.734375 0.19531250000000008 0.634375 0.19531250000000008 0.634375 0.22656250000000008 0.734375 0.22656250000000008
2 0.6421875 0.2234375000000001 0.58125 0.2234375000000001 0.58125 0.2843750000000001 0.6421875 0.2843750000000001
2 0.640625 0.1859375000000001 0.5625 0.1859375000000001 0.5625 0.2640625000000001 0.640625 0.2640625000000001
2 0.6859375 0.2156250000000001 0.5875 0.2156250000000001 0.5875 0.23593750000000008 0.6859375 0.23593750000000008
1 0.6609375 0.12500000000000008 0.5578125 0.12500000000000008 0.5578125 0.1531250000000001 0.6609375 0.1531250000000001