2 0.12031250000000004 0.3734375 0.07656250000000005 0.3734375 0.07656250000000006 0.528125 0.12031250000000004 0.528125
2 0.18750000000000006 0.25 0.15000000000000005 0.25 0.15000000000000005 0.4046875 0.18750000000000006 0.4046875
2 0.27968750000000003 0.3546875 0.2390625 0.3546875 0.23906250000000004 0.496875 0.2796875000000001 0.496875
2 0.3765625 0.34687500000000004 0.3234375 0.346875 0.32343750000000004 0.4609375 0.3765625000000001 0.4609375
2 0.4609375 0.3578125000000001 0.41875 0.3578125000000001 0.41875 0.478125 0.4609375 0.478125
2 0.5375 0.36406250000000007 0.5046875 0.36406250000000007 0.5046875 0.475 0.5375 0.475
2 0.640625 0.503125 0.5890625 0.503125 0.5890625 0.6609375 0.640625 0.6609375
2 0.6921875000000001 0.6171875 0.65625 0.6171875 0.6562500000000001 0.759375 0.6921875000000002 0.759375
2 0.8171875 0.6046875000000002 0.7421875 0.6046875000000002 0.7421875000000001 0.7656250000000002 0.8171875 0.7656250000000002
2 0.13593750000000007 0.51875 0.09531250000000006 0.51875 0.09531250000000008 0.6578125 0.1359375000000001 0.6578125
1 0.15156250000000007 0.471875 0.11093750000000005 0.471875 0.11093750000000006 0.565625 0.1515625000000001 0.565625
2 0.2218750000000001 0.4015625 0.17500000000000004 0.4015625 0.17500000000000007 0.546875 0.2218750000000001 0.546875
2 0.5265625 0.4265625 0.4828125 0.4265625 0.4828125 0.540625 0.5265625 0.540625
2 0.440625 0.4453125 0.403125 0.4453125 0.403125 0.54375 0.440625 0.54375
1 0.896875 0.4578125000000002 0.8390625 0.4578125000000002 0.8390625 0.5750000000000002 0.896875 0.5750000000000002
0 0.625 0.4171875 0.590625 0.4171875 0.590625 0.4796875 0.625 0.4796875