1 0.13593750000000004 0.2921875 0.10000000000000005 0.2921875 0.10000000000000005 0.4 0.13593750000000004 0.4
3 0.3765625 0.15625000000000006 0.3421875 0.15625000000000006 0.3421875 0.25312500000000004 0.3765625 0.2531250000000001
2 0.6546875 0.2609375000000001 0.6203125 0.2609375000000001 0.6203125 0.3765625000000001 0.6546875 0.3765625000000001
2 0.540625 0.30156250000000007 0.50625 0.30156250000000007 0.50625 0.409375 0.540625 0.409375
3 0.740625 0.4140625000000001 0.7015625 0.4140625 0.7015625 0.5312500000000001 0.740625 0.5312500000000002
2 0.4609375 0.49375 0.421875 0.49375 0.421875 0.6265625 0.4609375 0.6265625
2 0.5078125 0.31718750000000007 0.4734375 0.31718750000000007 0.4734375 0.44375 0.5078125 0.44375
2 0.8125 0.3843750000000001 0.778125 0.3843750000000001 0.778125 0.5031250000000002 0.8125 0.5031250000000002
2 0.79375 0.1781250000000001 0.7734375 0.1781250000000001 0.7734375 0.2578125000000001 0.79375 0.2578125000000001
2 0.48125 0.4203125 0.446875 0.4203125 0.446875 0.5484375 0.48125 0.5484375
2 0.690625 0.2171875000000001 0.665625 0.2171875000000001 0.665625 0.3109375000000001 0.690625 0.3109375000000001
2 0.30937500000000007 0.4140625 0.2734375000000001 0.4140625 0.2734375000000001 0.5515625 0.30937500000000007 0.5515625
2 0.3703125000000001 0.546875 0.3312500000000001 0.546875 0.3312500000000001 0.696875 0.3703125000000001 0.696875
2 0.4546875 0.3578125000000001 0.425 0.3578125000000001 0.425 0.465625 0.4546875 0.465625
2 0.8015625 0.2500000000000001 0.7765625 0.2500000000000001 0.7765625 0.3437500000000001 0.8015625 0.3437500000000001
3 0.85 0.12500000000000008 0.8296875 0.12500000000000008 0.8296875 0.2015625000000001 0.85 0.2015625000000001
0 0.7515625 0.2875000000000001 0.7390625 0.2875000000000001 0.7390625 0.3156250000000001 0.7515625 0.3156250000000001