2 0.06250000000000003 0.2609375 0.025000000000000033 0.2609375 0.02500000000000004 0.3765625 0.06250000000000004 0.3765625
2 0.3296875 0.253125 0.29375 0.253125 0.29375 0.359375 0.3296875 0.359375
2 0.23125000000000004 0.284375 0.18906250000000005 0.284375 0.18906250000000005 0.409375 0.2312500000000001 0.409375
3 0.06718750000000005 0.39375 0.028125000000000046 0.39375 0.028125000000000056 0.5328125 0.06718750000000007 0.5328125
2 0.36406250000000007 0.30156250000000007 0.33125 0.3015625 0.33125000000000004 0.41875 0.36406250000000007 0.41875
2 0.13593750000000004 0.3375 0.10000000000000005 0.3375 0.10000000000000005 0.48125 0.13593750000000004 0.48125
1 0.70625 0.2562500000000001 0.6640625 0.2562500000000001 0.6640625 0.3609375000000001 0.70625 0.3609375000000001
2 0.2312500000000001 0.4546875 0.19531250000000006 0.4546875 0.19531250000000006 0.609375 0.2312500000000001 0.609375
2 0.3656250000000001 0.4328125 0.3312500000000001 0.4328125 0.3312500000000001 0.571875 0.3656250000000001 0.571875
2 0.471875 0.4640625 0.4328125 0.4640625 0.4328125 0.61875 0.471875 0.61875
2 0.409375 0.37187500000000007 0.37968750000000007 0.37187500000000007 0.37968750000000007 0.509375 0.409375 0.509375
2 0.33281250000000007 0.36875 0.3062500000000001 0.36875 0.3062500000000001 0.4984375 0.33281250000000007 0.4984375
2 0.7984375 0.43750000000000017 0.7640625 0.43750000000000017 0.7640625 0.5546875000000002 0.7984375 0.5546875000000002
2 0.746875 0.4046875000000001 0.7140625 0.4046875 0.7140625 0.5359375000000001 0.746875 0.5359375000000002
2 0.12656250000000008 0.6265625 0.09062500000000007 0.6265625 0.09062500000000008 0.8015625 0.12656250000000008 0.8015625
0 0.7859375 0.3734375000000001 0.759375 0.3734375000000001 0.759375 0.4109375000000002 0.7859375 0.4109375000000002