0 0.671875 0.453125 0.64375 0.453125 0.64375 0.49375 0.671875 0.49375
2 0.4859375 0.4140625 0.4546875 0.4140625 0.4546875 0.5359375 0.4859375 0.5359375
2 0.40625 0.4515625 0.3765625000000001 0.4515625 0.3765625000000001 0.5828125 0.40625 0.5828125
2 0.5046875000000001 0.625 0.4765625 0.625 0.4765625000000001 0.7375 0.5046875000000002 0.7375
2 0.5187500000000002 0.7296875 0.4781250000000002 0.7296875 0.4781250000000002 0.8796875 0.5187500000000002 0.8796875
2 0.2593750000000001 0.565625 0.22812500000000008 0.565625 0.22812500000000008 0.73125 0.2593750000000001 0.73125
2 0.6078125 0.4125 0.5625 0.4125 0.5625 0.534375 0.6078125 0.534375
2 0.634375 0.3703125000000001 0.596875 0.3703125000000001 0.596875 0.5140625 0.634375 0.5140625
2 0.703125 0.32500000000000007 0.675 0.32500000000000007 0.675 0.425 0.703125 0.425
2 0.7859375 0.2828125000000001 0.75625 0.2828125000000001 0.75625 0.3921875000000001 0.7859375 0.3921875000000001
2 0.9375 0.26250000000000007 0.903125 0.26250000000000007 0.903125 0.37968750000000007 0.9375 0.37968750000000007
2 0.8578125 0.47656250000000017 0.8109375 0.47656250000000017 0.8109375 0.6250000000000002 0.8578125 0.6250000000000002
2 0.753125 0.4093750000000001 0.7171875 0.409375 0.7171875 0.5328125000000001 0.753125 0.5328125000000001
3 0.9328125 0.5062500000000002 0.8890625 0.5062500000000002 0.8890625 0.6765625000000002 0.9328125 0.6765625000000002
3 0.9546875 0.17968750000000014 0.9265625 0.17968750000000014 0.9265625 0.2734375000000001 0.9546875 0.2734375000000001
1 0.26250000000000007 0.3671875 0.2218750000000001 0.3671875 0.2218750000000001 0.4703125 0.26250000000000007 0.4703125