2 0.07343750000000011 0.8234375 0.0265625000000001 0.8234375 0.02656250000000011 0.9953125 0.07343750000000011 0.9953125
2 0.1843750000000001 0.571875 0.14843750000000008 0.571875 0.14843750000000008 0.740625 0.1843750000000001 0.740625
2 0.14687500000000006 0.4984375 0.11718750000000004 0.4984375 0.11718750000000007 0.65625 0.1468750000000001 0.65625
2 0.17500000000000007 0.45625 0.13750000000000004 0.45625 0.13750000000000007 0.5734375 0.1750000000000001 0.5734375
2 0.3265625000000001 0.475 0.2875000000000001 0.475 0.2875000000000001 0.5875 0.3265625000000001 0.5875
2 0.3687500000000001 0.609375 0.2812500000000001 0.609375 0.2812500000000001 0.671875 0.3687500000000001 0.671875
2 0.415625 0.5390625 0.3812500000000001 0.5390625 0.3812500000000001 0.6734375 0.415625 0.6734375
2 0.421875 0.503125 0.3859375000000001 0.503125 0.3859375000000001 0.5703125 0.421875 0.5703125
2 0.4484375 0.4828125 0.4171875 0.4828125 0.4171875 0.61875 0.4484375 0.61875
2 0.465625 0.546875 0.4375 0.546875 0.4375 0.6796875 0.465625 0.6796875
2 0.4937500000000001 0.6296875 0.4625 0.6296875 0.4625000000000001 0.7796875 0.4937500000000002 0.7796875
2 0.559375 0.559375 0.5234375 0.559375 0.5234375 0.7078125 0.559375 0.7078125
2 0.7281250000000001 0.7515625000000001 0.6812500000000001 0.7515625 0.6812500000000001 0.928125 0.7281250000000001 0.928125
2 0.3234375000000001 0.765625 0.27812500000000007 0.765625 0.27812500000000007 0.9421875 0.3234375000000001 0.9421875
2 0.6109375 0.484375 0.5484375 0.484375 0.5484375 0.5359375 0.6109375 0.5359375