2 0.07343750000000011 0.8390625 0.0328125000000001 0.8390625 0.03281250000000011 0.9953125 0.07343750000000011 0.9953125
2 0.06562500000000007 0.4640625 0.03593750000000005 0.4640625 0.03593750000000006 0.58125 0.06562500000000007 0.58125
2 0.20000000000000004 0.2984375 0.16718750000000004 0.2984375 0.16718750000000004 0.4109375 0.2000000000000001 0.4109375
2 0.35156250000000006 0.290625 0.3203125 0.290625 0.32031250000000006 0.3859375 0.3515625000000001 0.3859375
2 0.4546875 0.2687500000000001 0.41875 0.2687500000000001 0.41875 0.3500000000000001 0.4546875 0.3500000000000001
2 0.41875 0.4171875 0.3859375000000001 0.4171875 0.3859375000000001 0.54375 0.41875 0.54375
2 0.4828125 0.3890625000000001 0.45 0.3890625000000001 0.45 0.5046875 0.4828125 0.5046875
2 0.5 0.2687500000000001 0.471875 0.2687500000000001 0.471875 0.3531250000000001 0.5 0.3531250000000001
2 0.6734375 0.34062500000000007 0.646875 0.34062500000000007 0.646875 0.44375 0.6734375 0.44375
2 0.7484375 0.2578125000000001 0.721875 0.2578125000000001 0.721875 0.3312500000000001 0.7484375 0.3312500000000001
2 0.8421875 0.3578125000000001 0.8046875 0.3578125000000001 0.8046875 0.4515625000000002 0.8421875 0.4515625000000002
2 0.9171875 0.36406250000000007 0.8828125 0.36406250000000007 0.8828125 0.47187500000000016 0.9171875 0.47187500000000016
2 0.6187500000000001 0.778125 0.5781250000000002 0.778125 0.5781250000000002 0.9375 0.6187500000000001 0.9375
2 1 0.45312500000000017 0.9859375 0.45312500000000017 0.9859375 0.5656250000000002 1 0.5656250000000002
2 0.775 0.40625000000000017 0.7453125 0.40625000000000017 0.7453125 0.5265625000000002 0.775 0.5265625000000002