1 0.80625 0.1828125000000001 0.7796875 0.1828125000000001 0.7796875 0.3046875000000001 0.80625 0.3046875000000001
0 0.3031250000000001 0.6875 0.2906250000000001 0.6875 0.2906250000000001 0.71875 0.3031250000000001 0.71875
2 0.2875000000000001 0.59375 0.2640625000000001 0.59375 0.2640625000000001 0.7078125 0.2875000000000001 0.7078125
2 0.31718750000000007 0.528125 0.2796875000000001 0.528125 0.2796875000000001 0.621875 0.31718750000000007 0.621875
2 0.3312500000000001 0.503125 0.3000000000000001 0.503125 0.3000000000000001 0.596875 0.3312500000000001 0.596875
2 0.3343750000000001 0.584375 0.3062500000000001 0.584375 0.3062500000000001 0.725 0.3343750000000001 0.725
2 0.4078125 0.465625 0.37187500000000007 0.465625 0.37187500000000007 0.6125 0.4078125 0.6125
2 0.43437500000000007 0.584375 0.38750000000000007 0.584375 0.38750000000000007 0.75625 0.4343750000000002 0.75625
2 0.528125 0.515625 0.48125 0.515625 0.48125 0.665625 0.528125 0.665625
2 0.634375 0.471875 0.5984375 0.471875 0.5984375 0.60625 0.634375 0.60625
2 0.7875 0.3187500000000001 0.7515625 0.3187500000000001 0.7515625 0.43750000000000017 0.7875 0.43750000000000017
2 0.83125 0.4500000000000002 0.8 0.4500000000000002 0.8 0.5859375000000002 0.83125 0.5859375000000002
3 0.925 0.5031250000000002 0.8953125 0.5031250000000002 0.8953125 0.6406250000000002 0.925 0.6406250000000002
2 0.984375 0.2078125000000001 0.9546875 0.2078125000000001 0.9546875 0.3421875000000001 0.984375 0.3421875000000001