2 0.671875 0.2468750000000001 0.5515625 0.2468750000000001 0.5515625 0.28593750000000007 0.671875 0.28593750000000007
2 0.56875 0.3515625000000001 0.465625 0.3515625000000001 0.465625 0.3890625000000001 0.56875 0.3890625000000001
2 0.6859375 0.3593750000000001 0.5765625 0.3593750000000001 0.5765625 0.3968750000000001 0.6859375 0.3968750000000001
2 0.796875 0.4234375000000001 0.675 0.4234375 0.675 0.4640625000000001 0.796875 0.46406250000000016
2 0.7265625 0.3859375000000001 0.6140625 0.3859375000000001 0.6140625 0.4140625000000001 0.7265625 0.41406250000000017
2 0.6671875 0.09843750000000008 0.5390625 0.09843750000000007 0.5390625 0.14843750000000006 0.6671875 0.14843750000000008
2 0.64375 0.035937500000000074 0.5421875 0.03593750000000007 0.5421875 0.07656250000000007 0.64375 0.07656250000000009
2 0.4703125 0.07656250000000006 0.3765625 0.07656250000000005 0.3765625 0.10625000000000004 0.4703125 0.10625000000000004
2 0.5171875 0.17500000000000004 0.4234375 0.17500000000000004 0.4234375 0.20312500000000008 0.5171875 0.20312500000000008
2 0.5578125 0.10468750000000007 0.48125 0.10468750000000004 0.48125 0.12968750000000007 0.5578125 0.1296875000000001
2 0.7015625 0.2578125000000001 0.5890625 0.2578125000000001 0.5890625 0.2921875000000001 0.7015625 0.2921875000000001
2 0.51875 0.13125000000000003 0.428125 0.13125000000000003 0.428125 0.15468750000000003 0.51875 0.15468750000000003
2 0.5859375 0.12812500000000007 0.5046875 0.12812500000000004 0.5046875 0.16250000000000006 0.5859375 0.1625000000000001
3 0.4890625 0.24218750000000008 0.3875 0.24218750000000008 0.3875 0.2828125000000001 0.4890625 0.2828125000000001
0 0.5734375 0.440625 0.5515625 0.440625 0.5515625 0.453125 0.5734375 0.453125
1 0.5234375000000002 0.7421875 0.42187500000000017 0.7421875 0.42187500000000017 0.7703125 0.5234375000000002 0.7703125