0 0.7390625 0.6015625000000001 0.684375 0.6015625 0.684375 0.6718750000000001 0.7390625 0.6718750000000002
2 0.21875000000000008 0.3984375 0.18593750000000003 0.3984375 0.18593750000000003 0.528125 0.21875000000000008 0.528125
2 0.2390625000000001 0.428125 0.2093750000000001 0.428125 0.2093750000000001 0.5296875 0.2390625000000001 0.5296875
2 0.2812500000000001 0.3953125 0.2500000000000001 0.3953125 0.2500000000000001 0.5140625 0.2812500000000001 0.5140625
2 0.3281250000000001 0.384375 0.2906250000000001 0.384375 0.2906250000000001 0.4734375 0.3281250000000001 0.4734375
2 0.3625000000000001 0.4078125 0.31718750000000007 0.4078125 0.31718750000000007 0.5796875 0.3625000000000001 0.5796875
1 0.3234375000000001 0.4515625 0.2671875000000001 0.4515625 0.2671875000000001 0.640625 0.3234375000000001 0.640625
2 0.4703125 0.3859375000000001 0.4015625 0.3859375000000001 0.4015625 0.6203125 0.4703125 0.6203125
2 0.471875 0.3656250000000001 0.428125 0.3656250000000001 0.428125 0.5546875 0.471875 0.5546875
2 0.5484375000000001 0.409375 0.4390625 0.409375 0.4390625000000001 0.7734375 0.5484375000000001 0.7734375
2 0.50625 0.3859375000000001 0.48125 0.3859375000000001 0.48125 0.446875 0.50625 0.446875
2 0.7015625 0.3781250000000001 0.6859375 0.3781250000000001 0.6859375 0.4578125 0.7015625 0.4578125
2 0.71875 0.39531250000000007 0.69375 0.39531250000000007 0.69375 0.4265625 0.71875 0.4265625
2 0.75 0.38750000000000007 0.721875 0.38750000000000007 0.721875 0.4562500000000001 0.75 0.45625000000000016
2 0.8234375 0.3984375000000001 0.7703125 0.3984375000000001 0.7703125 0.6890625000000001 0.8234375 0.6890625000000001
2 0.8875 0.3390625000000001 0.8171875 0.3390625000000001 0.8171875 0.8109375 0.8875 0.8109375