2 0.3187500000000001 0.7390625 0.2687500000000001 0.7390625 0.2687500000000001 0.93125 0.3187500000000001 0.93125
2 0.06562500000000007 0.5640625 0.025000000000000067 0.5640625 0.025000000000000078 0.725 0.06562500000000009 0.725
2 0.23593750000000008 0.4203125 0.19843750000000004 0.4203125 0.19843750000000004 0.5359375 0.23593750000000008 0.5359375
2 0.27812500000000007 0.421875 0.2406250000000001 0.421875 0.2406250000000001 0.5390625 0.27812500000000007 0.5390625
2 0.29375000000000007 0.4046875 0.2687500000000001 0.4046875 0.2687500000000001 0.540625 0.29375000000000007 0.540625
2 0.3109375000000001 0.5 0.2828125000000001 0.5 0.2828125000000001 0.640625 0.3109375000000001 0.640625
2 0.3625000000000001 0.5734375 0.3203125000000001 0.5734375 0.3203125000000001 0.728125 0.3625000000000001 0.728125
2 0.4578125000000002 0.746875 0.4125000000000002 0.746875 0.4125000000000002 0.9390625 0.4578125000000002 0.9390625
2 0.53125 0.5875 0.4828125 0.5875 0.4828125 0.6828125 0.53125 0.6828125
2 0.540625 0.4359375 0.490625 0.4359375 0.490625 0.5453125 0.540625 0.5453125
2 0.640625 0.496875 0.6109375 0.496875 0.6109375 0.61875 0.640625 0.61875
2 0.65625 0.50625 0.628125 0.50625 0.628125 0.659375 0.65625 0.659375
2 0.7109375 0.521875 0.678125 0.521875 0.678125 0.6578125 0.7109375 0.6578125
2 0.696875 0.4578125 0.6609375 0.4578125 0.6609375 0.5515625 0.696875 0.5515625
2 0.759375 0.5250000000000001 0.725 0.525 0.725 0.6625000000000001 0.759375 0.6625000000000002
2 0.6859375000000001 0.6328125 0.646875 0.6328125 0.6468750000000001 0.7828125 0.6859375000000002 0.7828125
2 0.925 0.7609375000000002 0.8875 0.7609375000000002 0.8875 0.940625 0.925 0.940625
2 0.8 0.43750000000000017 0.765625 0.43750000000000017 0.765625 0.5515625000000002 0.8 0.5515625000000002