2 0.6015625000000001 0.69375 0.4390625 0.69375 0.4390625000000001 0.7375 0.6015625000000002 0.7375
2 0.5187500000000002 0.746875 0.4000000000000002 0.746875 0.4000000000000002 0.7796875 0.5187500000000002 0.7796875
2 0.6171875000000002 0.8484375 0.4515625000000002 0.8484375 0.4515625000000002 0.8921875 0.6171875000000002 0.8921875
2 0.6671875 0.3828125000000001 0.5015625 0.3828125000000001 0.5015625 0.4203125 0.6671875 0.4203125
2 0.51875 0.5796875 0.446875 0.5796875 0.446875 0.6234375 0.51875 0.6234375
2 0.471875 0.6171875 0.36406250000000007 0.6171875 0.36406250000000007 0.646875 0.471875 0.646875
2 0.4796875 0.4890625 0.37187500000000007 0.4890625 0.37187500000000007 0.5140625 0.4796875 0.5140625
2 0.50625 0.4421875 0.3812500000000001 0.4421875 0.3812500000000001 0.4796875 0.50625 0.4796875
2 0.4515625 0.35625000000000007 0.328125 0.35625 0.32812500000000006 0.409375 0.4515625 0.409375
2 0.496875 0.3515625000000001 0.371875 0.3515625000000001 0.37187500000000007 0.3812500000000001 0.496875 0.3812500000000001
2 0.5921875 0.3609375000000001 0.4484375 0.3609375000000001 0.4484375 0.39531250000000007 0.5921875 0.39531250000000007
2 0.45 0.321875 0.3234375 0.321875 0.3234375 0.35000000000000003 0.45 0.3500000000000001
2 0.415625 0.23593750000000005 0.309375 0.2359375 0.309375 0.26093750000000004 0.415625 0.2609375000000001
2 0.5296875 0.003125000000000057 0.396875 0.0031250000000000487 0.396875 0.021875000000000058 0.5296875 0.021875000000000068
0 0.4421875 0.5265625 0.4171875 0.5265625 0.4171875 0.5390625 0.4421875 0.5390625
1 0.43125 0.5375 0.3359375000000001 0.5375 0.3359375000000001 0.6015625 0.43125 0.6015625
3 0.7125000000000001 0.91875 0.5375000000000002 0.91875 0.5375000000000002 0.96875 0.7125000000000001 0.96875