2 0.13593750000000004 0.30625 0.09218750000000005 0.30625 0.09218750000000005 0.4171875 0.13593750000000004 0.4171875
2 0.17812500000000003 0.3359375 0.13750000000000004 0.3359375 0.13750000000000004 0.4265625 0.17812500000000003 0.4265625
2 0.2171875000000001 0.3828125 0.18437500000000004 0.3828125 0.18437500000000004 0.4640625 0.2171875000000001 0.4640625
2 0.1625000000000001 0.6296875 0.11718750000000008 0.6296875 0.11718750000000008 0.778125 0.1625000000000001 0.778125
2 0.2562500000000001 0.496875 0.2171875000000001 0.496875 0.2171875000000001 0.6453125 0.2562500000000001 0.6453125
2 0.18125000000000008 0.5484375 0.1531250000000001 0.5484375 0.1531250000000001 0.6421875 0.18125000000000008 0.6421875
2 0.2750000000000001 0.4546875 0.2515625000000001 0.4546875 0.2515625000000001 0.56875 0.2750000000000001 0.56875
2 0.3218750000000001 0.4359375 0.2734375000000001 0.4359375 0.2734375000000001 0.55625 0.3218750000000001 0.55625
2 0.3734375000000001 0.6390625 0.3312500000000001 0.6390625 0.3312500000000001 0.778125 0.3734375000000001 0.778125
2 0.4328125000000001 0.709375 0.3765625000000001 0.709375 0.3765625000000001 0.8703125 0.43281250000000016 0.8703125
2 0.4796875 0.521875 0.4359375 0.521875 0.4359375 0.6890625 0.4796875 0.6890625
2 0.5546875000000001 0.6515625 0.50625 0.6515625 0.5062500000000001 0.784375 0.5546875000000002 0.784375
2 0.4140625 0.51875 0.3734375000000001 0.51875 0.3734375000000001 0.6203125 0.4140625 0.6203125
3 0.15156250000000007 0.478125 0.12343750000000005 0.478125 0.12343750000000006 0.6203125 0.1515625000000001 0.6203125
2 0.6546875 0.5375 0.60625 0.5375 0.60625 0.6921875 0.6546875 0.6921875
1 0.7390625 0.4765625000000001 0.684375 0.4765625 0.684375 0.5625000000000001 0.7390625 0.5625000000000002