2 0.2109375 0.02031250000000002 0.125 0.020312500000000018 0.125 0.05468750000000002 0.2109375 0.05468750000000002
2 0.12500000000000006 0.190625 0.03906250000000002 0.190625 0.03906250000000003 0.228125 0.12500000000000006 0.228125
2 0.2328125000000001 0.4875 0.16250000000000003 0.4875 0.16250000000000006 0.5578125 0.2328125000000001 0.5578125
2 0.615625 0.37968750000000007 0.559375 0.37968750000000007 0.559375 0.3937500000000001 0.615625 0.3937500000000001
3 0.4390625 0.465625 0.3765625000000001 0.465625 0.3765625000000001 0.4921875 0.4390625 0.4921875
2 0.553125 0.5109375 0.521875 0.5109375 0.521875 0.54375 0.553125 0.54375
2 0.4828125 0.571875 0.4203125 0.571875 0.4203125 0.590625 0.4828125 0.590625
2 0.30937500000000007 0.590625 0.26250000000000007 0.590625 0.26250000000000007 0.6390625 0.30937500000000007 0.6390625
2 0.4796875 0.6171875 0.4390625 0.6171875 0.4390625 0.65625 0.4796875 0.65625
0 0.4390625000000002 0.759375 0.4281250000000002 0.759375 0.4281250000000002 0.7671875 0.4390625000000002 0.7671875
1 0.6468750000000001 0.7109375 0.6234375 0.7109375 0.6234375000000001 0.734375 0.6468750000000002 0.734375