2 0.05781250000000003 0.234375 0.014062500000000028 0.234375 0.014062500000000037 0.3734375 0.057812500000000044 0.3734375
2 0.3796875 0.12968750000000004 0.325 0.12968750000000004 0.325 0.26250000000000007 0.3796875 0.26250000000000007
3 0.3343750000000001 0.3828125 0.2656250000000001 0.3828125 0.2656250000000001 0.50625 0.3343750000000001 0.50625
2 0.471875 0.4046875 0.421875 0.4046875 0.421875 0.56875 0.471875 0.56875
2 0.4703125000000001 0.5921875 0.4078125 0.5921875 0.4078125000000001 0.734375 0.4703125000000002 0.734375
2 0.578125 0.4640625 0.534375 0.4640625 0.534375 0.596875 0.578125 0.596875
2 0.60625 0.3578125000000001 0.578125 0.3578125000000001 0.578125 0.4625 0.60625 0.4625
2 0.63125 0.3312500000000001 0.6046875 0.3312500000000001 0.6046875 0.4640625 0.63125 0.4640625
2 0.7484375 0.3187500000000001 0.721875 0.3187500000000001 0.721875 0.4609375000000001 0.7484375 0.46093750000000017
2 0.7625 0.5156250000000002 0.7265625 0.5156250000000002 0.7265625 0.6171875000000002 0.7625 0.6171875000000002
2 0.70625 0.496875 0.6671875 0.496875 0.6671875 0.5921875 0.70625 0.5921875
2 0.821875 0.41718750000000016 0.7734375 0.41718750000000016 0.7734375 0.5406250000000001 0.821875 0.5406250000000001
2 0.8875 0.5718750000000001 0.8421875 0.5718750000000001 0.8421875 0.7171875000000002 0.8875 0.7171875000000002
2 0.9265625 0.5031250000000002 0.884375 0.5031250000000002 0.884375 0.6328125000000002 0.9265625 0.6328125000000002
0 0.596875 0.546875 0.5796875 0.546875 0.5796875 0.5828125 0.596875 0.5828125