1 0.3984375000000001 0.43125 0.27812500000000007 0.43125 0.27812500000000007 0.46875 0.3984375000000001 0.46875
2 0.5562500000000001 0.903125 0.4109375000000002 0.903125 0.4109375000000002 0.9484375 0.5562500000000001 0.9484375
2 1 0.4734375000000002 0.8515625 0.4734375000000002 0.8515625 0.5640625000000001 1 0.5640625000000001
2 0.721875 0.2406250000000001 0.5921875 0.2406250000000001 0.5921875 0.28593750000000007 0.721875 0.28593750000000007
2 0.775 0.3968750000000001 0.6328125 0.3968750000000001 0.6328125 0.44218750000000007 0.775 0.4421875000000002
2 0.640625 0.3921875000000001 0.546875 0.3921875000000001 0.546875 0.4328125 0.640625 0.4328125
2 0.6296875 0.27812500000000007 0.490625 0.27812500000000007 0.490625 0.3218750000000001 0.6296875 0.3218750000000001
2 0.54375 0.3062500000000001 0.4453125 0.3062500000000001 0.4453125 0.3359375000000001 0.54375 0.3359375000000001
0 0.571875 0.3296875000000001 0.521875 0.3296875000000001 0.521875 0.3468750000000001 0.571875 0.3468750000000001
2 0.6453125 0.4890625 0.4859375 0.4890625 0.4859375 0.5265625 0.6453125 0.5265625
2 0.475 0.6046875 0.3421875000000001 0.6046875 0.3421875000000001 0.6484375 0.475 0.6484375
2 0.4234375000000002 0.7296875 0.2750000000000001 0.7296875 0.2750000000000001 0.7796875 0.4234375000000002 0.7796875
2 0.3703125000000001 0.946875 0.2406250000000001 0.946875 0.2406250000000001 0.9859375 0.3703125000000001 0.9859375
3 0.6875000000000001 0.71875 0.525 0.71875 0.5250000000000001 0.771875 0.6875000000000002 0.771875
2 0.8734375 0.6921875000000001 0.7046875 0.6921875 0.7046875000000001 0.7312500000000001 0.8734375 0.7312500000000002
2 0.8609375 0.6484375000000001 0.6859375 0.6484375 0.6859375 0.6953125000000001 0.8609375 0.6953125000000002
2 0.546875 0.3968750000000001 0.4234375 0.3968750000000001 0.4234375 0.45 0.546875 0.45
2 0.59375 0.4625 0.4609375 0.4625 0.4609375 0.4875 0.59375 0.4875