2 0.6234375 0.27812500000000007 0.5953125 0.27812500000000007 0.5953125 0.38750000000000007 0.6234375 0.38750000000000007
2 0.81875 0.27812500000000007 0.796875 0.27812500000000007 0.796875 0.3750000000000001 0.81875 0.3750000000000001
2 0.7125 0.490625 0.68125 0.490625 0.68125 0.6 0.7125 0.6
2 0.38750000000000007 0.5453125 0.3546875000000001 0.5453125 0.3546875000000001 0.68125 0.38750000000000007 0.68125
2 0.46875 0.2531250000000001 0.43125 0.2531250000000001 0.43125 0.3593750000000001 0.46875 0.3593750000000001
2 0.525 0.18125000000000005 0.5015625 0.18125000000000005 0.5015625 0.2562500000000001 0.525 0.2562500000000001
2 0.6609375 0.1984375000000001 0.6234375 0.1984375000000001 0.6234375 0.2718750000000001 0.6609375 0.2718750000000001
2 0.584375 0.1671875000000001 0.553125 0.1671875000000001 0.553125 0.2515625000000001 0.584375 0.2515625000000001
0 0.55625 0.2140625000000001 0.54375 0.2140625000000001 0.54375 0.24218750000000008 0.55625 0.24218750000000008
2 0.37187500000000007 0.36406250000000007 0.3390625000000001 0.3640625 0.3390625000000001 0.5046875 0.37187500000000007 0.5046875
2 0.34218750000000003 0.3625 0.3109375 0.3625 0.31093750000000003 0.4875 0.3421875000000001 0.4875
2 0.4015625000000001 0.71875 0.3593750000000001 0.71875 0.3593750000000001 0.85 0.40156250000000016 0.85
3 0.7125 0.3281250000000001 0.6875 0.3281250000000001 0.6875 0.425 0.7125 0.425