1 0.4234375 0.3281250000000001 0.384375 0.3281250000000001 0.384375 0.475 0.4234375 0.475
0 0.4390625 0.3781250000000001 0.4171875 0.3781250000000001 0.4171875 0.421875 0.4390625 0.421875
2 0.3234375000000001 0.6234375 0.2484375000000001 0.6234375 0.2484375000000001 0.7984375 0.3234375000000001 0.7984375
2 0.40625 0.45625 0.3750000000000001 0.45625 0.3750000000000001 0.603125 0.40625 0.603125
2 0.4390625 0.4859375 0.4015625 0.4859375 0.4015625 0.6359375 0.4390625 0.6359375
2 0.4609375 0.3984375000000001 0.4265625 0.3984375000000001 0.4265625 0.5390625 0.4609375 0.5390625
2 0.634375 0.4328125 0.5828125 0.4328125 0.5828125 0.559375 0.634375 0.559375
2 0.6796875000000001 0.5921875 0.64375 0.5921875 0.64375 0.740625 0.6796875000000002 0.740625
2 0.7750000000000001 0.88125 0.6718750000000002 0.88125 0.6718750000000002 1 0.7750000000000001 1
2 0.878125 0.5375000000000002 0.834375 0.5375000000000002 0.834375 0.7078125000000002 0.878125 0.7078125000000002
2 0.96875 0.3578125000000001 0.9203125 0.3578125000000001 0.9203125 0.5296875000000002 0.96875 0.5296875000000002
3 0.8234375 0.5453125000000002 0.7828125 0.5453125000000002 0.7828125 0.6953125000000002 0.8234375 0.6953125000000002
2 0.8203125 0.5156250000000002 0.7828125 0.5156250000000002 0.7828125 0.5625000000000002 0.8203125 0.5625000000000002
2 0.796875 0.46875000000000017 0.7765625 0.46875000000000017 0.7765625 0.5578125000000002 0.796875 0.5578125000000002
2 0.7828125 0.4390625000000002 0.7546875 0.4390625000000002 0.7546875 0.5671875000000002 0.7828125 0.5671875000000002
2 0.734375 0.3468750000000001 0.709375 0.3468750000000001 0.709375 0.4765625000000001 0.734375 0.47656250000000017
2 0.696875 0.3234375000000001 0.65625 0.3234375000000001 0.65625 0.440625 0.696875 0.440625
2 0.6859375 0.4078125 0.6578125 0.4078125 0.6578125 0.584375 0.6859375 0.584375