2 0.7125 0.41875 0.5875 0.41875 0.5875 0.45 0.7125 0.45
2 0.609375 0.38750000000000007 0.4890625 0.38750000000000007 0.4890625 0.43125 0.609375 0.43125
2 0.4625 0.4015625 0.3687500000000001 0.4015625 0.3687500000000001 0.4328125 0.4625 0.4328125
2 0.4734375 0.4359375 0.3671875000000001 0.4359375 0.3671875000000001 0.4578125 0.4734375 0.4578125
2 0.56875 0.06562500000000006 0.4453125 0.06562500000000004 0.4453125 0.10625000000000007 0.56875 0.1062500000000001
2 0.34375 0.14531250000000004 0.2546875 0.14531250000000004 0.2546875 0.16875000000000004 0.34375 0.16875000000000004
2 0.4171875 0.042187500000000044 0.315625 0.04218750000000003 0.315625 0.07656250000000005 0.4171875 0.07656250000000005
2 0.3140625 0.07187500000000004 0.2078125 0.07187500000000002 0.2078125 0.09375000000000003 0.3140625 0.09375000000000004
2 0.31250000000000006 0.3453125 0.23125 0.3453125 0.23125000000000004 0.36875 0.3125000000000001 0.36875
2 0.30312500000000003 0.3578125 0.221875 0.3578125 0.22187500000000004 0.3796875 0.3031250000000001 0.3796875
0 0.2734375 0.3296875 0.2515625 0.3296875 0.2515625 0.3390625 0.2734375 0.3390625
1 0.4265625 0.6125 0.31718750000000007 0.6125 0.31718750000000007 0.6390625 0.4265625 0.6390625