2 0.6265625 0.3312500000000001 0.5984375 0.3312500000000001 0.5984375 0.4359375 0.6265625 0.4359375
0 0.715625 0.534375 0.696875 0.534375 0.696875 0.578125 0.715625 0.578125
2 0.8375 0.3500000000000001 0.809375 0.3500000000000001 0.809375 0.4593750000000002 0.8375 0.4593750000000002
2 0.884375 0.4078125000000002 0.8296875 0.4078125000000002 0.8296875 0.5250000000000001 0.884375 0.5250000000000001
2 0.8046875 0.4578125000000002 0.7671875 0.4578125000000002 0.7671875 0.5781250000000002 0.8046875 0.5781250000000002
2 0.821875 0.7187500000000002 0.7859375 0.7187500000000002 0.7859375000000001 0.89375 0.821875 0.89375
2 0.7687500000000002 0.803125 0.7218750000000002 0.803125 0.7218750000000002 0.990625 0.7687500000000002 0.990625
2 0.4906250000000001 0.646875 0.446875 0.646875 0.4468750000000001 0.7765625 0.4906250000000002 0.7765625
2 0.3687500000000001 0.56875 0.3281250000000001 0.56875 0.3281250000000001 0.7140625 0.3687500000000001 0.7140625
2 0.3218750000000001 0.490625 0.28593750000000007 0.490625 0.28593750000000007 0.628125 0.3218750000000001 0.628125
2 0.1687500000000001 0.6265625 0.1312500000000001 0.6265625 0.1312500000000001 0.79375 0.1687500000000001 0.79375
2 0.3859375000000001 0.4703125 0.3468750000000001 0.4703125 0.3468750000000001 0.5953125 0.3859375000000001 0.5953125
2 0.4203125 0.4359375 0.3921875000000001 0.4359375 0.3921875000000001 0.5859375 0.4203125 0.5859375
1 0.3750000000000001 0.36406250000000007 0.3437500000000001 0.3640625 0.3437500000000001 0.4578125 0.3750000000000001 0.4578125
2 0.525 0.4515625 0.484375 0.4515625 0.484375 0.590625 0.525 0.590625
2 0.5515625 0.409375 0.5296875 0.409375 0.5296875 0.5140625 0.5515625 0.5140625
2 0.565625 0.4625 0.5375 0.4625 0.5375 0.5875 0.565625 0.5875
3 0.5796875000000001 0.5890625 0.528125 0.5890625 0.5281250000000001 0.728125 0.5796875000000001 0.728125