2 0.4078125 0.39843750000000006 0.2968750000000001 0.3984375 0.2968750000000001 0.446875 0.4078125 0.446875
2 0.79375 0.050000000000000086 0.6859375 0.050000000000000086 0.6859375 0.07968750000000009 0.79375 0.07968750000000009
2 0.8703125 0.3671875000000001 0.753125 0.3671875000000001 0.753125 0.4078125000000002 0.8703125 0.4078125000000002
2 0.6703125 0.5515625 0.553125 0.5515625 0.553125 0.5890625 0.6703125 0.5890625
2 0.6984375 0.6046875 0.571875 0.6046875 0.571875 0.6453125 0.6984375 0.6453125
2 0.7093750000000002 0.746875 0.6046875000000002 0.746875 0.6046875000000002 0.771875 0.7093750000000002 0.771875
2 0.5187500000000002 0.803125 0.3765625000000001 0.803125 0.3765625000000001 0.84375 0.5187500000000002 0.84375
2 0.46093750000000017 0.74375 0.3187500000000001 0.74375 0.3187500000000001 0.784375 0.46093750000000017 0.784375
2 0.5890625 0.6984375 0.475 0.6984375 0.4750000000000001 0.7359375 0.5890625000000002 0.7359375
2 0.4140625 0.6203125 0.2906250000000001 0.6203125 0.2906250000000001 0.6578125 0.4140625 0.6578125
2 0.478125 0.5671875 0.3734375000000001 0.5671875 0.3734375000000001 0.6 0.478125 0.6
2 0.50625 0.5984375 0.4109375 0.5984375 0.4109375 0.6265625 0.50625 0.6265625
0 0.36406250000000007 0.56875 0.3296875000000001 0.56875 0.3296875000000001 0.59375 0.36406250000000007 0.59375
3 0.6203125 0.3078125000000001 0.4875 0.3078125000000001 0.4875 0.3515625000000001 0.6203125 0.3515625000000001