2 0.4390625 0.21093750000000008 0.4078125 0.21093750000000008 0.4078125 0.3000000000000001 0.4390625 0.3000000000000001
2 0.2671875 0.271875 0.2265625 0.271875 0.22656250000000006 0.38125 0.2671875000000001 0.38125
2 0.5171875 0.3296875000000001 0.4890625 0.3296875000000001 0.4890625 0.36406250000000007 0.5171875 0.36406250000000007
2 0.5484375 0.3156250000000001 0.5109375 0.3156250000000001 0.5109375 0.4125 0.5484375 0.4125
2 0.815625 0.42500000000000016 0.775 0.42500000000000016 0.775 0.5562500000000001 0.815625 0.5562500000000001
2 0.6296875 0.5609375 0.5984375 0.5609375 0.5984375 0.7125 0.6296875 0.7125
2 0.4125 0.578125 0.3750000000000001 0.578125 0.3750000000000001 0.7125 0.4125 0.7125
2 0.3921875000000001 0.8078125 0.3515625000000001 0.8078125 0.3515625000000001 0.9953125 0.3921875000000001 0.9953125
3 0.590625 0.16562500000000008 0.55625 0.16562500000000008 0.55625 0.2750000000000001 0.590625 0.2750000000000001
3 0.12656250000000008 0.5015625 0.08906250000000007 0.5015625 0.08906250000000007 0.6515625 0.12656250000000008 0.6515625
0 0.578125 0.36406250000000007 0.55 0.36406250000000007 0.55 0.4078125 0.578125 0.4078125