2 0.7734375 0.534375 0.7203125 0.534375 0.7203125 0.6703125000000001 0.7734375 0.6703125000000002
2 0.5765625 0.4859375 0.5453125 0.4859375 0.5453125 0.5921875 0.5765625 0.5921875
3 0.2796875000000001 0.4359375 0.23437500000000008 0.4359375 0.23437500000000008 0.5546875 0.2796875000000001 0.5546875
2 0.571875 0.3984375000000001 0.546875 0.3984375000000001 0.546875 0.5046875 0.571875 0.5046875
2 0.3421875000000001 0.528125 0.3078125000000001 0.528125 0.3078125000000001 0.6421875 0.3421875000000001 0.6421875
2 0.459375 0.37187500000000007 0.428125 0.37187500000000007 0.428125 0.46875 0.459375 0.46875
2 0.32031250000000006 0.309375 0.3 0.309375 0.30000000000000004 0.41875 0.3203125000000001 0.41875
2 0.2140625 0.253125 0.19218750000000004 0.253125 0.19218750000000004 0.328125 0.2140625 0.328125
2 0.2375000000000001 0.3765625 0.21250000000000008 0.3765625 0.21250000000000008 0.490625 0.2375000000000001 0.490625
2 0.2140625000000001 0.3671875 0.17500000000000004 0.3671875 0.17500000000000004 0.4546875 0.2140625000000001 0.4546875
2 0.08281250000000008 0.6078125 0.05468750000000007 0.6078125 0.054687500000000076 0.7546875 0.0828125000000001 0.7546875
2 0.03906250000000004 0.2765625 0.004687500000000034 0.2765625 0.00468750000000004 0.36875 0.03906250000000004 0.36875
3 0.03281250000000002 0.15 0.007812500000000019 0.15 0.007812500000000023 0.2125 0.03281250000000002 0.2125
1 0.7265625 0.3125000000000001 0.6953125 0.3125000000000001 0.6953125 0.3468750000000001 0.7265625 0.3468750000000001