2 0.2734375000000001 0.69375 0.24375000000000008 0.69375 0.24375000000000008 0.809375 0.2734375000000001 0.809375
2 0.23437500000000008 0.634375 0.2078125000000001 0.634375 0.2078125000000001 0.7203125 0.23437500000000008 0.7203125
2 0.2750000000000001 0.6125 0.22656250000000008 0.6125 0.22656250000000008 0.69375 0.2750000000000001 0.69375
2 0.3531250000000001 0.665625 0.3000000000000001 0.665625 0.3000000000000001 0.73125 0.3531250000000001 0.73125
2 0.45781250000000007 0.6421875 0.428125 0.6421875 0.4281250000000001 0.7671875 0.4578125000000002 0.7671875
2 0.540625 0.5734375 0.509375 0.5734375 0.509375 0.675 0.540625 0.675
2 0.6703125000000001 0.6421875 0.64375 0.6421875 0.64375 0.75625 0.6703125000000002 0.75625
2 0.6562500000000002 0.7875 0.6375000000000002 0.7875 0.6375000000000002 0.915625 0.6562500000000002 0.915625
2 0.6250000000000002 0.8640625 0.5953125000000001 0.8640625 0.5953125000000001 0.9875 0.6250000000000002 0.9875
2 0.740625 0.5890625 0.7 0.5890625 0.7 0.7031250000000001 0.740625 0.7031250000000002
2 0.825 0.5421875000000002 0.8046875 0.5421875000000002 0.8046875 0.6281250000000002 0.825 0.6281250000000002
2 0.8359375 0.4625000000000002 0.8046875 0.4625000000000002 0.8046875 0.5515625000000002 0.8359375 0.5515625000000002
2 0.4421875 0.4625 0.40625 0.4625 0.40625 0.5578125 0.4421875 0.5578125