3 0.6015625 0.4359375 0.56875 0.4359375 0.56875 0.5484375 0.6015625 0.5484375
2 0.4578125 0.3734375000000001 0.43125 0.3734375000000001 0.43125 0.46875 0.4578125 0.46875
2 0.4171875 0.3546875000000001 0.39375 0.3546875000000001 0.39375000000000004 0.453125 0.4171875 0.453125
2 0.94375 0.7781250000000002 0.89375 0.7781250000000002 0.89375 0.959375 0.94375 0.959375
2 0.778125 0.3437500000000001 0.75625 0.3437500000000001 0.75625 0.4359375000000002 0.778125 0.4359375000000002
2 0.17031250000000003 0.390625 0.14218750000000005 0.390625 0.14218750000000005 0.521875 0.17031250000000003 0.521875
2 0.1781250000000001 0.5984375 0.1390625000000001 0.5984375 0.1390625000000001 0.746875 0.1781250000000001 0.746875
2 0.3359375000000001 0.6203125 0.3046875000000001 0.6203125 0.3046875000000001 0.7484375 0.3359375000000001 0.7484375
2 0.36562500000000003 0.2984375 0.334375 0.2984375 0.33437500000000003 0.4046875 0.3656250000000001 0.4046875
2 0.50625 0.525 0.4703125 0.525 0.4703125 0.6421875 0.50625 0.6421875
2 0.9921875 0.5140625000000002 0.9625 0.5140625000000002 0.9625 0.6406250000000002 0.9921875 0.6406250000000002
3 0.521875 0.17343750000000005 0.4875 0.17343750000000005 0.4875 0.27812500000000007 0.521875 0.27812500000000007
2 0.596875 0.27812500000000007 0.5671875 0.27812500000000007 0.5671875 0.3687500000000001 0.596875 0.3687500000000001
0 0.56875 0.32500000000000007 0.55625 0.32500000000000007 0.55625 0.3453125000000001 0.56875 0.3453125000000001