3 0.58125 0.578125 0.5453125 0.578125 0.5453125 0.715625 0.58125 0.715625
2 0.79375 0.4937500000000002 0.75625 0.4937500000000002 0.75625 0.6250000000000002 0.79375 0.6250000000000002
2 0.4828125000000001 0.5984375 0.4421875 0.5984375 0.44218750000000007 0.7515625 0.4828125000000002 0.7515625
2 0.7140625 0.46875 0.678125 0.46875 0.678125 0.6125 0.7140625 0.6125
2 0.875 0.4109375000000002 0.8421875 0.4109375000000002 0.8421875 0.5437500000000002 0.875 0.5437500000000002
2 0.6203125 0.6625 0.58125 0.6625 0.58125 0.8125 0.6203125000000002 0.8125
2 0.8359375 0.3890625000000001 0.8046875 0.3890625000000001 0.8046875 0.5093750000000001 0.8359375 0.5093750000000001
2 0.19375000000000006 0.5171875 0.15781250000000005 0.5171875 0.15781250000000008 0.653125 0.1937500000000001 0.653125
2 0.2250000000000001 0.5171875 0.19062500000000004 0.5171875 0.19062500000000007 0.6390625 0.2250000000000001 0.6390625
2 0.496875 0.3765625000000001 0.4671875 0.3765625000000001 0.4671875 0.4703125 0.496875 0.4703125
2 0.3843750000000001 0.471875 0.3468750000000001 0.471875 0.3468750000000001 0.59375 0.3843750000000001 0.59375
2 0.3609375000000001 0.3953125 0.3312500000000001 0.3953125 0.3312500000000001 0.4984375 0.3609375000000001 0.4984375
2 0.446875 0.4640625 0.415625 0.4640625 0.415625 0.5734375 0.446875 0.5734375
2 0.4265625 0.4765625 0.3937500000000001 0.4765625 0.3937500000000001 0.5921875 0.4265625 0.5921875
2 0.4046875 0.3859375000000001 0.37968750000000007 0.3859375000000001 0.37968750000000007 0.5 0.4046875 0.5
1 0.2718750000000001 0.4171875 0.2390625000000001 0.4171875 0.2390625000000001 0.534375 0.2718750000000001 0.534375
3 0.3609375 0.3375 0.33125 0.3375 0.33125000000000004 0.4203125 0.3609375000000001 0.4203125
2 0.7453125 0.1921875000000001 0.7125 0.1921875000000001 0.7125 0.2968750000000001 0.7453125 0.2968750000000001