1 0.5703125 0.24687500000000004 0.3453125 0.246875 0.3453125 0.30937500000000007 0.5703125 0.30937500000000007
2 0.6203125 0.2593750000000001 0.5140625 0.2593750000000001 0.5140625 0.3062500000000001 0.6203125 0.3062500000000001
2 0.6484375 0.4046875 0.4546875 0.4046875 0.4546875 0.4515625 0.6484375 0.4515625
2 0.6140625 0.5125 0.4484375 0.5125 0.4484375 0.578125 0.6140625 0.578125
3 0.6140625 0.659375 0.5078125 0.659375 0.5078125 0.684375 0.6140625 0.684375
2 0.60625 0.5984375 0.54375 0.5984375 0.54375 0.6296875 0.60625 0.6296875
2 0.6250000000000002 0.753125 0.4781250000000002 0.753125 0.4781250000000002 0.790625 0.6250000000000002 0.790625
2 0.5890625000000002 0.753125 0.3515625000000001 0.753125 0.3515625000000001 0.828125 0.5890625000000002 0.828125
2 0.6062500000000002 0.8796875 0.4156250000000002 0.8796875 0.4156250000000002 0.9390625 0.6062500000000002 0.9390625
2 0.6187500000000001 0.846875 0.5296875000000002 0.846875 0.5296875000000002 0.878125 0.6187500000000001 0.878125
2 0.6109375000000001 0.8046875 0.5578125000000002 0.8046875 0.5578125000000002 0.8234375 0.6109375000000001 0.8234375