2 0.24375000000000008 0.6328125 0.2062500000000001 0.6328125 0.2062500000000001 0.7859375 0.24375000000000008 0.7859375
2 0.13750000000000007 0.4515625 0.10312500000000005 0.4515625 0.10312500000000006 0.5734375 0.1375000000000001 0.5734375
2 0.3453125000000001 0.4453125 0.3062500000000001 0.4453125 0.3062500000000001 0.540625 0.3453125000000001 0.540625
2 0.3765625000000001 0.4421875 0.3468750000000001 0.4421875 0.3468750000000001 0.5453125 0.3765625000000001 0.5453125
2 0.4421875 0.4390625 0.4140625 0.4390625 0.4140625 0.5125 0.4421875 0.5125
2 0.4421875 0.4921875 0.415625 0.4921875 0.415625 0.5875 0.4421875 0.5875
2 0.5578125 0.5 0.534375 0.5 0.534375 0.609375 0.5578125 0.609375
2 0.5734375 0.48125 0.553125 0.48125 0.553125 0.5953125 0.5734375 0.5953125
2 0.696875 0.5359375 0.6703125 0.5359375 0.6703125 0.6515625 0.696875 0.6515625
2 0.71875 0.4875 0.69375 0.4875 0.69375 0.596875 0.71875 0.596875
2 0.7328125 0.5375000000000001 0.709375 0.5375 0.709375 0.6609375000000001 0.7328125 0.6609375000000002
2 0.7906250000000001 0.6187500000000001 0.7546875 0.6187500000000001 0.7546875000000001 0.7531250000000002 0.7906250000000001 0.7531250000000002
2 0.7031250000000002 0.790625 0.6734375000000001 0.790625 0.6734375000000001 0.9359375 0.7031250000000002 0.9359375
2 0.7390625000000002 0.815625 0.6984375000000002 0.815625 0.6984375000000002 0.978125 0.7390625000000002 0.978125
2 0.5734375 0.609375 0.540625 0.609375 0.5406250000000001 0.7265625 0.5734375000000002 0.7265625
2 0.9203125 0.47187500000000016 0.890625 0.47187500000000016 0.890625 0.6000000000000002 0.9203125 0.6000000000000002