1 0.540625 0.18437500000000004 0.4078125 0.18437500000000004 0.4078125 0.2796875000000001 0.540625 0.2796875000000001
2 0.4437500000000002 0.896875 0.2875000000000001 0.896875 0.2875000000000001 0.95 0.4437500000000002 0.95
3 0.48437500000000017 0.8453125 0.3671875000000001 0.8453125 0.3671875000000001 0.8953125 0.48437500000000017 0.8953125
2 0.6546875000000002 0.9125 0.5250000000000001 0.9125 0.5250000000000001 0.9609375 0.6546875000000002 0.9609375
2 0.7046875000000001 0.934375 0.6062500000000002 0.934375 0.6062500000000002 0.9625 0.7046875000000001 0.9625
2 0.6265625000000001 0.8375 0.4781250000000002 0.8375 0.4781250000000002 0.88125 0.6265625000000001 0.88125
2 0.5750000000000002 0.88125 0.4671875000000002 0.88125 0.4671875000000002 0.9109375 0.5750000000000002 0.9109375
2 0.6546875 0.6875 0.4921875 0.6875 0.4921875 0.725 0.6546875 0.725
2 0.6171875 0.6234375 0.471875 0.6234375 0.471875 0.6703125 0.6171875 0.6703125
2 0.5125 0.5921875 0.3828125000000001 0.5921875 0.3828125000000001 0.6328125 0.5125 0.6328125
2 0.559375 0.503125 0.4203125 0.503125 0.4203125 0.55 0.559375 0.55
2 0.56875 0.4453125 0.4421875 0.4453125 0.4421875 0.49375 0.56875 0.49375
2 0.484375 0.33593750000000006 0.3484375 0.3359375 0.34843750000000007 0.38281250000000006 0.484375 0.3828125000000001
2 0.4390625 0.26250000000000007 0.309375 0.2625 0.309375 0.30937500000000007 0.4390625 0.30937500000000007
2 0.4171875 0.21875000000000006 0.303125 0.21875 0.303125 0.25312500000000004 0.4171875 0.2531250000000001