3 0.5109375 0.07812500000000006 0.3859375 0.07812500000000004 0.3859375 0.12031250000000004 0.5109375 0.12031250000000004
2 0.6234375 0.17187500000000006 0.5125 0.17187500000000006 0.5125 0.2015625000000001 0.6234375 0.2015625000000001
2 0.665625 0.1281250000000001 0.559375 0.1281250000000001 0.559375 0.1625000000000001 0.665625 0.1625000000000001
2 0.709375 0.1859375000000001 0.6 0.1859375000000001 0.6 0.2171875000000001 0.709375 0.2171875000000001
2 0.5453125 0.3937500000000001 0.4390625 0.3937500000000001 0.4390625 0.425 0.5453125 0.425
2 0.5078125 0.525 0.38750000000000007 0.525 0.38750000000000007 0.5625 0.5078125 0.5625
2 0.571875 0.515625 0.4515625 0.515625 0.4515625 0.54375 0.571875 0.54375
2 0.609375 0.3703125000000001 0.503125 0.3703125000000001 0.503125 0.3984375000000001 0.609375 0.3984375000000001
2 0.6375 0.34843750000000007 0.5390625 0.34843750000000007 0.5390625 0.3765625000000001 0.6375 0.3765625000000001
2 0.6625 0.3140625000000001 0.546875 0.3140625000000001 0.546875 0.34062500000000007 0.6625 0.34062500000000007
1 0.6765625 0.53125 0.56875 0.53125 0.56875 0.5546875 0.6765625 0.5546875
2 0.5625 0.2875000000000001 0.446875 0.2875000000000001 0.446875 0.32500000000000007 0.5625 0.32500000000000007