1 0.428125 0.3546875000000001 0.384375 0.3546875000000001 0.384375 0.459375 0.428125 0.459375
3 0.8609375 0.42187500000000017 0.8265625 0.42187500000000017 0.8265625 0.5390625000000002 0.8609375 0.5390625000000002
2 0.1390625000000001 0.6796875 0.10781250000000009 0.6796875 0.10781250000000009 0.8375 0.1390625000000001 0.8375
2 0.5062500000000001 0.7203125 0.465625 0.7203125 0.46562500000000007 0.8890625 0.5062500000000002 0.8890625
2 0.659375 0.6671875 0.6171875 0.6671875 0.6171875000000001 0.83125 0.6593750000000002 0.83125
2 0.8109375 0.6187500000000001 0.7796875 0.6187500000000001 0.7796875000000001 0.7875000000000002 0.8109375 0.7875000000000002
2 0.640625 0.4703125 0.6046875 0.4703125 0.6046875 0.6078125 0.640625 0.6078125
2 0.578125 0.4203125 0.546875 0.4203125 0.546875 0.5421875 0.578125 0.5421875
2 0.55 0.3296875000000001 0.521875 0.3296875000000001 0.521875 0.428125 0.55 0.428125
2 0.53125 0.3906250000000001 0.509375 0.3906250000000001 0.509375 0.5046875 0.53125 0.5046875
2 0.4984375 0.3968750000000001 0.4734375 0.3968750000000001 0.4734375 0.4921875 0.4984375 0.4921875
2 0.475 0.3968750000000001 0.4453125 0.3968750000000001 0.4453125 0.50625 0.475 0.50625
2 0.4984375 0.38750000000000007 0.4734375 0.38750000000000007 0.4734375 0.503125 0.4984375 0.503125
2 0.875 0.2906250000000001 0.834375 0.2906250000000001 0.834375 0.40156250000000016 0.875 0.40156250000000016
2 0.4515625 0.3828125000000001 0.4171875 0.3828125000000001 0.4171875 0.509375 0.4515625 0.509375