2 0.7171875000000002 0.8890625 0.5781250000000002 0.8890625 0.5781250000000002 0.934375 0.7171875000000002 0.934375
2 0.5468750000000002 0.8984375 0.4125000000000002 0.8984375 0.4125000000000002 0.9359375 0.5468750000000002 0.9359375
2 0.5718750000000001 0.83125 0.4281250000000002 0.83125 0.4281250000000002 0.86875 0.5718750000000001 0.86875
2 0.3421875000000001 0.8796875 0.1515625000000001 0.8796875 0.1515625000000001 0.9203125 0.3421875000000001 0.9203125
2 0.7343750000000002 0.803125 0.5953125000000001 0.803125 0.5953125000000001 0.840625 0.7343750000000002 0.840625
3 0.61875 0.56875 0.484375 0.56875 0.484375 0.615625 0.61875 0.615625
2 0.715625 0.459375 0.6 0.459375 0.6 0.5125 0.715625 0.5125
2 0.5953125 0.3593750000000001 0.465625 0.3593750000000001 0.465625 0.3968750000000001 0.5953125 0.3968750000000001
2 0.4078125 0.34062500000000007 0.2421875 0.340625 0.24218750000000006 0.384375 0.4078125 0.3843750000000001
2 0.7828125 0.3296875000000001 0.6671875 0.3296875000000001 0.6671875 0.3765625000000001 0.7828125 0.3765625000000001
2 0.7765625 0.28593750000000007 0.6609375 0.28593750000000007 0.6609375 0.3109375000000001 0.7765625 0.3109375000000001
2 0.7453125 0.2609375000000001 0.6171875 0.2609375000000001 0.6171875 0.30156250000000007 0.7453125 0.30156250000000007
2 0.7 0.1687500000000001 0.5484375 0.1687500000000001 0.5484375 0.2218750000000001 0.7 0.2218750000000001
2 0.6875 0.12656250000000008 0.55 0.12656250000000008 0.55 0.17343750000000008 0.6875 0.17343750000000008
2 0.6734375 0.06718750000000008 0.4984375 0.06718750000000007 0.4984375 0.10781250000000006 0.6734375 0.10781250000000009
0 0.7046875 0.4203125 0.6484375 0.4203125 0.6484375 0.4546875 0.7046875 0.4546875