2 0.29375 0.2328125 0.2625 0.2328125 0.2625 0.340625 0.29375 0.340625
2 0.253125 0.21875 0.21875 0.21875 0.21875 0.3359375 0.253125 0.3359375
3 0.19687500000000005 0.3546875 0.16406250000000006 0.3546875 0.16406250000000006 0.4640625 0.19687500000000005 0.4640625
2 0.23437500000000008 0.403125 0.17187500000000006 0.403125 0.17187500000000006 0.509375 0.23437500000000008 0.509375
2 0.02656250000000009 0.609375 7.462691432304184e-17 0.609375 8.562960040913134e-17 0.7890625 0.0265625000000001 0.7890625
2 0.459375 0.3281250000000001 0.415625 0.3281250000000001 0.415625 0.4234375 0.459375 0.4234375
2 0.515625 0.18906250000000005 0.4671875 0.18906250000000005 0.4671875 0.2875000000000001 0.515625 0.2875000000000001
2 0.4671875 0.2015625000000001 0.4328125 0.2015625000000001 0.4328125 0.3078125000000001 0.4671875 0.3078125000000001
2 0.70625 0.27031250000000007 0.659375 0.27031250000000007 0.659375 0.3609375000000001 0.70625 0.3609375000000001
2 0.746875 0.2890625000000001 0.715625 0.2890625000000001 0.715625 0.3937500000000001 0.746875 0.3937500000000001
2 0.8125 0.3812500000000001 0.7546875 0.3812500000000001 0.7546875 0.49531250000000016 0.8125 0.49531250000000016
2 0.7421875 0.4984375000000001 0.6921875 0.4984375 0.6921875 0.6343750000000001 0.7421875 0.6343750000000001
2 0.840625 0.5781250000000002 0.803125 0.5781250000000002 0.803125 0.7171875000000002 0.840625 0.7171875000000002