3 0.22656250000000006 0.325 0.17812500000000003 0.325 0.17812500000000003 0.51875 0.22656250000000008 0.51875
2 0.4406250000000001 0.6515625 0.403125 0.6515625 0.40312500000000007 0.7625 0.44062500000000016 0.7625
2 0.4750000000000002 0.7375 0.42187500000000017 0.7375 0.42187500000000017 0.8671875 0.4750000000000002 0.8671875
0 0.5062500000000002 0.784375 0.4890625000000002 0.784375 0.4890625000000002 0.875 0.5062500000000002 0.875
2 0.35000000000000003 0.325 0.2859375 0.325 0.28593750000000007 0.4734375 0.3500000000000001 0.4734375
2 0.2203125 0.19843750000000002 0.17968750000000006 0.1984375 0.17968750000000006 0.31875 0.2203125 0.31875
2 0.31875000000000003 0.23125 0.2859375 0.23125 0.28593750000000007 0.3640625 0.3187500000000001 0.3640625
2 0.3765625 0.21562500000000004 0.3390625 0.215625 0.3390625 0.35468750000000004 0.3765625 0.3546875000000001
2 0.440625 0.3375000000000001 0.409375 0.3375000000000001 0.409375 0.4703125 0.440625 0.4703125
2 0.478125 0.27812500000000007 0.44375 0.27812500000000007 0.44375 0.4203125 0.478125 0.4203125
2 0.5765625 0.4109375 0.5390625 0.4109375 0.5390625 0.553125 0.5765625 0.553125
2 0.5296875 0.3984375000000001 0.4796875 0.3984375000000001 0.4796875 0.546875 0.5296875 0.546875
2 0.53125 0.3343750000000001 0.490625 0.3343750000000001 0.490625 0.4578125 0.53125 0.4578125
1 0.6828125 0.2968750000000001 0.6046875 0.2968750000000001 0.6046875 0.4421875 0.6828125 0.4421875