1 0.8578125 0.2734375000000001 0.7203125 0.2734375000000001 0.7203125 0.3078125000000001 0.8578125 0.3078125000000001
2 0.8234375 0.0890625000000001 0.6765625 0.08906250000000009 0.6765625 0.1296875000000001 0.8234375 0.1296875000000001
3 0.5203125 0.06718750000000005 0.38125 0.06718750000000004 0.38125 0.10468750000000004 0.5203125 0.10468750000000004
2 0.5265625 0.19687500000000005 0.365625 0.19687500000000005 0.365625 0.2312500000000001 0.5265625 0.2312500000000001
2 0.41875 0.18437500000000004 0.2390625 0.18437500000000004 0.2390625 0.22812500000000005 0.41875 0.22812500000000008
2 0.6625 0.40625 0.53125 0.40625 0.53125 0.434375 0.6625 0.434375
2 0.496875 0.3765625000000001 0.3750000000000001 0.3765625000000001 0.3750000000000001 0.4203125 0.496875 0.4203125
0 0.3203125 0.3359375 0.2671875 0.3359375 0.2671875 0.3609375 0.3203125 0.3609375
2 0.3859375000000001 0.39375000000000004 0.23437500000000008 0.39375 0.23437500000000008 0.4375 0.3859375000000001 0.4375
2 0.3656250000000001 0.4703125 0.2218750000000001 0.4703125 0.2218750000000001 0.5140625 0.3656250000000001 0.5140625
2 0.453125 0.59375 0.30937500000000007 0.59375 0.30937500000000007 0.634375 0.453125 0.634375
2 0.4515625 0.6515625 0.3000000000000001 0.6515625 0.3000000000000001 0.6953125 0.4515625 0.6953125
2 0.38750000000000007 0.6546875 0.2500000000000001 0.6546875 0.2500000000000001 0.7046875 0.38750000000000007 0.7046875
2 0.5562500000000001 0.7421875 0.3906250000000001 0.7421875 0.3906250000000001 0.7890625 0.5562500000000001 0.7890625
2 0.4734375000000002 0.7859375 0.3078125000000001 0.7859375 0.3078125000000001 0.8203125 0.4734375000000002 0.8203125