1 0.6203125 0.07656250000000006 0.5109375 0.07656250000000006 0.5109375 0.12656250000000008 0.6203125 0.12656250000000008
3 0.828125 0.809375 0.7406250000000002 0.809375 0.7406250000000002 0.834375 0.828125 0.834375
3 0.5125000000000002 0.7859375 0.3500000000000001 0.7859375 0.3500000000000001 0.8171875 0.5125000000000002 0.8171875
2 0.609375 0.3453125000000001 0.503125 0.3453125000000001 0.503125 0.3734375000000001 0.609375 0.3734375000000001
2 0.603125 0.3921875000000001 0.496875 0.3921875000000001 0.496875 0.4203125 0.603125 0.4203125
2 0.6796875 0.496875 0.5609375 0.496875 0.5609375 0.525 0.6796875 0.525
2 0.728125 0.6218750000000001 0.634375 0.621875 0.634375 0.6531250000000001 0.728125 0.6531250000000002
2 0.715625 0.6640625 0.60625 0.6640625 0.60625 0.6921875 0.715625 0.6921875
2 0.7546875000000002 0.8640625 0.6562500000000002 0.8640625 0.6562500000000002 0.8953125 0.7546875000000002 0.8953125
2 0.6375000000000002 0.9515625 0.5000000000000002 0.9515625 0.5000000000000002 0.9828125 0.6375000000000002 0.9828125
2 0.5296875000000002 0.84375 0.3812500000000001 0.84375 0.3812500000000001 0.884375 0.5296875000000002 0.884375
2 0.521875 0.6328125 0.3906250000000001 0.6328125 0.3906250000000001 0.6671875 0.521875 0.6671875
2 0.5390625 0.6640625 0.4140625 0.6640625 0.4140625 0.7015625 0.5390625 0.7015625
2 0.3546875000000001 0.4328125 0.16562500000000005 0.4328125 0.16562500000000005 0.4671875 0.3546875000000001 0.4671875
2 0.2421875 0.309375 0.08906250000000004 0.309375 0.08906250000000004 0.35 0.2421875 0.35
2 0.3859375 0.13593750000000004 0.234375 0.13593750000000004 0.234375 0.17968750000000006 0.3859375 0.17968750000000006
2 0.5421875 0.3390625000000001 0.3984375 0.3390625000000001 0.39843750000000006 0.3859375000000001 0.5421875 0.3859375000000001
0 0.475 0.6546875 0.459375 0.6546875 0.459375 0.6703125 0.475 0.6703125