2 0.4203125000000002 0.8203125 0.3812500000000001 0.8203125 0.3812500000000001 0.984375 0.4203125000000002 0.984375
2 0.10000000000000006 0.5375 0.05937500000000007 0.5375 0.05937500000000008 0.659375 0.10000000000000009 0.659375
2 0.2890625000000001 0.4078125 0.2515625000000001 0.4078125 0.2515625000000001 0.53125 0.2890625000000001 0.53125
2 0.5640625 0.50625 0.5359375 0.50625 0.5359375 0.64375 0.5640625 0.64375
2 0.29687500000000006 0.2984375 0.259375 0.2984375 0.259375 0.4046875 0.2968750000000001 0.4046875
2 0.5703125 0.39531250000000007 0.54375 0.39531250000000007 0.54375 0.5046875 0.5703125 0.5046875
2 0.5859375 0.3656250000000001 0.559375 0.3656250000000001 0.559375 0.4796875 0.5859375 0.4796875
2 0.7078125 0.4234375 0.6765625 0.4234375 0.6765625 0.546875 0.7078125 0.546875
2 0.7984375 0.47187500000000016 0.7640625 0.47187500000000016 0.7640625 0.6046875000000002 0.7984375 0.6046875000000002
2 0.8359375 0.4859375000000002 0.8015625 0.4859375000000002 0.8015625 0.5906250000000002 0.8359375 0.5906250000000002
2 0.2609375 0.2484375 0.2296875 0.2484375 0.2296875 0.3359375 0.2609375 0.3359375
0 0.2421875 0.315625 0.225 0.315625 0.225 0.35 0.2421875 0.35
1 0.865625 0.3812500000000001 0.8328125 0.3812500000000001 0.8328125 0.49531250000000016 0.865625 0.49531250000000016