2 0.3750000000000001 0.503125 0.3125000000000001 0.503125 0.3125000000000001 0.6359375 0.3750000000000001 0.6359375
2 0.4765625 0.4421875 0.4171875 0.4421875 0.4171875 0.5984375 0.4765625 0.5984375
2 0.746875 0.30156250000000007 0.690625 0.30156250000000007 0.690625 0.42656250000000007 0.746875 0.4265625000000002
2 0.7953125 0.1765625000000001 0.7515625 0.1765625000000001 0.7515625 0.30156250000000007 0.7953125 0.30156250000000007
2 0.7015625 0.1765625000000001 0.6515625 0.1765625000000001 0.6515625 0.2765625000000001 0.7015625 0.2765625000000001
2 0.4921875 0.25468750000000007 0.4359375 0.25468750000000007 0.4359375 0.36406250000000007 0.4921875 0.36406250000000007
2 0.440625 0.2406250000000001 0.403125 0.2406250000000001 0.403125 0.35625000000000007 0.440625 0.35625000000000007
2 0.4015625 0.30625 0.3578125 0.30625 0.35781250000000003 0.44375 0.4015625 0.44375
2 0.978125 0.2093750000000001 0.925 0.2093750000000001 0.925 0.3437500000000001 0.978125 0.3437500000000001
2 0.9984375 0.19531250000000014 0.9765625 0.19531250000000014 0.9765625 0.3359375000000001 0.9984375 0.3359375000000001
3 1 0.3109375000000001 0.9859375 0.3109375000000001 0.9859375 0.3828125000000001 1 0.3828125000000001