2 0.4609375 0.6171875 0.27031250000000007 0.6171875 0.27031250000000007 0.6671875 0.4609375 0.6671875
2 0.4828125 0.415625 0.28593750000000007 0.415625 0.28593750000000007 0.465625 0.4828125 0.465625
2 0.6390625 0.37968750000000007 0.4703125 0.37968750000000007 0.4703125 0.4125 0.6390625 0.4125
2 0.68125 0.2656250000000001 0.540625 0.2656250000000001 0.540625 0.2906250000000001 0.68125 0.2906250000000001
2 0.7640625 0.3078125000000001 0.6375 0.3078125000000001 0.6375 0.3296875000000001 0.7640625 0.3296875000000001
2 0.7671875 0.2093750000000001 0.6359375 0.2093750000000001 0.6359375 0.22812500000000008 0.7671875 0.22812500000000008
2 0.653125 0.425 0.5875 0.425 0.5875 0.453125 0.653125 0.453125
2 0.6984375 0.6265625 0.559375 0.6265625 0.559375 0.6703125 0.6984375 0.6703125
2 0.68125 0.68125 0.534375 0.68125 0.534375 0.7125 0.68125 0.7125
2 0.6687500000000002 0.78125 0.5218750000000002 0.78125 0.5218750000000002 0.8171875 0.6687500000000002 0.8171875
1 0.6421875 0.475 0.5640625 0.475 0.5640625 0.525 0.6421875 0.525
2 0.534375 0.09062500000000005 0.3625 0.09062500000000004 0.3625 0.12968750000000004 0.534375 0.12968750000000004
3 0.61875 0.025000000000000067 0.45625 0.025000000000000057 0.45625 0.08281250000000007 0.61875 0.08281250000000007
2 0.678125 0.026562500000000072 0.584375 0.026562500000000065 0.584375 0.06718750000000008 0.678125 0.0671875000000001