2 0.6875 0.503125 0.625 0.503125 0.625 0.6359375 0.6875 0.6359375
2 0.584375 0.440625 0.525 0.440625 0.525 0.5984375 0.584375 0.5984375
2 0.30937500000000007 0.3 0.2546875 0.3 0.25468750000000007 0.4265625 0.30937500000000007 0.4265625
2 0.25 0.17656250000000004 0.2046875 0.17656250000000004 0.2046875 0.303125 0.25 0.303125
2 0.35 0.17656250000000004 0.3 0.17656250000000004 0.3 0.2765625 0.35 0.2765625
2 0.5640625 0.25468750000000007 0.509375 0.25468750000000007 0.509375 0.36406250000000007 0.5640625 0.36406250000000007
2 0.5984375 0.2406250000000001 0.559375 0.2406250000000001 0.559375 0.35625000000000007 0.5984375 0.35625000000000007
2 0.64375 0.3062500000000001 0.6 0.3062500000000001 0.6 0.44375 0.64375 0.44375
2 0.07656250000000003 0.209375 0.023437500000000028 0.209375 0.023437500000000035 0.34375 0.07656250000000005 0.34375
2 0.025000000000000033 0.1953125 0.0015625000000000235 0.1953125 0.0015625000000000322 0.3359375 0.025000000000000043 0.3359375
3 0.014062500000000042 0.3109375 3.807886141098801e-17 0.3109375 4.247993584542381e-17 0.3828125 0.014062500000000044 0.3828125