2 0.17656250000000004 0.2640625 0.14375000000000004 0.2640625 0.14375000000000004 0.409375 0.17656250000000004 0.409375
2 0.28593750000000007 0.490625 0.2640625000000001 0.490625 0.2640625000000001 0.625 0.28593750000000007 0.625
2 0.3156250000000001 0.4953125 0.2812500000000001 0.4953125 0.2812500000000001 0.634375 0.3156250000000001 0.634375
2 0.21250000000000008 0.79375 0.1671875000000001 0.79375 0.1671875000000001 1 0.21250000000000008 1
2 0.496875 0.2156250000000001 0.471875 0.2156250000000001 0.471875 0.3140625000000001 0.496875 0.3140625000000001
2 0.546875 0.22812500000000008 0.515625 0.22812500000000008 0.515625 0.3265625000000001 0.546875 0.3265625000000001
3 0.625 0.4015625 0.58125 0.4015625 0.58125 0.5453125 0.625 0.5453125
2 0.690625 0.2500000000000001 0.6546875 0.2500000000000001 0.6546875 0.3843750000000001 0.690625 0.3843750000000001
2 0.721875 0.2765625000000001 0.6921875 0.2765625000000001 0.6921875 0.38750000000000007 0.721875 0.38750000000000007
2 0.7578125 0.2328125000000001 0.7359375 0.2328125000000001 0.7359375 0.3468750000000001 0.7578125 0.3468750000000001
2 0.790625 0.42968750000000017 0.7578125 0.42968750000000017 0.7578125 0.5796875000000001 0.790625 0.5796875000000001
2 0.7890625000000001 0.6437500000000002 0.7421875 0.6437500000000002 0.7421875000000001 0.7937500000000002 0.7890625000000002 0.7937500000000002
2 0.8078125 0.6906250000000002 0.759375 0.6906250000000002 0.7593750000000001 0.85625 0.8078125 0.85625
2 0.9390625 0.48437500000000017 0.8953125 0.48437500000000017 0.8953125 0.6250000000000002 0.9390625 0.6250000000000002
2 0.971875 0.3109375000000001 0.9375 0.3109375000000001 0.9375 0.44843750000000016 0.971875 0.44843750000000016
0 0.496875 0.2796875000000001 0.475 0.2796875000000001 0.475 0.3281250000000001 0.496875 0.3281250000000001