2 0.7515625 0.010937500000000079 0.5453125 0.010937500000000067 0.5453125 0.060937500000000075 0.7515625 0.06093750000000009
2 0.61875 0.3828125000000001 0.3843750000000001 0.3828125000000001 0.3843750000000001 0.4265625 0.61875 0.4265625
1 0.4640625 0.5921875 0.3265625000000001 0.5921875 0.3265625000000001 0.6796875 0.4640625 0.6796875
0 0.3531250000000001 0.4640625 0.2750000000000001 0.4640625 0.2750000000000001 0.5109375 0.3531250000000001 0.5109375
3 0.7765625 0.5281250000000001 0.6015625 0.528125 0.6015625 0.5625000000000001 0.7765625 0.5625000000000002
2 0.9296875 0.4156250000000002 0.81875 0.4156250000000002 0.81875 0.4656250000000002 0.9296875 0.4656250000000002
2 0.934375 0.4812500000000002 0.8046875 0.4812500000000002 0.8046875 0.5093750000000001 0.934375 0.5093750000000001
2 0.9953125 0.7687500000000002 0.8796875 0.7687500000000002 0.8796875 0.803125 0.9953125 0.803125
2 0.95 0.825 0.803125 0.825 0.803125 0.85 0.95 0.85
2 0.7687500000000002 0.84375 0.5875000000000001 0.84375 0.5875000000000001 0.8984375 0.7687500000000002 0.8984375
2 0.7296875 0.7093750000000001 0.5328125 0.709375 0.5328125000000001 0.7562500000000001 0.7296875000000002 0.7562500000000002
2 0.65625 0.6859375 0.459375 0.6859375 0.459375 0.7234375 0.65625 0.7234375
2 0.5734375 0.715625 0.4046875 0.715625 0.4046875000000001 0.796875 0.5734375000000002 0.796875
2 0.5984375000000002 0.7609375 0.3921875000000001 0.7609375 0.3921875000000001 0.8265625 0.5984375000000002 0.8265625
2 0.5765625000000002 0.859375 0.40156250000000016 0.859375 0.40156250000000016 0.925 0.5765625000000002 0.925