1 0.3687500000000001 0.53125 0.2843750000000001 0.53125 0.2843750000000001 0.6203125 0.3687500000000001 0.6203125
3 0.37968750000000007 0.759375 0.2984375000000001 0.759375 0.2984375000000001 0.978125 0.37968750000000007 0.978125
2 0.4921875000000001 0.653125 0.4359375 0.653125 0.4359375000000001 0.76875 0.49218750000000017 0.76875
2 0.5093750000000001 0.734375 0.4156250000000002 0.734375 0.4156250000000002 0.9234375 0.5093750000000001 0.9234375
2 0.5734375 0.7109375 0.4859375 0.7109375 0.4859375000000001 0.8765625 0.5734375000000002 0.8765625
2 0.5625000000000001 0.6203125 0.490625 0.6203125 0.4906250000000001 0.78125 0.5625000000000002 0.78125
2 0.6640625000000001 0.6 0.6109375 0.6 0.6109375000000001 0.7609375 0.6640625000000002 0.7609375
2 0.6546875 0.4953125 0.6203125 0.4953125 0.6203125 0.6234375 0.6546875 0.6234375
2 0.7375 0.5953125000000001 0.66875 0.5953125 0.6687500000000001 0.7609375 0.7375000000000002 0.7609375000000002
2 1 0.6062500000000002 0.9625 0.6062500000000002 0.9625 0.7625000000000002 1 0.7625000000000002
2 1 0.5390625000000002 0.9625 0.5390625000000002 0.9625 0.6234375000000002 1 0.6234375000000002
2 1 0.49531250000000016 0.96875 0.49531250000000016 0.96875 0.5656250000000002 1 0.5656250000000002
0 0.17343750000000008 0.578125 0.1515625000000001 0.578125 0.1515625000000001 0.64375 0.17343750000000008 0.64375