3 0.73125 0.3078125000000001 0.709375 0.3078125000000001 0.709375 0.4140625000000001 0.73125 0.41406250000000017
3 0.3031250000000001 0.7109375 0.26250000000000007 0.7109375 0.26250000000000007 0.9015625 0.3031250000000001 0.9015625
1 0.3453125000000001 0.4375 0.3109375000000001 0.4375 0.3109375000000001 0.5515625 0.3453125000000001 0.5515625
2 0.709375 0.5078125 0.6578125 0.5078125 0.6578125 0.6328125 0.709375 0.6328125
2 0.971875 0.4703125000000002 0.9390625 0.4703125000000002 0.9390625 0.6062500000000002 0.971875 0.6062500000000002
2 0.9875 0.5093750000000001 0.9578125 0.5093750000000001 0.9578125 0.6093750000000002 0.9875 0.6093750000000002
2 1 0.4421875000000002 0.98125 0.4421875000000002 0.98125 0.5875000000000001 1 0.5875000000000001
2 0.753125 0.6687500000000001 0.7078125 0.66875 0.7078125000000001 0.840625 0.7531250000000002 0.840625
2 0.690625 0.646875 0.6484375 0.646875 0.6484375000000001 0.7859375 0.6906250000000002 0.7859375
2 0.6468750000000001 0.6484375 0.603125 0.6484375 0.6031250000000001 0.796875 0.6468750000000002 0.796875
2 0.6093750000000001 0.6625 0.55625 0.6625 0.5562500000000001 0.80625 0.6093750000000002 0.80625
2 0.5921875000000002 0.73125 0.5328125000000001 0.73125 0.5328125000000001 0.8921875 0.5921875000000002 0.8921875
3 0.640625 0.596875 0.6078125 0.596875 0.6078125 0.6375 0.640625 0.6375