2 0.6953125000000002 0.8640625 0.5843750000000002 0.8640625 0.5843750000000002 0.9078125 0.6953125000000002 0.9078125
2 0.6640625000000002 0.821875 0.5734375000000002 0.821875 0.5734375000000002 0.8625 0.6640625000000002 0.8625
2 0.6187500000000001 0.7828125 0.5375000000000002 0.7828125 0.5375000000000002 0.815625 0.6187500000000001 0.815625
2 0.3703125000000001 0.8390625 0.2218750000000001 0.8390625 0.2218750000000001 0.884375 0.3703125000000001 0.884375
2 0.5031250000000002 0.7453125 0.3546875000000001 0.7453125 0.3546875000000001 0.7828125 0.5031250000000002 0.7828125
2 0.4515625000000002 0.8203125 0.3578125000000001 0.8203125 0.3578125000000001 0.8484375 0.4515625000000002 0.8484375
2 0.5468750000000001 0.725 0.4328125 0.725 0.4328125000000001 0.75 0.5468750000000002 0.75
2 0.565625 0.6796875 0.4453125 0.6796875 0.4453125000000001 0.728125 0.5656250000000002 0.728125
2 0.3609375000000001 0.628125 0.2218750000000001 0.628125 0.2218750000000001 0.66875 0.3609375000000001 0.66875
2 0.2906250000000001 0.5671875 0.1312500000000001 0.5671875 0.1312500000000001 0.6234375 0.2906250000000001 0.6234375
2 0.478125 0.5203125 0.3125000000000001 0.5203125 0.3125000000000001 0.5640625 0.478125 0.5640625
2 0.34843750000000007 0.446875 0.2156250000000001 0.446875 0.2156250000000001 0.4953125 0.34843750000000007 0.4953125
2 0.48125 0.5875 0.37968750000000007 0.5875 0.37968750000000007 0.628125 0.48125 0.628125
3 0.5218750000000002 0.8484375 0.37968750000000007 0.8484375 0.37968750000000007 0.8765625 0.5218750000000002 0.8765625
2 0.4640625 0.3453125 0.309375 0.3453125 0.30937500000000007 0.39375000000000004 0.4640625 0.3937500000000001
1 0.525 0.26250000000000007 0.4375 0.26250000000000007 0.4375 0.3156250000000001 0.525 0.3156250000000001