2 0.6296875 0.540625 0.5734375 0.540625 0.5734375 0.7046875 0.6296875 0.7046875
2 0.11562500000000006 0.4546875 0.07031250000000007 0.4546875 0.07031250000000007 0.6078125 0.11562500000000009 0.6078125
0 0.18750000000000006 0.4984375 0.17031250000000003 0.4984375 0.17031250000000003 0.54375 0.18750000000000006 0.54375
2 0.5203125 0.35625000000000007 0.4890625 0.35625000000000007 0.4890625 0.490625 0.5203125 0.490625
1 0.4078125 0.321875 0.3609375 0.321875 0.3609375 0.4421875 0.4078125 0.4421875
2 0.6125 0.3750000000000001 0.571875 0.3750000000000001 0.571875 0.5328125 0.6125 0.5328125
2 0.78125 0.2828125000000001 0.7453125 0.2828125000000001 0.7453125 0.4187500000000002 0.78125 0.4187500000000002
2 0.715625 0.4765625 0.6625 0.4765625 0.6625 0.6390625 0.715625 0.6390625
2 0.7875 0.4625000000000002 0.746875 0.4625000000000002 0.746875 0.6109375000000001 0.7875 0.6109375000000001
2 0.896875 0.3265625000000001 0.8453125 0.3265625000000001 0.8453125 0.46406250000000016 0.896875 0.46406250000000016
2 0.909375 0.3890625000000001 0.8796875 0.3890625000000001 0.8796875 0.5390625000000002 0.909375 0.5390625000000002
3 0.940625 0.4671875000000002 0.90625 0.4671875000000002 0.90625 0.6250000000000002 0.940625 0.6250000000000002
3 0.734375 0.1703125000000001 0.6984375 0.1703125000000001 0.6984375 0.2890625000000001 0.734375 0.2890625000000001