1 0.546875 0.12187500000000007 0.4171875 0.12187500000000004 0.4171875 0.17812500000000006 0.546875 0.1781250000000001
2 0.725 0.2578125000000001 0.565625 0.2578125000000001 0.565625 0.2984375000000001 0.725 0.2984375000000001
2 0.765625 0.34843750000000007 0.59375 0.34843750000000007 0.59375 0.4140625000000001 0.765625 0.41406250000000017
2 0.584375 0.35625000000000007 0.4359375 0.35625000000000007 0.4359375 0.3937500000000001 0.584375 0.3937500000000001
2 0.8140625 0.4625000000000001 0.6484375 0.4625 0.6484375 0.5218750000000001 0.8140625 0.5218750000000002
2 0.6234375 0.4140625 0.490625 0.4140625 0.490625 0.4484375 0.6234375 0.4484375
2 0.54375 0.4609375 0.4109375 0.4609375 0.4109375 0.4984375 0.54375 0.4984375
2 0.55625 0.5109375 0.4140625 0.5109375 0.4140625 0.55625 0.55625 0.55625
2 0.4625 0.5734375 0.29375000000000007 0.5734375 0.29375000000000007 0.6109375 0.4625 0.6109375
2 0.39531250000000007 0.6578125 0.2562500000000001 0.6578125 0.2562500000000001 0.6984375 0.39531250000000007 0.6984375
2 0.7406250000000002 0.7875000000000001 0.6046875000000002 0.7875 0.6046875000000002 0.840625 0.7406250000000002 0.840625
2 0.9265625 0.6453125000000002 0.7546875 0.6453125000000002 0.7546875 0.6984375000000002 0.9265625 0.6984375000000002
2 0.5218750000000002 0.840625 0.3765625000000001 0.840625 0.3765625000000001 0.865625 0.5218750000000002 0.865625
2 0.5062500000000001 0.7125 0.3921875000000001 0.7125 0.3921875000000001 0.75 0.5062500000000002 0.75
3 0.6015625000000002 0.7453125 0.48437500000000017 0.7453125 0.48437500000000017 0.7828125 0.6015625000000002 0.7828125
3 0.2750000000000001 0.634375 0.19687500000000008 0.634375 0.19687500000000008 0.675 0.2750000000000001 0.675
0 0.5187500000000002 0.7984375 0.42500000000000016 0.7984375 0.42500000000000016 0.828125 0.5187500000000002 0.828125