2 0.2875000000000001 0.6859375 0.2390625000000001 0.6859375 0.2390625000000001 0.83125 0.2875000000000001 0.83125
2 0.33281250000000007 0.528125 0.2640625000000001 0.528125 0.2640625000000001 0.6671875 0.33281250000000007 0.6671875
2 0.4609375 0.525 0.4109375 0.525 0.4109375 0.6359375 0.4609375 0.6359375
2 0.5765625 0.50625 0.5265625 0.50625 0.5265625 0.6453125 0.5765625 0.6453125
2 0.5390625 0.4171875 0.4984375 0.4171875 0.4984375 0.521875 0.5390625 0.521875
2 0.6515625 0.5 0.603125 0.5 0.603125 0.6328125 0.6515625 0.6328125
1 0.12500000000000006 0.3609375 0.08125000000000004 0.3609375 0.08125000000000006 0.484375 0.12500000000000006 0.484375
2 0.6421875 0.3437500000000001 0.60625 0.3437500000000001 0.60625 0.4609375 0.6421875 0.4609375
2 0.7453125 0.29375000000000007 0.7140625 0.29375000000000007 0.7140625 0.41093750000000007 0.7453125 0.4109375000000002
3 0.7421875 0.1453125000000001 0.725 0.1453125000000001 0.725 0.2171875000000001 0.7421875 0.2171875000000001
3 0.7703125000000001 0.6015625000000002 0.7265625 0.6015625000000002 0.7265625000000001 0.7468750000000002 0.7703125000000002 0.7468750000000002
2 0.5109375 0.6046875 0.471875 0.6046875 0.471875 0.7125 0.5109375 0.7125
0 0.46875 0.6484375 0.45 0.6484375 0.45 0.6921875 0.46875 0.6921875
2 0.7953125 0.5375000000000002 0.759375 0.5375000000000002 0.759375 0.6671875000000002 0.7953125 0.6671875000000002
2 0.9640625 0.3218750000000001 0.9234375 0.3218750000000001 0.9234375 0.4421875000000002 0.9640625 0.4421875000000002
2 1 0.30156250000000007 0.9609375 0.30156250000000007 0.9609375 0.4343750000000002 1 0.4343750000000002
2 1 0.6718750000000002 0.9796875 0.6718750000000002 0.9796875 0.840625 1 0.840625