2 0.38750000000000007 0.37812500000000004 0.27812500000000007 0.378125 0.27812500000000007 0.40625 0.38750000000000007 0.40625
2 0.375 0.18281250000000004 0.278125 0.18281250000000004 0.278125 0.20468750000000005 0.375 0.20468750000000008
2 0.6 0.2890625000000001 0.490625 0.2890625000000001 0.490625 0.3203125000000001 0.6 0.3203125000000001
2 0.68125 0.6125 0.5453125 0.6125 0.5453125 0.6453125 0.68125 0.6453125
2 0.3593750000000001 0.5328125 0.2531250000000001 0.5328125 0.2531250000000001 0.5703125 0.3593750000000001 0.5703125
2 0.2562500000000001 0.4765625 0.18125000000000005 0.4765625 0.18125000000000005 0.5 0.2562500000000001 0.5
2 0.27187500000000003 0.340625 0.19843750000000004 0.340625 0.19843750000000004 0.378125 0.2718750000000001 0.378125
2 0.2515625000000001 0.4171875 0.16718750000000004 0.4171875 0.16718750000000004 0.4484375 0.2515625000000001 0.4484375
0 0.24218750000000008 0.4453125 0.2140625000000001 0.4453125 0.2140625000000001 0.4578125 0.24218750000000008 0.4578125
2 0.5046875 0.628125 0.36406250000000007 0.628125 0.36406250000000007 0.6609375 0.5046875 0.6609375
2 0.4875 0.6578125 0.3625000000000001 0.6578125 0.3625000000000001 0.6890625 0.4875 0.6890625
2 0.85 0.5984375000000001 0.71875 0.5984375 0.71875 0.6406250000000001 0.85 0.6406250000000002
3 0.425 0.28750000000000003 0.328125 0.2875 0.328125 0.31250000000000006 0.425 0.3125000000000001