2 0.6718750000000001 0.715625 0.5515625 0.715625 0.5515625000000001 0.7546875 0.6718750000000002 0.7546875
2 0.56875 0.6125 0.465625 0.6125 0.465625 0.65 0.56875 0.65
2 0.6859375 0.603125 0.5765625 0.603125 0.5765625 0.640625 0.6859375 0.640625
2 0.796875 0.5359375000000001 0.675 0.5359375 0.675 0.5765625000000001 0.796875 0.5765625000000002
2 0.7265625 0.5875000000000001 0.6140625 0.5875 0.6140625 0.6156250000000001 0.7265625 0.6156250000000002
2 0.6671875000000002 0.8515625 0.5390625000000002 0.8515625 0.5390625000000002 0.9015625 0.6671875000000002 0.9015625
2 0.6437500000000002 0.925 0.5421875000000002 0.925 0.5421875000000002 0.965625 0.6437500000000002 0.965625
2 0.4703125000000002 0.8953125 0.3765625000000001 0.8953125 0.3765625000000001 0.925 0.4703125000000002 0.925
2 0.5171875000000001 0.7984375 0.4234375000000002 0.7984375 0.4234375000000002 0.8265625 0.5171875000000001 0.8265625
2 0.5578125000000002 0.8703125 0.4812500000000002 0.8703125 0.4812500000000002 0.8953125 0.5578125000000002 0.8953125
2 0.7015625000000001 0.709375 0.5890625 0.709375 0.5890625 0.74375 0.7015625000000002 0.74375
2 0.5187500000000002 0.846875 0.4281250000000002 0.846875 0.4281250000000002 0.8703125 0.5187500000000002 0.8703125
2 0.5859375000000002 0.8375 0.5046875000000002 0.8375 0.5046875000000002 0.871875 0.5859375000000002 0.871875
3 0.48906250000000007 0.7171875 0.38750000000000007 0.7171875 0.38750000000000007 0.7578125 0.4890625000000002 0.7578125
0 0.5734375 0.5484375 0.5515625 0.5484375 0.5515625 0.5609375 0.5734375 0.5609375
1 0.5234375 0.2296875000000001 0.421875 0.2296875000000001 0.421875 0.2578125000000001 0.5234375 0.2578125000000001