1 0.5125 0.4234375 0.4578125 0.4234375 0.4578125 0.4796875 0.5125 0.4796875
2 0.45 0.5671875 0.4015625 0.5671875 0.4015625 0.7234375 0.45 0.7234375
2 0.5515625 0.453125 0.5328125 0.453125 0.5328125 0.5859375 0.5515625 0.5859375
2 0.6109375 0.41875 0.5765625 0.41875 0.5765625 0.5640625 0.6109375 0.5640625
0 0.5671875 0.4015625 0.5484375 0.4015625 0.5484375 0.4515625 0.5671875 0.4515625
2 0.6656250000000001 0.6109375 0.6375 0.6109375 0.6375000000000001 0.7875 0.6656250000000001 0.7875
2 0.8171875 0.7296875000000002 0.7750000000000001 0.7296875000000002 0.7750000000000001 0.9109375 0.8171875 0.9109375
2 0.875 0.40625000000000017 0.8375 0.40625000000000017 0.8375 0.5375000000000002 0.875 0.5375000000000002
2 0.896875 0.35625000000000007 0.8515625 0.35625000000000007 0.8515625 0.4750000000000002 0.896875 0.4750000000000002
2 0.978125 0.3843750000000001 0.9203125 0.3843750000000001 0.9203125 0.5031250000000002 0.978125 0.5031250000000002
2 0.93125 0.4468750000000002 0.903125 0.4468750000000002 0.903125 0.5375000000000002 0.93125 0.5375000000000002
2 0.9921875 0.5015625000000001 0.9453125 0.5015625000000001 0.9453125 0.6375000000000002 0.9921875 0.6375000000000002
2 0.9015625 0.49218750000000017 0.8453125 0.49218750000000017 0.8453125 0.5359375000000002 0.9015625 0.5359375000000002