2 0.9109375 0.4343750000000002 0.775 0.4343750000000002 0.775 0.4781250000000002 0.9109375 0.4781250000000002
2 0.6390625 0.4640625 0.528125 0.4640625 0.528125 0.5078125 0.6390625 0.5078125
2 0.50625 0.45 0.37968750000000007 0.45 0.37968750000000007 0.471875 0.50625 0.471875
2 0.3750000000000001 0.5796875 0.2812500000000001 0.5796875 0.2812500000000001 0.6234375 0.3750000000000001 0.6234375
3 0.4390625000000002 0.78125 0.3437500000000001 0.78125 0.3437500000000001 0.81875 0.4390625000000002 0.81875
2 0.5625000000000002 0.8390625 0.4546875000000002 0.8390625 0.4546875000000002 0.871875 0.5625000000000002 0.871875
2 0.3843750000000001 0.4546875 0.29375000000000007 0.4546875 0.29375000000000007 0.4796875 0.3843750000000001 0.4796875
2 0.4390625 0.4765625 0.3609375000000001 0.4765625 0.3609375000000001 0.49375 0.4390625 0.49375
2 0.34843750000000007 0.884375 0.2531250000000001 0.884375 0.2531250000000001 0.9234375 0.34843750000000007 0.9234375
2 0.4578125000000002 0.9015625 0.3500000000000001 0.9015625 0.3500000000000001 0.9484375 0.4578125000000002 0.9484375
2 0.2750000000000001 0.68125 0.20312500000000008 0.68125 0.20312500000000008 0.70625 0.2750000000000001 0.70625
2 0.2875000000000001 0.6453125 0.2250000000000001 0.6453125 0.2250000000000001 0.6625 0.2875000000000001 0.6625
3 0.2484375000000001 0.6140625 0.18906250000000008 0.6140625 0.18906250000000008 0.6453125 0.2484375000000001 0.6453125
0 0.30156250000000007 0.478125 0.2796875000000001 0.478125 0.2796875000000001 0.4875 0.30156250000000007 0.4875