2 0.029687500000000016 0.103125 1.262917011620708e-17 0.103125 2.0091861548511266e-17 0.225 0.029687500000000023 0.225
2 0.08750000000000004 0.2078125 0.051562500000000025 0.2078125 0.05156250000000003 0.3421875 0.08750000000000005 0.3421875
3 0.3453125000000001 0.3890625 0.3140625000000001 0.3890625 0.3140625000000001 0.490625 0.3453125000000001 0.490625
2 0.440625 0.5890625 0.403125 0.5890625 0.403125 0.703125 0.440625 0.703125
2 0.41875 0.14062500000000006 0.371875 0.14062500000000006 0.371875 0.25468750000000007 0.41875 0.25468750000000007
2 0.778125 0.2968750000000001 0.7421875 0.2968750000000001 0.7421875 0.4109375000000002 0.778125 0.4109375000000002
2 0.640625 0.31718750000000007 0.603125 0.31718750000000007 0.603125 0.4359375 0.640625 0.4359375
2 0.596875 0.3359375000000001 0.5484375 0.3359375000000001 0.5484375 0.4671875 0.596875 0.4671875
2 0.5265625 0.4609375 0.4875 0.4609375 0.4875 0.60625 0.5265625 0.60625
2 0.5921875 0.5265625 0.5640625 0.5265625 0.5640625 0.6546875 0.5921875 0.6546875
2 0.659375 0.603125 0.6203125 0.603125 0.6203125 0.728125 0.6593750000000002 0.728125
2 0.63125 0.4921875 0.5875 0.4921875 0.5875 0.6109375 0.63125 0.6109375
0 0.603125 0.6421875 0.571875 0.6421875 0.571875 0.678125 0.603125 0.678125
2 0.740625 0.4125000000000001 0.6921875 0.4125 0.6921875 0.5703125000000001 0.740625 0.5703125000000002
2 0.84375 0.48750000000000016 0.8 0.48750000000000016 0.8 0.6468750000000002 0.84375 0.6468750000000002
2 0.784375 0.5640625000000001 0.74375 0.5640625000000001 0.74375 0.6890625000000001 0.784375 0.6890625000000001