2 0.3281250000000001 0.6578125 0.19531250000000008 0.6578125 0.19531250000000008 0.6921875 0.3281250000000001 0.6921875
2 0.4109375 0.584375 0.3000000000000001 0.584375 0.3000000000000001 0.6375 0.4109375 0.6375
2 0.4203125 0.5515625 0.29375000000000007 0.5515625 0.29375000000000007 0.5921875 0.4203125 0.5921875
2 0.3828125000000001 0.525 0.27812500000000007 0.525 0.27812500000000007 0.553125 0.3828125000000001 0.553125
2 0.4234375 0.453125 0.3062500000000001 0.453125 0.3062500000000001 0.509375 0.4234375 0.509375
2 0.5625 0.4390625 0.4328125 0.4390625 0.4328125 0.4703125 0.5625 0.4703125
2 0.48125 0.32343750000000004 0.3359375 0.3234375 0.33593750000000006 0.37187500000000007 0.48125 0.37187500000000007
2 0.6109375 0.30937500000000007 0.475 0.30937500000000007 0.475 0.3390625000000001 0.6109375 0.3390625000000001
2 0.6765625 0.20312500000000008 0.55 0.20312500000000008 0.55 0.2515625000000001 0.6765625 0.2515625000000001
2 0.4140625 0.14375000000000004 0.2625 0.14375000000000004 0.2625 0.18750000000000006 0.4140625 0.18750000000000006
2 0.6296875 0.01250000000000007 0.503125 0.012500000000000061 0.503125 0.056250000000000064 0.6296875 0.056250000000000064
3 0.8453125 0.15781250000000008 0.734375 0.15781250000000008 0.734375 0.1859375000000001 0.8453125 0.1859375000000001
3 0.34375 0.24375 0.19218750000000004 0.24375 0.19218750000000004 0.309375 0.34375 0.309375
1 0.6109375000000001 0.7234375 0.49375 0.7234375 0.4937500000000001 0.7734375 0.6109375000000001 0.7734375