2 0.7015625 0.4671875 0.6515625 0.4671875 0.6515625 0.6203125 0.7015625 0.6203125
2 0.23593750000000008 0.4515625 0.17500000000000004 0.4515625 0.17500000000000007 0.6078125 0.23593750000000008 0.6078125
2 0.446875 0.3968750000000001 0.3968750000000001 0.3968750000000001 0.3968750000000001 0.528125 0.446875 0.528125
3 0.603125 0.3390625000000001 0.5625 0.3390625000000001 0.5625 0.4640625 0.603125 0.4640625
2 0.96875 0.2015625000000001 0.9390625 0.2015625000000001 0.9390625 0.3078125000000001 0.96875 0.3078125000000001
2 0.546875 0.23593750000000008 0.509375 0.23593750000000008 0.509375 0.36406250000000007 0.546875 0.36406250000000007
2 0.5984375 0.24375000000000008 0.5609375 0.24375000000000008 0.5609375 0.3296875000000001 0.5984375 0.3296875000000001
2 0.6328125 0.27812500000000007 0.596875 0.27812500000000007 0.596875 0.39531250000000007 0.6328125 0.39531250000000007
2 0.69375 0.3656250000000001 0.65625 0.3656250000000001 0.65625 0.484375 0.69375 0.484375
2 0.40625 0.20312500000000008 0.3734375 0.20312500000000008 0.3734375 0.2968750000000001 0.40625 0.2968750000000001
2 0.365625 0.22500000000000003 0.328125 0.225 0.328125 0.3140625 0.365625 0.3140625000000001
2 0.2953125000000001 0.36875 0.27031250000000007 0.36875 0.27031250000000007 0.46875 0.2953125000000001 0.46875
2 0.3203125000000001 0.3703125 0.29375000000000007 0.3703125 0.29375000000000007 0.4984375 0.3203125000000001 0.4984375
2 0.28437500000000004 0.3359375 0.2609375 0.3359375 0.26093750000000004 0.478125 0.2843750000000001 0.478125
2 0.33281250000000007 0.2609375 0.3140625 0.2609375 0.3140625 0.3734375 0.33281250000000007 0.3734375
2 0.35625000000000007 0.2875 0.3328125 0.2875 0.33281250000000007 0.40625 0.35625000000000007 0.40625
0 0.5953125 0.3125000000000001 0.5875 0.3125000000000001 0.5875 0.3281250000000001 0.5953125 0.3281250000000001