2 0.8265625 0.5500000000000002 0.7921875 0.5500000000000002 0.7921875 0.6796875000000002 0.8265625 0.6796875000000002
2 0.7625 0.5296875000000002 0.728125 0.5296875000000002 0.728125 0.6640625000000002 0.7625 0.6640625000000002
2 0.6203125 0.5984375 0.5828125 0.5984375 0.5828125000000001 0.7859375 0.6203125000000002 0.7859375
2 0.5390625000000001 0.6578125 0.4984375 0.6578125 0.4984375000000001 0.859375 0.5390625000000002 0.859375
2 0.3281250000000001 0.478125 0.2875000000000001 0.478125 0.2875000000000001 0.596875 0.3281250000000001 0.596875
2 0.2687500000000001 0.3890625 0.2250000000000001 0.3890625 0.2250000000000001 0.5578125 0.2687500000000001 0.5578125
2 0.16406250000000006 0.48125 0.10781250000000005 0.48125 0.10781250000000006 0.6203125 0.16406250000000008 0.6203125
2 0.10625000000000007 0.4359375 0.06250000000000004 0.4359375 0.06250000000000006 0.6203125 0.1062500000000001 0.6203125
0 0.018750000000000055 0.3015625 3.693075503678737e-17 0.3015625 5.43437017121638e-17 0.5859375 0.018750000000000072 0.5859375
0 0.8484375 0.6453125000000002 0.8203125 0.6453125000000002 0.8203125 0.6859375000000002 0.8484375 0.6859375000000002
1 0.35000000000000003 0.3578125 0.315625 0.3578125 0.31562500000000004 0.5140625 0.3500000000000001 0.5140625
3 0.3843750000000001 0.6015625 0.3437500000000001 0.6015625 0.3437500000000001 0.8109375 0.3843750000000001 0.8109375