2 0.446875 0.59375 0.3984375000000001 0.59375 0.3984375000000001 0.7046875 0.446875 0.7046875
2 0.07968750000000004 0.2078125 0.050000000000000024 0.2078125 0.05000000000000003 0.315625 0.07968750000000005 0.315625
2 0.409375 0.12968750000000004 0.3671875 0.12968750000000004 0.3671875 0.2468750000000001 0.409375 0.2468750000000001
2 0.5890625 0.3312500000000001 0.5515625 0.3312500000000001 0.5515625 0.4484375 0.5890625 0.4484375
2 0.64375 0.3031250000000001 0.6046875 0.3031250000000001 0.6046875 0.4296875 0.64375 0.4296875
2 0.7734375 0.2906250000000001 0.746875 0.2906250000000001 0.746875 0.39531250000000007 0.7734375 0.39531250000000007
2 0.84375 0.4812500000000002 0.8015625 0.4812500000000002 0.8015625 0.6234375000000002 0.84375 0.6234375000000002
2 0.784375 0.5406250000000001 0.74375 0.5406250000000001 0.74375 0.6828125000000002 0.784375 0.6828125000000002
2 0.734375 0.41093750000000007 0.6984375 0.4109375 0.6984375 0.5250000000000001 0.734375 0.5250000000000001
2 0.65625 0.5875 0.6203125 0.5875 0.6203125 0.7109375 0.65625 0.7109375
2 0.6 0.521875 0.5671875 0.521875 0.5671875 0.6265625 0.6 0.6265625
2 0.6265625 0.49375 0.5984375 0.49375 0.5984375 0.5890625 0.6265625 0.5890625
0 0.59375 0.6359375 0.5703125 0.6359375 0.5703125 0.6703125 0.59375 0.6703125
3 0.3515625000000001 0.3796875 0.3078125000000001 0.3796875 0.3078125000000001 0.5125 0.3515625000000001 0.5125