1 0.596875 0.3312500000000001 0.49375 0.3312500000000001 0.49375 0.3625000000000001 0.596875 0.3625000000000001
2 0.503125 0.30156250000000007 0.378125 0.30156250000000007 0.378125 0.33281250000000007 0.503125 0.33281250000000007
2 0.4984375 0.32500000000000007 0.359375 0.325 0.359375 0.35937500000000006 0.4984375 0.3593750000000001
2 0.5203125 0.3468750000000001 0.3859375 0.3468750000000001 0.38593750000000004 0.3812500000000001 0.5203125 0.3812500000000001
2 0.5671875 0.4421875 0.4609375 0.4421875 0.4609375 0.4796875 0.5671875 0.4796875
2 0.5125 0.4421875 0.4109375 0.4421875 0.4109375 0.4890625 0.5125 0.4890625
2 0.4703125 0.4203125 0.3281250000000001 0.4203125 0.3281250000000001 0.4640625 0.4703125 0.4640625
2 0.459375 0.590625 0.3296875000000001 0.590625 0.3296875000000001 0.625 0.459375 0.625
2 0.571875 0.59375 0.4625 0.59375 0.4625 0.61875 0.571875 0.61875
2 0.6328125 0.665625 0.4953125 0.665625 0.4953125 0.6953125 0.6328125 0.6953125
2 0.5796875000000001 0.703125 0.4578125 0.703125 0.45781250000000007 0.740625 0.5796875000000001 0.740625
2 0.4640625000000001 0.690625 0.3265625000000001 0.690625 0.3265625000000001 0.7265625 0.46406250000000016 0.7265625
2 0.6406250000000002 0.7296875 0.5187500000000002 0.7296875 0.5187500000000002 0.7609375 0.6406250000000002 0.7609375
2 0.6046875000000002 0.753125 0.5046875000000002 0.753125 0.5046875000000002 0.78125 0.6046875000000002 0.78125
2 0.5859375000000002 0.8 0.46406250000000016 0.8 0.46406250000000016 0.834375 0.5859375000000002 0.834375
2 0.6796875000000002 0.8390625 0.5703125000000002 0.8390625 0.5703125000000002 0.8671875 0.6796875000000002 0.8671875
2 0.5921875000000002 0.8609375 0.49218750000000017 0.8609375 0.49218750000000017 0.8890625 0.5921875000000002 0.8890625
0 0.5125000000000002 0.7890625 0.4750000000000002 0.7890625 0.4750000000000002 0.8109375 0.5125000000000002 0.8109375