2 0.09531250000000008 0.50625 0.04531250000000007 0.50625 0.045312500000000075 0.6390625 0.09531250000000009 0.6390625
2 0.1140625000000001 0.715625 0.06093750000000009 0.715625 0.0609375000000001 0.8703125 0.1140625000000001 0.8703125
2 0.09531250000000005 0.4046875 0.04687500000000004 0.4046875 0.046875000000000056 0.503125 0.09531250000000006 0.503125
2 0.2312500000000001 0.3953125 0.18281250000000004 0.3953125 0.18281250000000004 0.496875 0.2312500000000001 0.496875
2 0.3703125000000001 0.575 0.3234375000000001 0.575 0.3234375000000001 0.6859375 0.3703125000000001 0.6859375
2 0.35937500000000006 0.35625 0.31875 0.35625 0.31875000000000003 0.4515625 0.3593750000000001 0.4515625
3 0.3156250000000001 0.4140625 0.2812500000000001 0.4140625 0.2812500000000001 0.53125 0.3156250000000001 0.53125
2 0.415625 0.3546875000000001 0.378125 0.3546875000000001 0.37812500000000004 0.465625 0.415625 0.465625
2 0.425 0.2593750000000001 0.390625 0.2593750000000001 0.390625 0.34062500000000007 0.425 0.34062500000000007
2 0.6312500000000001 0.6890625 0.6 0.6890625 0.6000000000000001 0.80625 0.6312500000000002 0.80625
2 0.609375 0.4171875 0.553125 0.4171875 0.553125 0.528125 0.609375 0.528125
2 0.5234375 0.3296875000000001 0.4984375 0.3296875000000001 0.4984375 0.4140625 0.5234375 0.4140625
2 0.471875 0.3031250000000001 0.434375 0.3031250000000001 0.434375 0.4078125 0.471875 0.4078125
2 0.4828125 0.4578125 0.4421875 0.4578125 0.4421875 0.5625 0.4828125 0.5625
2 0.4515625 0.44375 0.4265625 0.44375 0.4265625 0.5375 0.4515625 0.5375
2 0.715625 0.565625 0.671875 0.565625 0.671875 0.6765625 0.715625 0.6765625
2 0.753125 0.5281250000000001 0.7125 0.528125 0.7125 0.6359375 0.753125 0.6359375000000002
2 0.7984375000000001 0.5750000000000002 0.7578125 0.5750000000000002 0.7578125000000001 0.7437500000000001 0.7984375000000001 0.7437500000000001
1 0.959375 0.42968750000000017 0.90625 0.42968750000000017 0.90625 0.5750000000000002 0.959375 0.5750000000000002
2 0.5046875 0.31718750000000007 0.4671875 0.31718750000000007 0.4671875 0.4015625 0.5046875 0.4015625