2 0.6125000000000002 0.925 0.5203125000000002 0.925 0.5203125000000002 1 0.6125000000000002 1
2 0.5500000000000002 0.7328125 0.4828125000000002 0.7328125 0.4828125000000002 0.7984375 0.5500000000000002 0.7984375
2 0.7484375 0.3812500000000001 0.61875 0.3812500000000001 0.61875 0.4203125000000001 0.7484375 0.4203125000000002
2 0.66875 0.540625 0.590625 0.540625 0.590625 0.61875 0.66875 0.61875
2 0.5546875 0.6625 0.4625 0.6625 0.4625 0.6921875 0.5546875 0.6921875
2 0.56875 0.5765625 0.5078125 0.5765625 0.5078125 0.6359375 0.56875 0.6359375
2 0.5703125 0.55 0.5109375 0.55 0.5109375 0.609375 0.5703125 0.609375
2 0.55 0.51875 0.496875 0.51875 0.496875 0.5703125 0.55 0.5703125
2 0.590625 0.48125 0.4875 0.48125 0.4875 0.5078125 0.590625 0.5078125
2 0.628125 0.4515625 0.53125 0.4515625 0.53125 0.4796875 0.628125 0.4796875
2 0.571875 0.425 0.521875 0.425 0.521875 0.4765625 0.571875 0.4765625
2 0.58125 0.3843750000000001 0.49375 0.3843750000000001 0.49375 0.3968750000000001 0.58125 0.3968750000000001
2 0.615625 0.3468750000000001 0.5328125 0.3468750000000001 0.5328125 0.37187500000000007 0.615625 0.37187500000000007
2 0.653125 0.33281250000000007 0.55625 0.33281250000000007 0.55625 0.37187500000000007 0.653125 0.37187500000000007
1 0.5671875 0.2843750000000001 0.509375 0.2843750000000001 0.509375 0.3437500000000001 0.5671875 0.3437500000000001
3 0.6406250000000002 0.7359375 0.5531250000000002 0.7359375 0.5531250000000002 0.7609375 0.6406250000000002 0.7609375
2 0.7515625000000001 0.7593750000000001 0.6656250000000001 0.759375 0.6656250000000001 0.84375 0.7515625000000001 0.84375