2 0.0515625000000001 0.7921875 9.701498861995439e-17 0.7921875 1.0591281302000936e-16 0.9375 0.05156250000000011 0.9375
2 0.1828125000000001 0.6 0.1218750000000001 0.6 0.1218750000000001 0.6609375 0.1828125000000001 0.6609375
2 0.12500000000000006 0.471875 0.07500000000000007 0.471875 0.07500000000000007 0.521875 0.12500000000000006 0.521875
3 0.11562500000000005 0.440625 0.07343750000000004 0.440625 0.07343750000000006 0.4828125 0.11562500000000005 0.4828125
2 0.2406250000000001 0.503125 0.17812500000000003 0.503125 0.17812500000000006 0.565625 0.2406250000000001 0.565625
2 0.20468750000000008 0.5078125 0.14218750000000005 0.5078125 0.14218750000000008 0.5703125 0.20468750000000008 0.5703125
2 0.2796875000000001 0.575 0.2484375000000001 0.575 0.2484375000000001 0.675 0.2796875000000001 0.675
2 0.403125 0.446875 0.3656250000000001 0.446875 0.3656250000000001 0.5234375 0.403125 0.5234375
3 0.4453125 0.55625 0.3781250000000001 0.55625 0.3781250000000001 0.6234375 0.4453125 0.6234375
2 0.4515625 0.475 0.4296875 0.475 0.4296875 0.54375 0.4515625 0.54375
2 0.4375 0.4375 0.409375 0.4375 0.409375 0.50625 0.4375 0.50625
2 0.534375 0.4640625 0.4859375 0.4640625 0.4859375 0.5140625 0.534375 0.5140625
2 0.6234375000000001 0.628125 0.5796875 0.628125 0.5796875000000001 0.7265625 0.6234375000000002 0.7265625
2 0.6140625 0.484375 0.5546875 0.484375 0.5546875 0.54375 0.6140625 0.54375
2 0.6609375 0.4734375 0.628125 0.4734375 0.628125 0.546875 0.6609375 0.546875
2 0.771875 0.5671875000000001 0.7 0.5671875 0.7 0.6406250000000001 0.771875 0.6406250000000002
2 0.8390625 0.5656250000000002 0.7671875 0.5656250000000002 0.7671875 0.6359375000000002 0.8390625 0.6359375000000002
2 0.76875 0.48437500000000017 0.7390625 0.48437500000000017 0.7390625 0.5625000000000002 0.76875 0.5625000000000002