2 0.6203125 0.03906250000000007 0.5109375 0.03906250000000007 0.5109375 0.08593750000000007 0.6203125 0.08593750000000007
2 0.4 0.18437500000000004 0.234375 0.18437500000000004 0.234375 0.24375000000000005 0.4 0.24375000000000008
2 0.3125 0.2421875 0.203125 0.2421875 0.203125 0.35 0.3125 0.35
2 0.09687500000000002 0.159375 1.951780836141094e-17 0.159375 2.3631856202296583e-17 0.2265625 0.09687500000000002 0.2265625
2 0.5890625 0.33281250000000007 0.46875 0.33281250000000007 0.46875 0.3828125000000001 0.5890625 0.3828125000000001
2 0.4546875 0.3375 0.3546875 0.3375 0.35468750000000004 0.4375 0.4546875 0.4375
2 0.5984375 0.4015625 0.5171875 0.4015625 0.5171875 0.4828125 0.5984375 0.4828125
2 0.51875 0.4546875 0.4328125 0.4546875 0.4328125 0.54375 0.51875 0.54375
2 0.5921875 0.43125 0.515625 0.43125 0.515625 0.5078125 0.5921875 0.5078125
2 0.5390625 0.546875 0.45 0.546875 0.45 0.6375 0.5390625 0.6375
2 0.3625000000000001 0.625 0.2906250000000001 0.625 0.2906250000000001 0.6984375 0.3625000000000001 0.6984375
2 0.5140625 0.6640625 0.415625 0.6640625 0.415625 0.709375 0.5140625 0.709375
2 0.4203125000000001 0.725 0.34062500000000007 0.725 0.34062500000000007 0.80625 0.4203125000000002 0.80625
2 0.4468750000000002 0.775 0.3578125000000001 0.775 0.3578125000000001 0.8640625 0.4468750000000002 0.8640625
3 0.51875 0.23593750000000008 0.4359375 0.23593750000000008 0.4359375 0.31718750000000007 0.51875 0.31718750000000007