2 0.2765625000000001 0.5109375 0.22656250000000008 0.5109375 0.22656250000000008 0.6546875 0.2765625000000001 0.6546875
2 0.3437500000000001 0.7484375 0.2656250000000001 0.7484375 0.2656250000000001 0.9265625 0.3437500000000001 0.9265625
2 0.434375 0.5625 0.4 0.5625 0.4 0.709375 0.434375 0.709375
2 0.3203125000000001 0.4046875 0.2953125000000001 0.4046875 0.2953125000000001 0.5203125 0.3203125000000001 0.5203125
2 0.3859375000000001 0.4578125 0.3421875000000001 0.4578125 0.3421875000000001 0.575 0.3859375000000001 0.575
1 0.6796875 0.4890625 0.6296875 0.4890625 0.6296875 0.6140625 0.6796875 0.6140625
2 0.6234375 0.565625 0.584375 0.565625 0.584375 0.703125 0.6234375 0.703125
1 0.4328125 0.4828125 0.4015625 0.4828125 0.4015625 0.603125 0.4328125 0.603125
2 0.5234375 0.4890625 0.465625 0.4890625 0.465625 0.6234375 0.5234375 0.6234375
2 0.5921875 0.51875 0.5484375 0.51875 0.5484375 0.65625 0.5921875 0.65625
2 0.55625 0.5078125 0.5171875 0.5078125 0.5171875 0.6359375 0.55625 0.6359375
2 0.026562500000000072 0.521875 6.39112548305025e-17 0.521875 7.280907923055748e-17 0.6671875 0.02656250000000008 0.6671875