2 0.13593750000000004 0.4234375 0.08906250000000004 0.4234375 0.08906250000000006 0.540625 0.13593750000000004 0.540625
3 0.23593750000000008 0.4734375 0.19531250000000006 0.4734375 0.19531250000000006 0.578125 0.23593750000000008 0.578125
2 0.3140625000000001 0.48125 0.2765625000000001 0.48125 0.2765625000000001 0.5953125 0.3140625000000001 0.5953125
2 0.2578125000000001 0.6015625 0.20468750000000008 0.6015625 0.20468750000000008 0.728125 0.2578125000000001 0.728125
2 0.29687500000000006 0.303125 0.25625 0.303125 0.25625000000000003 0.4046875 0.2968750000000001 0.4046875
2 0.32656250000000003 0.303125 0.3015625 0.303125 0.30156250000000007 0.4046875 0.3265625000000001 0.4046875
2 0.34062500000000007 0.471875 0.3156250000000001 0.471875 0.3156250000000001 0.5625 0.34062500000000007 0.5625
2 0.3828125000000001 0.4109375 0.34843750000000007 0.4109375 0.34843750000000007 0.51875 0.3828125000000001 0.51875
2 0.35937500000000006 0.3546875 0.328125 0.3546875 0.32812500000000006 0.4296875 0.3593750000000001 0.4296875
2 0.4234375 0.39531250000000007 0.3937500000000001 0.39531250000000007 0.3937500000000001 0.5 0.4234375 0.5
2 0.4640625 0.4015625 0.4265625 0.4015625 0.4265625 0.496875 0.4640625 0.496875
2 0.4953125 0.4734375 0.4578125 0.4734375 0.4578125 0.578125 0.4953125 0.578125
2 0.5828125 0.515625 0.5484375 0.515625 0.5484375 0.6359375 0.5828125 0.6359375
2 0.5046875000000001 0.6203125 0.4671875 0.6203125 0.4671875000000001 0.73125 0.5046875000000002 0.73125
2 0.5296875000000001 0.6921875 0.4890625 0.6921875 0.48906250000000007 0.81875 0.5296875000000002 0.81875
2 0.6781250000000001 0.6328125 0.621875 0.6328125 0.6218750000000001 0.74375 0.6781250000000002 0.74375
1 0.8859375 0.4734375000000002 0.8328125 0.4734375000000002 0.8328125 0.5718750000000001 0.8859375 0.5718750000000001
2 0.6484375 0.55 0.615625 0.55 0.615625 0.6609375 0.6484375 0.6609375