3 0.6140625000000002 0.88125 0.4890625000000002 0.88125 0.4890625000000002 0.9234375 0.6140625000000002 0.9234375
2 0.48750000000000016 0.8 0.3765625000000001 0.8 0.3765625000000001 0.8296875 0.48750000000000016 0.8296875
2 0.4421875000000002 0.8375 0.3359375000000001 0.8375 0.3359375000000001 0.871875 0.4421875000000002 0.871875
2 0.40156250000000016 0.7828125 0.2921875000000001 0.7828125 0.2921875000000001 0.8140625 0.40156250000000016 0.8140625
2 0.5625 0.575 0.45625 0.575 0.45625 0.60625 0.5625 0.60625
2 0.6125 0.4375 0.4921875 0.4375 0.4921875 0.475 0.6125 0.475
2 0.5484375 0.45625 0.428125 0.45625 0.428125 0.484375 0.5484375 0.484375
2 0.4984375 0.603125 0.3921875000000001 0.603125 0.3921875000000001 0.63125 0.4984375 0.63125
2 0.4609375 0.6234375 0.3625000000000001 0.6234375 0.3625000000000001 0.6515625 0.4609375 0.6515625
2 0.453125 0.6609375 0.3375000000000001 0.6609375 0.3375000000000001 0.6875 0.453125 0.6875
1 0.4328125 0.4453125 0.32500000000000007 0.4453125 0.32500000000000007 0.46875 0.4328125 0.46875
2 0.553125 0.6765625 0.4375 0.6765625 0.4375 0.7140625 0.553125 0.7140625