0 0.3218750000000001 0.6671875 0.2984375000000001 0.6671875 0.2984375000000001 0.703125 0.3218750000000001 0.703125
1 0.3968750000000001 0.5390625 0.3531250000000001 0.5390625 0.3531250000000001 0.64375 0.3968750000000001 0.64375
2 0.4312500000000001 0.6109375 0.3968750000000001 0.6109375 0.3968750000000001 0.740625 0.4312500000000002 0.740625
2 0.4718750000000001 0.6859375 0.4234375 0.6859375 0.4234375000000001 0.8625 0.47187500000000016 0.8625
2 0.5406250000000001 0.5890625 0.5 0.5890625 0.5000000000000001 0.753125 0.5406250000000001 0.753125
2 0.5671875 0.540625 0.528125 0.540625 0.528125 0.715625 0.5671875 0.715625
2 0.5953125 0.5671875 0.559375 0.5671875 0.559375 0.7125 0.5953125 0.7125
2 0.7500000000000001 0.6140625000000001 0.6828125 0.6140625 0.6828125 0.76875 0.7500000000000002 0.7687500000000002
3 0.5656250000000002 0.778125 0.5171875000000001 0.778125 0.5171875000000001 0.9796875 0.5656250000000002 0.9796875
2 0.9 0.5015625000000001 0.859375 0.5015625000000001 0.859375 0.6281250000000002 0.9 0.6281250000000002
2 0.91875 0.5468750000000002 0.88125 0.5468750000000002 0.88125 0.7234375000000002 0.91875 0.7234375000000002
2 0.990625 0.4906250000000002 0.9359375 0.4906250000000002 0.9359375 0.6265625000000001 0.990625 0.6265625000000001
2 0.990625 0.6046875000000002 0.9203125 0.6046875000000002 0.9203125 0.7437500000000001 0.990625 0.7437500000000001