2 0.6984375 0.5890625 0.6 0.5890625 0.6 0.6203125 0.6984375 0.6203125
2 0.6375 0.684375 0.53125 0.684375 0.53125 0.703125 0.6375 0.703125
2 0.590625 0.484375 0.490625 0.484375 0.490625 0.528125 0.590625 0.528125
2 0.503125 0.3750000000000001 0.3921875000000001 0.3750000000000001 0.3921875000000001 0.403125 0.503125 0.403125
2 0.3265625000000001 0.409375 0.18906250000000005 0.409375 0.18906250000000005 0.44375 0.3265625000000001 0.44375
2 0.578125 0.3843750000000001 0.4625 0.3843750000000001 0.4625 0.4171875 0.578125 0.4171875
2 0.7093750000000001 0.725 0.603125 0.725 0.6031250000000001 0.759375 0.7093750000000002 0.759375
2 0.7750000000000001 0.83125 0.6687500000000002 0.83125 0.6687500000000002 0.8578125 0.7750000000000001 0.8578125
2 0.6875000000000002 0.9125 0.5703125000000002 0.9125 0.5703125000000002 0.9390625 0.6875000000000002 0.9390625
2 0.6875000000000002 0.853125 0.5687500000000002 0.853125 0.5687500000000002 0.88125 0.6875000000000002 0.88125
2 0.55 0.32500000000000007 0.4328125 0.32500000000000007 0.4328125 0.3656250000000001 0.55 0.3656250000000001
2 0.6671875 0.6796875 0.5828125 0.6796875 0.5828125 0.7171875 0.6671875 0.7171875
0 0.60625 0.559375 0.5875 0.559375 0.5875 0.5734375 0.60625 0.5734375
1 0.6453125 0.2375000000000001 0.5453125 0.2375000000000001 0.5453125 0.2828125000000001 0.6453125 0.2828125000000001
2 0.37968750000000007 0.9734375 0.2328125000000001 0.9734375 0.2328125000000001 1 0.37968750000000007 1