3 0.6046875 0.14375000000000007 0.484375 0.14375000000000004 0.484375 0.19687500000000008 0.6046875 0.19687500000000008
3 1 0.9734375 0.83125 0.9734375 0.83125 1 1 1
2 0.9875 0.2812500000000001 0.790625 0.2812500000000001 0.790625 0.3343750000000001 0.9875 0.3343750000000001
2 0.7625 0.46562500000000007 0.6265625 0.465625 0.6265625 0.5375000000000001 0.7625 0.5375000000000002
2 0.8671875 0.6515625 0.715625 0.6515625 0.715625 0.7156250000000001 0.8671875 0.7156250000000002
2 0.925 0.7546875000000002 0.7625000000000002 0.7546875000000002 0.7625000000000002 0.8140625 0.925 0.8140625
2 0.7109375 0.31718750000000007 0.55625 0.31718750000000007 0.55625 0.3765625000000001 0.7109375 0.3765625000000001
2 0.6390625 0.43125 0.534375 0.43125 0.534375 0.4765625 0.6390625 0.4765625
2 0.59375 0.3859375000000001 0.503125 0.3859375000000001 0.503125 0.4296875 0.59375 0.4296875
2 0.540625 0.4046875 0.4296875 0.4046875 0.4296875 0.434375 0.540625 0.434375
2 0.534375 0.22812500000000008 0.3921875 0.22812500000000008 0.3921875 0.2843750000000001 0.534375 0.2843750000000001
2 0.5921875 0.19843750000000007 0.4140625 0.19843750000000004 0.4140625 0.2484375000000001 0.5921875 0.2484375000000001
2 0.490625 0.2953125000000001 0.3703125 0.2953125000000001 0.3703125 0.3390625000000001 0.490625 0.3390625000000001
2 0.5625 0.3265625000000001 0.4640625 0.3265625000000001 0.4640625 0.3734375000000001 0.5625 0.3734375000000001
1 0.528125 0.475 0.4234375 0.475 0.4234375 0.5390625 0.528125 0.5390625