2 0.546875 0.4109375 0.4265625 0.4109375 0.4265625 0.44375 0.546875 0.44375
2 0.55625 0.2500000000000001 0.453125 0.2500000000000001 0.453125 0.28593750000000007 0.55625 0.28593750000000007
1 0.515625 0.3203125000000001 0.4421875 0.3203125000000001 0.4421875 0.3578125000000001 0.515625 0.3578125000000001
3 0.4 0.38906250000000003 0.2500000000000001 0.3890625 0.2500000000000001 0.4484375 0.4 0.4484375
2 0.4734375 0.4796875 0.3515625000000001 0.4796875 0.3515625000000001 0.5140625 0.4734375 0.5140625
2 0.11718750000000007 0.5125 6.276314845630185e-17 0.5125 6.601611651653701e-17 0.565625 0.11718750000000008 0.565625
2 0.21406250000000004 0.3625 0.035937500000000046 0.3625 0.035937500000000046 0.4 0.2140625000000001 0.4
2 0.35625000000000007 0.675 0.2000000000000001 0.675 0.2000000000000001 0.725 0.35625000000000007 0.725
2 0.3578125000000001 0.8234375 0.19687500000000008 0.8234375 0.19687500000000008 0.8640625 0.3578125000000001 0.8640625
2 0.2687500000000001 0.9625 0.10625000000000014 0.9625 0.10625000000000014 1 0.2687500000000001 1
2 0.4906250000000002 0.965625 0.35625000000000007 0.965625 0.35625000000000007 0.9890625 0.4906250000000002 0.9890625