2 0.3062500000000001 0.509375 0.2593750000000001 0.509375 0.2593750000000001 0.653125 0.3062500000000001 0.653125
2 0.5781250000000001 0.6625 0.525 0.6625 0.5250000000000001 0.853125 0.5781250000000002 0.853125
2 0.7875 0.4578125000000002 0.7484375 0.4578125000000002 0.7484375 0.6109375000000001 0.7875 0.6109375000000001
2 0.9078125 0.3312500000000001 0.8609375 0.3312500000000001 0.8609375 0.4906250000000002 0.9078125 0.4906250000000002
2 0.8421875 0.1984375000000001 0.8 0.1984375000000001 0.8 0.34062500000000007 0.8421875 0.34062500000000007
2 0.7515625 0.3937500000000001 0.71875 0.3937500000000001 0.71875 0.5125000000000001 0.7515625 0.5125000000000002
2 0.621875 0.39531250000000007 0.56875 0.39531250000000007 0.56875 0.509375 0.621875 0.509375
2 0.46875 0.4453125 0.4203125 0.4453125 0.4203125 0.575 0.46875 0.575
2 0.5671875 0.3265625000000001 0.515625 0.3265625000000001 0.515625 0.45 0.5671875 0.45
2 0.48125 0.4078125 0.44375 0.4078125 0.44375 0.5125 0.48125 0.5125
3 0.559375 0.5 0.50625 0.5 0.50625 0.6484375 0.559375 0.6484375
1 0.2734375 0.23125 0.228125 0.23125 0.228125 0.3546875 0.2734375 0.3546875
2 0.0937500000000001 0.7390625 0.028125000000000087 0.7390625 0.0281250000000001 0.915625 0.09375000000000011 0.915625