2 0.45 0.428125 0.4125 0.428125 0.4125 0.5328125 0.45 0.5328125
2 0.825 0.2531250000000001 0.79375 0.2531250000000001 0.79375 0.36406250000000007 0.825 0.36406250000000007
2 0.6890625 0.2875000000000001 0.65 0.2875000000000001 0.65 0.4 0.6890625 0.4
3 0.8390625 0.45625000000000016 0.7953125 0.45625000000000016 0.7953125 0.5859375000000002 0.8390625 0.5859375000000002
2 0.7859375 0.2062500000000001 0.75 0.2062500000000001 0.75 0.2984375000000001 0.7859375 0.2984375000000001
1 0.23281250000000003 0.3125 0.19375000000000003 0.3125 0.19375000000000003 0.43125 0.2328125000000001 0.43125
2 0.509375 0.3468750000000001 0.471875 0.3468750000000001 0.471875 0.4734375 0.509375 0.4734375
3 0.4796875 0.18593750000000003 0.446875 0.18593750000000003 0.446875 0.2796875000000001 0.4796875 0.2796875000000001
2 0.5421875 0.31718750000000007 0.509375 0.31718750000000007 0.509375 0.4203125 0.5421875 0.4203125
2 0.4640625 0.3812500000000001 0.4265625 0.3812500000000001 0.4265625 0.4875 0.4640625 0.4875
2 0.3625000000000001 0.4046875 0.3265625000000001 0.4046875 0.3265625000000001 0.5484375 0.3625000000000001 0.5484375
2 0.725 0.2078125000000001 0.696875 0.2078125000000001 0.696875 0.30937500000000007 0.725 0.30937500000000007
2 0.4328125 0.5046875 0.4015625 0.5046875 0.4015625 0.60625 0.4328125 0.60625
3 0.9234375 0.13125000000000012 0.8984375 0.1312500000000001 0.8984375 0.2156250000000001 0.9234375 0.2156250000000001
2 0.446875 0.575 0.40625 0.575 0.40625 0.721875 0.446875 0.721875
2 0.93125 0.2656250000000001 0.9015625 0.2656250000000001 0.9015625 0.37187500000000007 0.93125 0.37187500000000007
2 0.825 0.4000000000000002 0.796875 0.4000000000000002 0.796875 0.5046875000000002 0.825 0.5046875000000002