2 0.7359375 0.14218750000000008 0.5921875 0.14218750000000008 0.5921875 0.1765625000000001 0.7359375 0.1765625000000001
2 0.5109375 0.2640625000000001 0.3765625 0.2640625000000001 0.3765625 0.28593750000000007 0.5109375 0.28593750000000007
2 0.50625 0.2812500000000001 0.3671875 0.2812500000000001 0.3671875 0.3156250000000001 0.50625 0.3156250000000001
2 0.20625 0.16718750000000002 2.0474563673244812e-17 0.1671875 2.3153478546379642e-17 0.2109375 0.20625 0.2109375
2 0.7859375 0.4718750000000001 0.6875 0.471875 0.6875 0.49687500000000007 0.7859375 0.4968750000000002
2 0.7734375 0.5156250000000001 0.675 0.515625 0.675 0.5468750000000001 0.7734375 0.5468750000000002
3 0.5984375 0.58125 0.4546875 0.58125 0.4546875 0.625 0.5984375 0.625
2 0.7515625 0.6562500000000001 0.6171875 0.65625 0.6171875 0.690625 0.7515625 0.6906250000000002
2 0.725 0.69375 0.6140625 0.69375 0.6140625 0.721875 0.725 0.721875
2 0.7671875000000001 0.7359375000000001 0.6546875000000002 0.7359375 0.6546875000000002 0.7578125000000001 0.7671875000000001 0.7578125000000002
2 0.5703125000000002 0.7578125 0.4203125000000002 0.7578125 0.4203125000000002 0.7890625 0.5703125000000002 0.7890625
2 0.3578125000000001 0.7421875 0.2078125000000001 0.7421875 0.2078125000000001 0.7890625 0.3578125000000001 0.7890625
2 0.30937500000000007 0.7609375 0.1437500000000001 0.7609375 0.1437500000000001 0.8078125 0.30937500000000007 0.8078125
2 0.5171875000000001 0.8953125 0.3765625000000001 0.8953125 0.3765625000000001 0.9390625 0.5171875000000001 0.9390625
2 0.6890625000000001 0.9375 0.5515625000000002 0.9375 0.5515625000000002 0.971875 0.6890625000000001 0.971875
0 0.7203125 0.475 0.671875 0.475 0.671875 0.496875 0.7203125 0.496875