2 0.4468750000000001 0.6984375 0.3703125000000001 0.6984375 0.3703125000000001 0.84375 0.4468750000000002 0.84375
2 0.6171875000000001 0.6671875 0.4859375 0.6671875 0.4859375000000001 0.8328125 0.6171875000000002 0.8328125
3 0.7234375 0.53125 0.69375 0.53125 0.69375 0.70625 0.7234375 0.70625
2 0.5171875 0.4296875 0.4921875 0.4296875 0.4921875 0.6015625 0.5171875 0.6015625
2 0.625 0.4453125 0.5796875 0.4453125 0.5796875 0.54375 0.625 0.54375
2 0.7171875 0.39531250000000007 0.6765625 0.39531250000000007 0.6765625 0.55 0.7171875 0.55
2 0.803125 0.3671875000000001 0.746875 0.3671875000000001 0.746875 0.4968750000000002 0.803125 0.4968750000000002
2 0.8078125 0.4906250000000002 0.7734375 0.4906250000000002 0.7734375 0.6109375000000001 0.8078125 0.6109375000000001
2 1 0.4234375000000002 0.959375 0.4234375000000002 0.959375 0.5656250000000002 1 0.5656250000000002
2 0.9609375 0.6234375000000002 0.915625 0.6234375000000002 0.915625 0.8546875 0.9609375 0.8546875
2 0.85625 0.7046875000000001 0.81875 0.7046875000000001 0.81875 0.834375 0.85625 0.834375
2 0.6234375 0.3859375000000001 0.59375 0.3859375000000001 0.59375 0.484375 0.6234375 0.484375
3 0.9 0.1296875000000001 0.85 0.1296875000000001 0.85 0.2656250000000001 0.9 0.2656250000000001
1 0.4828125 0.440625 0.4203125 0.440625 0.4203125 0.509375 0.4828125 0.509375
2 0.3375000000000001 0.49375 0.2843750000000001 0.49375 0.2843750000000001 0.6390625 0.3375000000000001 0.6390625
2 0.11718750000000008 0.59375 0.06406250000000006 0.59375 0.06406250000000008 0.6984375 0.11718750000000008 0.6984375
2 0.34062500000000007 0.4671875 0.3125000000000001 0.4671875 0.3125000000000001 0.584375 0.34062500000000007 0.584375