2 0.66875 0.5984375 0.565625 0.5984375 0.565625 0.6265625 0.66875 0.6265625
0 0.465625 0.696875 0.421875 0.696875 0.421875 0.715625 0.465625 0.715625
2 0.6500000000000001 0.809375 0.5406250000000001 0.809375 0.5406250000000001 0.8375 0.6500000000000001 0.8375
2 0.5921875000000002 0.8296875 0.47656250000000017 0.8296875 0.47656250000000017 0.8828125 0.5921875000000002 0.8828125
2 0.5421875000000002 0.7671875 0.42187500000000017 0.7671875 0.42187500000000017 0.8046875 0.5421875000000002 0.8046875
2 0.2828125000000001 0.7859375 0.10781250000000009 0.7859375 0.10781250000000009 0.8234375 0.2828125000000001 0.8234375
2 0.19687500000000008 0.721875 0.009375000000000088 0.721875 0.009375000000000092 0.76875 0.19687500000000008 0.76875
2 0.3546875000000001 0.446875 0.2250000000000001 0.446875 0.2250000000000001 0.490625 0.3546875000000001 0.490625
2 0.4328125 0.32812500000000006 0.2859375 0.328125 0.28593750000000007 0.36875 0.4328125 0.3687500000000001
2 0.509375 0.2875000000000001 0.371875 0.2875000000000001 0.371875 0.3218750000000001 0.509375 0.3218750000000001
2 0.3734375 0.13125000000000003 0.2078125 0.13125000000000003 0.2078125 0.16875000000000004 0.3734375 0.16875000000000004
2 0.53125 0.34843750000000007 0.40625 0.34843750000000007 0.40625 0.3859375000000001 0.53125 0.3859375000000001
2 0.565625 0.3921875000000001 0.415625 0.3921875000000001 0.415625 0.4203125 0.565625 0.4203125
1 0.6359375 0.3437500000000001 0.5421875 0.3437500000000001 0.5421875 0.3750000000000001 0.6359375 0.3750000000000001
2 0.5484375 0.484375 0.409375 0.484375 0.409375 0.525 0.5484375 0.525
2 0.590625 0.5296875 0.4875 0.5296875 0.4875 0.5515625 0.590625 0.5515625
2 0.5390625 0.5375 0.4140625 0.5375 0.4140625 0.565625 0.5390625 0.565625
3 0.4109375 0.5265625 0.2718750000000001 0.5265625 0.2718750000000001 0.5796875 0.4109375 0.5796875