1 0.5765625 0.6734375 0.4453125 0.6734375 0.4453125 0.7078125 0.5765625 0.7078125
3 0.2968750000000001 0.66875 0.11875000000000009 0.66875 0.11875000000000009 0.71875 0.2968750000000001 0.71875
0 0.4078125 0.3859375000000001 0.3671875000000001 0.3859375000000001 0.3671875000000001 0.4015625 0.4078125 0.4015625
2 0.5 0.20625000000000004 0.35625 0.20625 0.35625 0.24062500000000003 0.5 0.2406250000000001
2 0.515625 0.03437500000000006 0.4125 0.03437500000000006 0.4125 0.06562500000000006 0.515625 0.06562500000000007
2 0.5359375 0.0031250000000000583 0.4234375 0.0031250000000000513 0.4234375 0.03437500000000006 0.5359375 0.034375000000000065
2 0.4984375 0.014062500000000052 0.3640625 0.014062500000000044 0.3640625 0.054687500000000056 0.4984375 0.05468750000000007
2 0.3234375 0.253125 0.17500000000000004 0.253125 0.17500000000000004 0.3 0.3234375 0.3
2 0.3609375 0.321875 0.2015625 0.321875 0.2015625 0.353125 0.3609375 0.353125
2 0.3578125000000001 0.378125 0.2093750000000001 0.378125 0.2093750000000001 0.40625 0.3578125000000001 0.40625
2 0.3375000000000001 0.409375 0.21250000000000008 0.409375 0.21250000000000008 0.453125 0.3375000000000001 0.453125
2 0.2562500000000001 0.4 0.12187500000000004 0.4 0.12187500000000004 0.440625 0.2562500000000001 0.440625
3 0.709375 0.2828125000000001 0.584375 0.2828125000000001 0.584375 0.3140625000000001 0.709375 0.3140625000000001