0 0.6703125 0.38750000000000007 0.6296875 0.38750000000000007 0.6296875 0.415625 0.6703125 0.415625
2 0.746875 0.23593750000000008 0.609375 0.23593750000000008 0.609375 0.27031250000000007 0.746875 0.27031250000000007
2 0.5375 0.3468750000000001 0.3875 0.3468750000000001 0.38750000000000007 0.3812500000000001 0.5375 0.3812500000000001
2 0.5453125 0.3750000000000001 0.4015625 0.3750000000000001 0.4015625 0.421875 0.5453125 0.421875
2 0.290625 0.25625 0.07500000000000002 0.25625 0.07500000000000004 0.3 0.290625 0.3
2 0.6203125 0.6609375 0.471875 0.6609375 0.471875 0.6953125 0.6203125 0.6953125
2 0.7359375000000001 0.7625000000000001 0.6203125000000002 0.7625 0.6203125000000002 0.7937500000000001 0.7359375000000001 0.7937500000000002
2 0.7656250000000002 0.7718750000000001 0.6437500000000002 0.771875 0.6437500000000002 0.803125 0.7656250000000002 0.803125
2 0.7843750000000002 0.8046875 0.6468750000000002 0.8046875 0.6468750000000002 0.84375 0.7843750000000002 0.84375
2 0.7187500000000002 0.9671875 0.5562500000000001 0.9671875 0.5562500000000001 0.9984375 0.7187500000000002 0.9984375
2 0.5906250000000002 0.8234375 0.4468750000000002 0.8234375 0.4468750000000002 0.8609375 0.5906250000000002 0.8609375
2 0.3859375000000001 0.9015625 0.2156250000000001 0.9015625 0.2156250000000001 0.9359375 0.3859375000000001 0.9359375
2 0.3281250000000001 0.8546875 0.1531250000000001 0.8546875 0.1531250000000001 0.9 0.3281250000000001 0.9
2 0.7875 0.5531250000000001 0.6765625 0.553125 0.6765625 0.5718750000000001 0.7875 0.5718750000000001
2 0.7953125 0.51875 0.7046875 0.51875 0.7046875 0.55 0.7953125 0.5500000000000002