2 0.3734375000000001 0.6359375 0.3203125000000001 0.6359375 0.3203125000000001 0.671875 0.3734375000000001 0.671875
2 0.2812500000000001 0.6578125 0.2312500000000001 0.6578125 0.2312500000000001 0.7515625 0.2812500000000001 0.7515625
2 0.5203125000000001 0.621875 0.484375 0.621875 0.4843750000000001 0.7296875 0.5203125000000002 0.7296875
2 0.5015625 0.5984375 0.4828125 0.5984375 0.4828125 0.6734375 0.5015625 0.6734375
2 0.4875 0.578125 0.4578125 0.578125 0.4578125 0.646875 0.4875 0.646875
2 0.5421875 0.5546875 0.5171875 0.5546875 0.5171875 0.621875 0.5421875 0.621875
2 0.678125 0.559375 0.6578125 0.559375 0.6578125 0.653125 0.678125 0.653125
2 0.7437500000000001 0.6234375000000001 0.71875 0.6234375 0.7187500000000001 0.7343750000000001 0.7437500000000001 0.7343750000000002
3 0.9859375 0.6125000000000002 0.9484375 0.6125000000000002 0.9484375 0.7296875000000002 0.9859375 0.7296875000000002
2 0.834375 0.8 0.7859375000000002 0.8 0.7859375000000002 0.9453125 0.834375 0.9453125
1 0.4890625 0.6359375 0.4390625 0.6359375 0.4390625 0.66875 0.4890625 0.66875
0 0.4859375 0.684375 0.475 0.684375 0.475 0.70625 0.4859375 0.70625