2 0.2062500000000001 0.5671875 0.18906250000000008 0.5671875 0.18906250000000008 0.634375 0.2062500000000001 0.634375
1 0.26250000000000007 0.5625 0.24218750000000008 0.5625 0.24218750000000008 0.6328125 0.26250000000000007 0.6328125
2 0.3281250000000001 0.575 0.3125000000000001 0.575 0.3125000000000001 0.659375 0.3281250000000001 0.659375
2 0.3937500000000001 0.584375 0.3750000000000001 0.584375 0.3750000000000001 0.671875 0.3937500000000001 0.671875
2 0.3984375000000001 0.5453125 0.3843750000000001 0.5453125 0.3843750000000001 0.6109375 0.3984375000000001 0.6109375
2 0.3593750000000001 0.4921875 0.3500000000000001 0.4921875 0.3500000000000001 0.5390625 0.3593750000000001 0.5390625
2 0.4875 0.5875 0.4671875 0.5875 0.4671875 0.659375 0.4875 0.659375
2 0.5015625000000001 0.65625 0.475 0.65625 0.4750000000000001 0.7375 0.5015625000000001 0.7375
3 0.590625 0.58125 0.5703125 0.58125 0.5703125 0.6546875 0.590625 0.6546875
2 0.696875 0.6453125 0.678125 0.6453125 0.678125 0.7234375 0.696875 0.7234375
3 0.559375 0.4578125 0.546875 0.4578125 0.546875 0.50625 0.559375 0.50625
2 0.7234375000000001 0.7140625 0.6953125 0.7140625 0.6953125000000001 0.8171875 0.7234375000000002 0.8171875
2 0.9171875 0.6046875000000002 0.9 0.6046875000000002 0.9 0.6781250000000002 0.9171875 0.6781250000000002
2 0.9828125 0.6421875000000001 0.953125 0.6421875000000001 0.953125 0.7328125000000002 0.9828125 0.7328125000000002
2 0.9171875 0.7750000000000001 0.8890625 0.7750000000000001 0.8890625 0.865625 0.9171875 0.865625
0 0.8875 0.6140625000000002 0.8796875 0.6140625000000002 0.8796875 0.6328125000000002 0.8875 0.6328125000000002