2 0.6796875 0.48125 0.6046875 0.48125 0.6046875 0.6671875 0.6796875 0.6671875
2 0.5062500000000001 0.6140625 0.4515625 0.6140625 0.4515625000000001 0.775 0.5062500000000002 0.775
2 0.2921875000000001 0.521875 0.24375000000000008 0.521875 0.24375000000000008 0.6796875 0.2921875000000001 0.6796875
2 0.4062500000000001 0.5703125 0.3609375000000001 0.5703125 0.3609375000000001 0.753125 0.40625000000000017 0.753125
2 0.409375 0.484375 0.3609375000000001 0.484375 0.3609375000000001 0.6109375 0.409375 0.6109375
2 0.459375 0.4421875 0.4296875 0.4421875 0.4296875 0.559375 0.459375 0.559375
2 0.48125 0.5375 0.440625 0.5375 0.440625 0.6546875 0.48125 0.6546875
2 0.8515625 0.3921875000000001 0.8203125 0.3921875000000001 0.8203125 0.5750000000000002 0.8515625 0.5750000000000002
2 0.9921875 0.18281250000000013 0.94375 0.18281250000000013 0.94375 0.3500000000000001 0.9921875 0.3500000000000001
2 0.7984375 0.2906250000000001 0.75 0.2906250000000001 0.75 0.4578125000000002 0.7984375 0.4578125000000002
2 0.3140625000000001 0.4703125 0.2750000000000001 0.4703125 0.2750000000000001 0.6265625 0.3140625000000001 0.6265625
1 0.828125 0.1671875000000001 0.784375 0.1671875000000001 0.784375 0.3062500000000001 0.828125 0.3062500000000001
0 0.3859375000000001 0.5703125 0.3625000000000001 0.5703125 0.3625000000000001 0.6171875 0.3859375000000001 0.6171875