1 0.4625000000000002 0.8109375 0.3906250000000001 0.8109375 0.3906250000000001 0.8828125 0.4625000000000002 0.8828125
2 0.6578125 0.6328125 0.6109375 0.6328125 0.6109375 0.6796875 0.6578125 0.6796875
2 0.64375 0.584375 0.575 0.584375 0.575 0.653125 0.64375 0.653125
2 0.553125 0.4625 0.4953125 0.4625 0.4953125 0.5203125 0.553125 0.5203125
2 0.4359375 0.5515625 0.3859375000000001 0.5515625 0.3859375000000001 0.6015625 0.4359375 0.6015625
2 0.3500000000000001 0.5625 0.30937500000000007 0.5625 0.30937500000000007 0.603125 0.3500000000000001 0.603125
2 0.3968750000000001 0.546875 0.3578125000000001 0.546875 0.3578125000000001 0.5859375 0.3968750000000001 0.5859375
2 0.3312500000000001 0.5625 0.2671875000000001 0.5625 0.2671875000000001 0.584375 0.3312500000000001 0.584375
2 0.27812500000000007 0.3765625 0.23593750000000008 0.3765625 0.23593750000000008 0.41875 0.27812500000000007 0.41875
3 0.48125 0.3593750000000001 0.4265625 0.3593750000000001 0.4265625 0.415625 0.48125 0.415625
2 0.5515625 0.2765625000000001 0.484375 0.2765625000000001 0.484375 0.3421875000000001 0.5515625 0.3421875000000001
2 0.5359375 0.3515625000000001 0.4875 0.3515625000000001 0.4875 0.4 0.5359375 0.4
2 0.8953125 0.4187500000000002 0.8109375 0.4187500000000002 0.8109375 0.5031250000000002 0.8953125 0.5031250000000002
2 0.915625 0.27812500000000007 0.8328125 0.27812500000000007 0.8328125 0.3609375000000001 0.915625 0.3609375000000001
2 0.8046875 0.1937500000000001 0.678125 0.1937500000000001 0.678125 0.22656250000000008 0.8046875 0.22656250000000008
2 0.965625 0.1328125000000001 0.8859375 0.13281250000000008 0.8859375 0.21250000000000008 0.965625 0.21250000000000008
2 0.790625 0.009375000000000093 0.7234375 0.009375000000000088 0.7234375 0.07656250000000009 0.790625 0.07656250000000009
2 0.5453125 0.09218750000000006 0.4875 0.09218750000000006 0.4875 0.15000000000000008 0.5453125 0.15000000000000008
2 0.3015625 0.2765625 0.2640625 0.2765625 0.2640625 0.315625 0.3015625 0.315625
2 0.515625 0.23593750000000008 0.475 0.23593750000000008 0.475 0.2765625000000001 0.515625 0.2765625000000001
0 0.55 0.2375000000000001 0.53125 0.2375000000000001 0.53125 0.2562500000000001 0.55 0.2562500000000001
0 0.528125 0.07187500000000005 0.44375 0.07187500000000005 0.44375 0.09843750000000005 0.528125 0.09843750000000007