2 0.65 0.004687500000000075 0.5734375 0.004687500000000071 0.5734375 0.060937500000000075 0.65 0.06093750000000009
2 0.53125 0.015625000000000062 0.475 0.015625000000000056 0.475 0.06718750000000007 0.53125 0.06718750000000007
2 0.3296875 3.23383295399848e-17 0.1984375 2.430158492058029e-17 0.1984375 0.05781250000000003 0.3296875 0.057812500000000044
2 0.07187500000000002 0.109375 0.003125000000000014 0.109375 0.003125000000000018 0.1765625 0.07187500000000002 0.1765625
2 0.4734375 0.11718750000000004 0.3734375 0.11718750000000004 0.3734375 0.17031250000000003 0.4734375 0.17031250000000003
2 0.496875 0.17343750000000005 0.425 0.17343750000000005 0.425 0.2453125000000001 0.496875 0.2453125000000001
2 0.78125 0.2171875000000001 0.7171875 0.2171875000000001 0.7171875 0.2828125000000001 0.78125 0.2828125000000001
2 0.5828125 0.3187500000000001 0.51875 0.3187500000000001 0.51875 0.3828125000000001 0.5828125 0.3828125000000001
3 0.55 0.21875000000000008 0.475 0.21875000000000008 0.475 0.29375000000000007 0.55 0.29375000000000007
2 0.30937500000000007 0.4796875 0.24218750000000008 0.4796875 0.24218750000000008 0.5484375 0.30937500000000007 0.5484375
2 0.10312500000000005 0.4203125 0.029687500000000054 0.4203125 0.029687500000000054 0.4953125 0.10312500000000005 0.4953125
0 0.09062500000000004 0.2734375 0.06093750000000005 0.2734375 0.06093750000000005 0.303125 0.09062500000000004 0.303125
3 0.5000000000000002 0.840625 0.42187500000000017 0.840625 0.42187500000000017 0.878125 0.5000000000000002 0.878125
1 0.821875 0.6843750000000002 0.7875 0.6843750000000002 0.7875 0.7203125000000001 0.821875 0.7203125000000001
2 0.703125 0.5453125 0.6640625 0.5453125 0.6640625 0.5828125 0.703125 0.5828125
2 0.675 0.509375 0.6265625 0.509375 0.6265625 0.55625 0.675 0.55625
2 0.665625 0.4203125 0.609375 0.4203125 0.609375 0.4765625 0.665625 0.4765625
2 0.7828125 0.3453125000000001 0.75 0.3453125000000001 0.75 0.3781250000000001 0.7828125 0.3781250000000001
3 0.784375 0.0015625000000000938 0.75 0.0015625000000000916 0.75 0.03437500000000009 0.784375 0.0343750000000001
1 0.2843750000000001 0.7640625 0.1687500000000001 0.7640625 0.1687500000000001 0.80625 0.2843750000000001 0.80625
1 0.43281250000000016 0.8734375 0.3703125000000001 0.8734375 0.3703125000000001 0.9359375 0.43281250000000016 0.9359375
2 0.12656250000000008 0.7421875 0.042187500000000086 0.7421875 0.04218750000000009 0.828125 0.12656250000000008 0.828125