0 0.415625 0.3296875000000001 0.3875 0.3296875000000001 0.38750000000000007 0.3703125000000001 0.415625 0.3703125000000001
2 0.27031250000000007 0.253125 0.2359375 0.253125 0.23593750000000005 0.390625 0.27031250000000007 0.390625
2 0.3812500000000001 0.4640625 0.3468750000000001 0.4640625 0.3468750000000001 0.6140625 0.3812500000000001 0.6140625
2 0.421875 0.4546875 0.3750000000000001 0.4546875 0.3750000000000001 0.5984375 0.421875 0.5984375
2 0.3000000000000001 0.7109375 0.25468750000000007 0.7109375 0.25468750000000007 0.9265625 0.3000000000000001 0.9265625
2 0.6953125 0.37968750000000007 0.659375 0.37968750000000007 0.659375 0.528125 0.6953125 0.528125
2 0.79375 0.2640625000000001 0.7625 0.2640625000000001 0.7625 0.37968750000000007 0.79375 0.37968750000000007
2 0.803125 0.23593750000000008 0.771875 0.23593750000000008 0.771875 0.3578125000000001 0.803125 0.3578125000000001
2 0.84375 0.2171875000000001 0.8046875 0.2171875000000001 0.8046875 0.3546875000000001 0.84375 0.3546875000000001
2 0.9984375 0.2812500000000001 0.9671875 0.2812500000000001 0.9671875 0.44531250000000017 0.9984375 0.44531250000000017
2 0.8609375 0.40937500000000016 0.8234375 0.40937500000000016 0.8234375 0.5546875000000002 0.8609375 0.5546875000000002
2 0.9359375 0.6156250000000002 0.9015625 0.6156250000000002 0.9015625 0.7859375000000002 0.9359375 0.7859375000000002
2 0.9 0.6718750000000002 0.8546875 0.6718750000000002 0.8546875 0.8484375 0.9 0.8484375
2 0.571875 0.2140625000000001 0.553125 0.2140625000000001 0.553125 0.32500000000000007 0.571875 0.32500000000000007
2 0.55 0.2062500000000001 0.51875 0.2062500000000001 0.51875 0.2968750000000001 0.55 0.2968750000000001