2 0.2875 3.291238272708512e-17 0.25 3.061616997868383e-17 0.25 0.07187500000000004 0.2875 0.07187500000000005
2 0.24375 0.035937500000000025 0.21875 0.035937500000000025 0.21875 0.13906250000000003 0.24375 0.13906250000000003
2 0.4671875 0.07968750000000005 0.4359375 0.07968750000000005 0.4359375 0.2093750000000001 0.4671875 0.2093750000000001
2 0.5265625 0.3843750000000001 0.4859375 0.3843750000000001 0.4859375 0.528125 0.5265625 0.528125
2 0.671875 0.440625 0.634375 0.440625 0.634375 0.5796875 0.671875 0.5796875
2 0.6500000000000001 0.596875 0.59375 0.596875 0.5937500000000001 0.7359375 0.6500000000000001 0.7359375
2 0.3687500000000001 0.39531250000000007 0.3312500000000001 0.3953125 0.3312500000000001 0.4921875 0.3687500000000001 0.4921875
0 0.33281250000000007 0.509375 0.31718750000000007 0.509375 0.31718750000000007 0.5390625 0.33281250000000007 0.5390625
2 0.3265625000000001 0.54375 0.2828125000000001 0.54375 0.2828125000000001 0.65625 0.3265625000000001 0.65625
2 0.2312500000000001 0.4828125 0.2000000000000001 0.4828125 0.2000000000000001 0.6109375 0.2312500000000001 0.6109375
2 0.2000000000000001 0.5078125 0.16562500000000005 0.5078125 0.16562500000000008 0.6234375 0.2000000000000001 0.6234375
2 0.14843750000000008 0.559375 0.10156250000000008 0.559375 0.10156250000000008 0.7109375 0.14843750000000008 0.7109375
2 0.08906250000000007 0.5765625 0.04531250000000007 0.5765625 0.045312500000000075 0.725 0.08906250000000009 0.725
1 0.41718750000000016 0.7546875 0.3578125000000001 0.7546875 0.3578125000000001 0.8984375 0.41718750000000016 0.8984375