2 0.4109375000000002 0.728125 0.3296875000000001 0.728125 0.3296875000000001 0.753125 0.4109375000000002 0.753125
2 0.4515625 0.6828125 0.36406250000000007 0.6828125 0.36406250000000007 0.7140625 0.4515625 0.7140625
2 0.4171875 0.6515625 0.3359375000000001 0.6515625 0.3359375000000001 0.6953125 0.4171875 0.6953125
2 0.5203125000000001 0.6859375 0.421875 0.6859375 0.4218750000000001 0.7265625 0.5203125000000002 0.7265625
2 0.621875 0.5484375 0.503125 0.5484375 0.503125 0.5765625 0.621875 0.5765625
2 0.4921875 0.4734375 0.3921875000000001 0.4734375 0.3921875000000001 0.49375 0.4921875 0.49375
2 0.4625 0.4671875 0.3703125000000001 0.4671875 0.3703125000000001 0.496875 0.4625 0.496875
2 0.5921875 0.45 0.4765625 0.45 0.4765625 0.478125 0.5921875 0.478125
2 0.640625 0.4 0.521875 0.4 0.521875 0.428125 0.640625 0.428125
2 0.54375 0.38750000000000007 0.4375 0.38750000000000007 0.4375 0.421875 0.54375 0.421875
1 0.453125 0.14531250000000004 0.36875 0.14531250000000004 0.36875 0.17656250000000004 0.453125 0.17656250000000004
0 0.42187500000000017 0.7296875 0.4000000000000002 0.7296875 0.4000000000000002 0.7421875 0.42187500000000017 0.7421875