2 0.27187500000000003 0.3296875 0.246875 0.3296875 0.24687500000000004 0.4109375 0.2718750000000001 0.4109375
2 0.3187500000000001 0.3640625 0.2875000000000001 0.3640625 0.2875000000000001 0.4515625 0.3187500000000001 0.4515625
2 0.35000000000000003 0.3359375 0.30625 0.3359375 0.30625 0.4171875 0.3500000000000001 0.4171875
2 0.3156250000000001 0.421875 0.2750000000000001 0.421875 0.2750000000000001 0.5203125 0.3156250000000001 0.5203125
2 0.4515625 0.503125 0.4234375 0.503125 0.4234375 0.621875 0.4515625 0.621875
2 0.5265625 0.3921875000000001 0.50625 0.3921875000000001 0.50625 0.4921875 0.5265625 0.4921875
2 0.534375 0.3703125000000001 0.5046875 0.3703125000000001 0.5046875 0.4625 0.534375 0.4625
2 0.5515625 0.4765625 0.5234375 0.4765625 0.5234375 0.5921875 0.5515625 0.5921875
2 0.6 0.521875 0.571875 0.521875 0.571875 0.640625 0.6 0.640625
2 0.6140625 0.4375 0.5796875 0.4375 0.5796875 0.54375 0.6140625 0.54375
1 0.85625 0.3687500000000001 0.825 0.3687500000000001 0.825 0.45312500000000017 0.85625 0.45312500000000017
0 0.27031250000000007 0.4 0.2578125000000001 0.4 0.2578125000000001 0.421875 0.27031250000000007 0.421875