2 0.14218750000000008 0.60625 0.07968750000000006 0.60625 0.07968750000000008 0.790625 0.14218750000000008 0.790625
2 0.08906250000000006 0.4015625 0.03906250000000004 0.4015625 0.039062500000000056 0.575 0.08906250000000007 0.575
2 0.09687500000000006 0.334375 0.057812500000000044 0.334375 0.05781250000000006 0.4640625 0.09687500000000007 0.4640625
2 0.15937500000000004 0.3703125 0.10937500000000004 0.3703125 0.10937500000000004 0.503125 0.15937500000000004 0.503125
2 0.3890625000000001 0.4234375 0.3453125000000001 0.4234375 0.3453125000000001 0.55625 0.3890625000000001 0.55625
2 0.51875 0.5375 0.4625 0.5375 0.4625 0.6921875 0.51875 0.6921875
2 0.5578125 0.509375 0.496875 0.509375 0.496875 0.6515625 0.5578125 0.6515625
2 0.6218750000000001 0.5828125 0.5671875 0.5828125 0.5671875000000001 0.75625 0.6218750000000002 0.75625
2 0.7453125 0.6015625000000001 0.6890625 0.6015625 0.6890625000000001 0.76875 0.7453125000000002 0.7687500000000002
2 0.58125 0.4140625 0.5390625 0.4140625 0.5390625 0.5625 0.58125 0.5625
2 0.18437500000000007 0.4609375 0.15312500000000004 0.4609375 0.15312500000000007 0.571875 0.1843750000000001 0.571875
3 0.21093750000000008 0.55 0.16406250000000008 0.55 0.16406250000000008 0.6828125 0.21093750000000008 0.6828125
1 0.7046875 0.4609375 0.6703125 0.4609375 0.6703125 0.6 0.7046875 0.6
2 0.3671875000000001 0.4421875 0.33281250000000007 0.4421875 0.33281250000000007 0.546875 0.3671875000000001 0.546875