2 0.12343750000000009 0.575 0.09843750000000007 0.575 0.09843750000000008 0.6984375 0.12343750000000009 0.6984375
2 0.3500000000000001 0.684375 0.3187500000000001 0.684375 0.3187500000000001 0.821875 0.3500000000000001 0.821875
2 0.36406250000000007 0.6625 0.3359375000000001 0.6625 0.3359375000000001 0.7921875 0.36406250000000007 0.7921875
2 0.4515625 0.5890625 0.41875 0.5890625 0.41875 0.7109375 0.4515625 0.7109375
2 0.5062500000000001 0.690625 0.471875 0.690625 0.4718750000000001 0.8328125 0.5062500000000002 0.8328125
2 0.4531250000000001 0.6765625 0.421875 0.6765625 0.4218750000000001 0.8046875 0.45312500000000017 0.8046875
2 0.4765625000000001 0.65625 0.4546875 0.65625 0.4546875000000001 0.809375 0.47656250000000017 0.809375
2 0.2156250000000001 0.6015625 0.1906250000000001 0.6015625 0.1906250000000001 0.7390625 0.2156250000000001 0.7390625
2 0.1671875000000001 0.6 0.1437500000000001 0.6 0.1437500000000001 0.725 0.1671875000000001 0.725
2 0.18906250000000008 0.609375 0.1703125000000001 0.609375 0.1703125000000001 0.7375 0.18906250000000008 0.7375
2 0.12968750000000007 0.490625 0.10312500000000005 0.490625 0.10312500000000006 0.590625 0.1296875000000001 0.590625
2 0.16875000000000007 0.4953125 0.14687500000000003 0.4953125 0.14687500000000006 0.615625 0.1687500000000001 0.615625
2 0.8203125 0.4984375000000002 0.7984375 0.4984375000000002 0.7984375 0.6234375000000002 0.8203125 0.6234375000000002