1 0.09843750000000007 0.4703125 0.06718750000000007 0.4703125 0.06718750000000007 0.55625 0.09843750000000007 0.55625
3 0.6328125 0.5875 0.596875 0.5875 0.596875 0.6796875 0.6328125 0.6796875
2 0.1937500000000001 0.678125 0.16562500000000008 0.678125 0.16562500000000008 0.7640625 0.1937500000000001 0.7640625
2 0.2375000000000001 0.6125 0.20468750000000008 0.6125 0.20468750000000008 0.6828125 0.2375000000000001 0.6828125
2 0.3765625000000001 0.5265625 0.3218750000000001 0.5265625 0.3218750000000001 0.5953125 0.3765625000000001 0.5953125
2 0.3609375000000001 0.65 0.3109375000000001 0.65 0.3109375000000001 0.7625 0.3609375000000001 0.7625
2 0.428125 0.6234375 0.3890625000000001 0.6234375 0.3890625000000001 0.70625 0.428125 0.70625
2 0.553125 0.528125 0.496875 0.528125 0.496875 0.63125 0.553125 0.63125
2 0.5796875 0.4921875 0.54375 0.4921875 0.54375 0.5984375 0.5796875 0.5984375
2 0.5203125 0.440625 0.49375 0.440625 0.49375 0.484375 0.5203125 0.484375
2 0.678125 0.421875 0.6515625 0.421875 0.6515625 0.4703125 0.678125 0.4703125
2 0.6703125 0.5359375 0.63125 0.5359375 0.63125 0.609375 0.6703125 0.609375
2 0.7421875000000001 0.6234375000000001 0.709375 0.6234375 0.7093750000000001 0.7406250000000001 0.7421875000000002 0.7406250000000002
2 0.84375 0.7187500000000002 0.803125 0.7187500000000002 0.803125 0.8359375 0.84375 0.8359375
2 0.8375 0.6046875000000002 0.7953125 0.6046875000000002 0.7953125 0.7156250000000002 0.8375 0.7156250000000002
2 0.884375 0.5234375000000002 0.8359375 0.5234375000000002 0.8359375 0.6234375000000002 0.884375 0.6234375000000002
2 0.93125 0.5468750000000002 0.8921875 0.5468750000000002 0.8921875 0.6406250000000002 0.93125 0.6406250000000002
2 0.81875 0.4656250000000002 0.7828125 0.4656250000000002 0.7828125 0.5250000000000001 0.81875 0.5250000000000001
0 0.9859375 0.4546875000000002 0.959375 0.4546875000000002 0.959375 0.5203125000000002 0.9859375 0.5203125000000002
0 0.2812500000000001 0.71875 0.2671875000000001 0.71875 0.2671875000000001 0.740625 0.2812500000000001 0.740625
2 0.2750000000000001 0.6796875 0.2390625000000001 0.6796875 0.2390625000000001 0.80625 0.2750000000000001 0.80625