2 0.09531250000000009 0.690625 0.06093750000000009 0.690625 0.06093750000000009 0.796875 0.09531250000000009 0.796875
2 0.17968750000000006 0.515625 0.15468750000000003 0.515625 0.15468750000000006 0.609375 0.17968750000000008 0.609375
2 0.3062500000000001 0.45 0.28593750000000007 0.45 0.28593750000000007 0.503125 0.3062500000000001 0.503125
2 0.3265625000000001 0.5765625 0.3046875000000001 0.5765625 0.3046875000000001 0.6625 0.3265625000000001 0.6625
2 0.3750000000000001 0.521875 0.34843750000000007 0.521875 0.34843750000000007 0.596875 0.3750000000000001 0.596875
2 0.3812500000000001 0.4921875 0.3531250000000001 0.4921875 0.3531250000000001 0.5625 0.3812500000000001 0.5625
2 0.503125 0.4140625 0.4765625 0.4140625 0.4765625 0.459375 0.503125 0.459375
2 0.5015625 0.528125 0.4734375 0.528125 0.4734375 0.59375 0.5015625 0.59375
2 0.51875 0.465625 0.4890625 0.465625 0.4890625 0.528125 0.51875 0.528125
2 0.525 0.5828125 0.50625 0.5828125 0.50625 0.6484375 0.525 0.6484375
2 0.47656250000000017 0.809375 0.4312500000000002 0.809375 0.4312500000000002 0.9046875 0.47656250000000017 0.9046875
2 0.809375 0.7078125000000002 0.7828125 0.7078125000000002 0.7828125000000001 0.8359375 0.809375 0.8359375
2 0.6 0.5453125 0.5796875 0.5453125 0.5796875 0.646875 0.6 0.646875
2 0.6921875 0.503125 0.653125 0.503125 0.653125 0.5984375 0.6921875 0.5984375
2 0.709375 0.4359375 0.675 0.4359375 0.675 0.49375 0.709375 0.49375
2 0.796875 0.4828125000000002 0.7734375 0.4828125000000002 0.7734375 0.5875000000000001 0.796875 0.5875000000000001
2 0.865625 0.5640625000000001 0.8359375 0.5640625000000001 0.8359375 0.6734375000000001 0.865625 0.6734375000000001
0 0.621875 0.5578125 0.60625 0.5578125 0.60625 0.584375 0.621875 0.584375
3 0.5078125 0.6234375 0.4921875 0.6234375 0.4921875 0.709375 0.5078125 0.709375
2 0.4875 0.659375 0.4609375 0.659375 0.4609375 0.725 0.4875 0.725
2 0.475 0.6375 0.4609375 0.6375 0.4609375 0.696875 0.475 0.696875
3 0.5046875000000002 0.86875 0.47968750000000016 0.86875 0.47968750000000016 0.971875 0.5046875000000002 0.971875