1 0.2796875000000001 0.4609375 0.18437500000000004 0.4609375 0.18437500000000007 0.59375 0.2796875000000001 0.59375
2 0.95 0.5562500000000001 0.896875 0.5562500000000001 0.896875 0.7125000000000001 0.95 0.7125000000000001
3 0.8953125 0.5156250000000002 0.8453125 0.5156250000000002 0.8453125 0.6328125000000002 0.8953125 0.6328125000000002
2 0.9609375 0.3453125000000001 0.9125 0.3453125000000001 0.9125 0.4750000000000002 0.9609375 0.4750000000000002
2 0.9625 0.2968750000000001 0.934375 0.2968750000000001 0.934375 0.39531250000000007 0.9625 0.39531250000000007
2 0.88125 0.3734375000000001 0.8375 0.3734375000000001 0.8375 0.5218750000000002 0.88125 0.5218750000000002
2 0.9109375 0.4265625000000002 0.88125 0.4265625000000002 0.88125 0.5343750000000002 0.9109375 0.5343750000000002
2 0.725 0.3468750000000001 0.6875 0.3468750000000001 0.6875 0.509375 0.725 0.509375
2 0.6703125 0.3828125000000001 0.6234375 0.3828125000000001 0.6234375 0.528125 0.6703125 0.528125
2 0.6328125 0.4875 0.5921875 0.4875 0.5921875 0.6171875 0.6328125 0.6171875
2 0.55 0.4421875 0.503125 0.4421875 0.503125 0.58125 0.55 0.58125
2 0.49375 0.4328125 0.4453125 0.4328125 0.4453125 0.559375 0.49375 0.559375
2 0.3828125000000001 0.515625 0.3359375000000001 0.515625 0.3359375000000001 0.6515625 0.3828125000000001 0.6515625
2 0.30937500000000007 0.5625 0.26250000000000007 0.5625 0.26250000000000007 0.6921875 0.30937500000000007 0.6921875
2 0.2531250000000001 0.584375 0.21875000000000008 0.584375 0.21875000000000008 0.6984375 0.2531250000000001 0.6984375