1 0.803125 0.5015625000000001 0.675 0.5015625 0.675 0.5328125000000001 0.803125 0.5328125000000001
2 0.7578125000000001 0.7031250000000001 0.6328125 0.703125 0.6328125000000001 0.7406250000000001 0.7578125000000002 0.7406250000000002
2 0.7484375000000002 0.83125 0.6296875000000002 0.83125 0.6296875000000002 0.875 0.7484375000000002 0.875
3 0.5031250000000002 0.8125 0.3843750000000001 0.8125 0.3843750000000001 0.853125 0.5031250000000002 0.853125
2 0.6734375000000001 0.9765625 0.5390625000000002 0.9765625 0.5390625000000002 1 0.6734375000000001 1
2 0.553125 0.31718750000000007 0.428125 0.31718750000000007 0.428125 0.3515625000000001 0.553125 0.3515625000000001
2 0.53125 0.23593750000000008 0.425 0.23593750000000008 0.425 0.2609375000000001 0.53125 0.2609375000000001
2 0.475 0.21718750000000003 0.3359375 0.2171875 0.3359375 0.2515625 0.475 0.2515625000000001
0 0.4671875 0.39531250000000007 0.4390625 0.39531250000000007 0.4390625 0.4078125 0.4671875 0.4078125
2 0.5328125 0.4140625 0.4046875 0.4140625 0.4046875 0.4421875 0.5328125 0.4421875
2 0.4140625 0.39531250000000007 0.28593750000000007 0.3953125 0.28593750000000007 0.4328125 0.4140625 0.4328125
2 0.4921875 0.4375 0.3671875000000001 0.4375 0.3671875000000001 0.46875 0.4921875 0.46875
2 0.6203125 0.475 0.4796875 0.475 0.4796875 0.521875 0.6203125 0.521875
2 0.5265625 0.5390625 0.3781250000000001 0.5390625 0.3781250000000001 0.5734375 0.5265625 0.5734375
2 0.3468750000000001 0.63125 0.20312500000000008 0.63125 0.20312500000000008 0.665625 0.3468750000000001 0.665625
2 0.38750000000000007 0.6546875 0.26250000000000007 0.6546875 0.26250000000000007 0.6921875 0.38750000000000007 0.6921875
2 0.2390625000000001 0.5203125 0.06718750000000007 0.5203125 0.06718750000000007 0.5515625 0.2390625000000001 0.5515625