2 0.6796875 0.03437500000000007 0.55 0.034375000000000065 0.55 0.07187500000000008 0.6796875 0.07187500000000009
2 0.6421875 0.3468750000000001 0.5296875 0.3468750000000001 0.5296875 0.3812500000000001 0.6421875 0.3812500000000001
2 0.6359375 0.4375 0.5140625 0.4375 0.5140625 0.465625 0.6359375 0.465625
2 0.525 0.26250000000000007 0.41875 0.26250000000000007 0.41875 0.2906250000000001 0.525 0.2906250000000001
2 0.446875 0.31718750000000007 0.353125 0.3171875 0.353125 0.34218750000000003 0.446875 0.3421875000000001
3 0.4890625 0.3906250000000001 0.3859375000000001 0.3906250000000001 0.3859375000000001 0.415625 0.4890625 0.415625
2 0.34843750000000007 0.4203125 0.25468750000000007 0.4203125 0.25468750000000007 0.4484375 0.34843750000000007 0.4484375
2 0.2921875000000001 0.55625 0.2140625000000001 0.55625 0.2140625000000001 0.5796875 0.2921875000000001 0.5796875
2 0.3000000000000001 0.4609375 0.2218750000000001 0.4609375 0.2218750000000001 0.4828125 0.3000000000000001 0.4828125
2 0.7046875 0.690625 0.5734375 0.690625 0.5734375 0.721875 0.7046875 0.721875
2 0.3812500000000001 0.6953125 0.2968750000000001 0.6953125 0.2968750000000001 0.71875 0.3812500000000001 0.71875
2 0.6890625000000001 0.8546875 0.5453125000000002 0.8546875 0.5453125000000002 0.8921875 0.6890625000000001 0.8921875
2 0.2968750000000001 0.9109375 0.2218750000000001 0.9109375 0.2218750000000001 0.959375 0.2968750000000001 0.959375
0 0.3765625000000001 0.66875 0.3546875000000001 0.66875 0.3546875000000001 0.6875 0.3765625000000001 0.6875