2 0.4703125 0.19843750000000004 0.328125 0.19843750000000004 0.328125 0.24843750000000003 0.4703125 0.2484375000000001
2 0.528125 0.2156250000000001 0.4328125 0.2156250000000001 0.4328125 0.2562500000000001 0.528125 0.2562500000000001
2 0.4609375 0.32343750000000004 0.31875 0.3234375 0.31875000000000003 0.38750000000000007 0.4609375 0.38750000000000007
0 0.3921875000000001 0.39843750000000006 0.3421875000000001 0.3984375 0.3421875000000001 0.428125 0.3921875000000001 0.428125
2 0.5375 0.4234375 0.4171875 0.4234375 0.4171875 0.4796875 0.5375 0.4796875
2 0.3921875000000001 0.4203125 0.24375000000000008 0.4203125 0.24375000000000008 0.4640625 0.3921875000000001 0.4640625
2 0.559375 0.596875 0.4046875 0.596875 0.4046875 0.634375 0.559375 0.634375
2 0.578125 0.4984375 0.4484375 0.4984375 0.4484375 0.5390625 0.578125 0.5390625
2 0.7046875000000001 0.7515625 0.5593750000000002 0.7515625 0.5593750000000002 0.8015625 0.7046875000000001 0.8015625
2 0.5953125000000001 0.81875 0.4781250000000002 0.81875 0.4781250000000002 0.853125 0.5953125000000001 0.853125
2 0.8 0.9375 0.6515625000000002 0.9375 0.6515625000000002 0.9875 0.8 0.9875
3 0.5093750000000001 0.84375 0.3578125000000001 0.84375 0.3578125000000001 0.88125 0.5093750000000001 0.88125
1 0.81875 0.7906250000000001 0.7046875000000001 0.790625 0.7046875000000001 0.85 0.81875 0.85