2 0.7453125000000002 0.8625 0.5953125000000001 0.8625 0.5953125000000001 0.90625 0.7453125000000002 0.90625
2 0.8921875 0.6375000000000002 0.7296875 0.6375000000000002 0.7296875 0.6890625000000001 0.8921875 0.6890625000000001
2 0.603125 0.5328125 0.4828125 0.5328125 0.4828125 0.5734375 0.603125 0.5734375
2 0.5875 0.475 0.46875 0.475 0.46875 0.5125 0.5875 0.5125
2 0.4640625 0.425 0.37187500000000007 0.425 0.37187500000000007 0.4484375 0.4640625 0.4484375
2 0.5203125 0.6109375 0.4328125 0.6109375 0.4328125 0.6390625 0.5203125 0.6390625
2 0.4921875 0.6390625 0.4015625 0.6390625 0.4015625 0.6640625 0.4921875 0.6640625
2 0.5984375 0.6359375 0.4984375 0.6359375 0.4984375 0.671875 0.5984375 0.671875
2 0.675 0.4 0.546875 0.4 0.546875 0.4328125 0.675 0.4328125
2 0.7265625 0.3359375000000001 0.5859375 0.3359375000000001 0.5859375 0.36406250000000007 0.7265625 0.36406250000000007
2 0.7 0.11562500000000009 0.55625 0.11562500000000009 0.55625 0.15625000000000008 0.7 0.15625000000000008
2 0.490625 0.18593750000000003 0.38125 0.18593750000000003 0.38125 0.2140625000000001 0.490625 0.2140625000000001
2 0.3828125 0.22656250000000006 0.303125 0.2265625 0.303125 0.25468750000000007 0.3828125 0.25468750000000007
3 0.290625 0.2125 0.240625 0.2125 0.240625 0.234375 0.290625 0.234375
3 0.65625 0.3671875000000001 0.540625 0.3671875000000001 0.540625 0.4140625 0.65625 0.4140625
0 0.4890625 0.6921875 0.4609375 0.6921875 0.4609375 0.7078125 0.4890625 0.7078125
1 0.39531250000000007 0.9046875 0.33281250000000007 0.9046875 0.33281250000000007 0.9359375 0.39531250000000007 0.9359375