2 0.16250000000000006 0.425 0.11250000000000004 0.425 0.11250000000000007 0.640625 0.1625000000000001 0.640625
2 0.23593750000000008 0.3734375 0.18437500000000004 0.3734375 0.18437500000000007 0.5609375 0.23593750000000008 0.5609375
2 0.37812500000000004 0.33906250000000004 0.3421875 0.3390625 0.34218750000000003 0.49375 0.3781250000000001 0.49375
2 0.3625000000000001 0.41875 0.2906250000000001 0.41875 0.2906250000000001 0.5359375 0.3625000000000001 0.5359375
2 0.4171875 0.2593750000000001 0.390625 0.2593750000000001 0.39062500000000006 0.3812500000000001 0.4171875 0.3812500000000001
2 0.5109375 0.32500000000000007 0.4703125 0.32500000000000007 0.4703125 0.4859375 0.5109375 0.4859375
2 0.55 0.2796875000000001 0.5109375 0.2796875000000001 0.5109375 0.4328125 0.55 0.4328125
2 0.50625 0.27812500000000007 0.4859375 0.27812500000000007 0.4859375 0.3296875000000001 0.50625 0.3296875000000001
2 0.709375 0.3031250000000001 0.684375 0.3031250000000001 0.684375 0.4515625 0.709375 0.4515625
2 0.653125 0.446875 0.60625 0.446875 0.60625 0.678125 0.653125 0.678125
2 0.7921875 0.40156250000000016 0.740625 0.40156250000000016 0.740625 0.5968750000000002 0.7921875 0.5968750000000002
2 0.84375 0.3281250000000001 0.8203125 0.3281250000000001 0.8203125 0.5046875000000002 0.84375 0.5046875000000002
0 0.5640625 0.48125 0.5484375 0.48125 0.5484375 0.5140625 0.5640625 0.5140625