3 0.05156250000000003 0.26875 0.021875000000000033 0.26875 0.02187500000000004 0.3765625 0.051562500000000046 0.3765625
2 0.09843750000000004 0.18125 0.07343750000000002 0.18125 0.07343750000000003 0.2765625 0.09843750000000004 0.2765625
2 0.25468750000000007 0.4046875 0.2218750000000001 0.4046875 0.2218750000000001 0.5015625 0.25468750000000007 0.5015625
2 0.3140625 0.30625 0.2734375 0.30625 0.27343750000000006 0.425 0.3140625000000001 0.425
2 0.5796875 0.4765625 0.5375 0.4765625 0.5375 0.5828125 0.5796875 0.5828125
2 0.628125 0.4078125 0.603125 0.4078125 0.603125 0.5125 0.628125 0.5125
2 0.540625 0.3000000000000001 0.5171875 0.3000000000000001 0.5171875 0.4234375 0.540625 0.4234375
2 0.5015625 0.2640625000000001 0.471875 0.2640625000000001 0.471875 0.3609375000000001 0.5015625 0.3609375000000001
2 0.4234375 0.22812500000000008 0.403125 0.22812500000000008 0.403125 0.3390625000000001 0.4234375 0.3390625000000001
2 0.4390625 0.2171875000000001 0.415625 0.2171875000000001 0.415625 0.3125000000000001 0.4390625 0.3125000000000001
2 0.6359375 0.3671875000000001 0.6078125 0.3671875000000001 0.6078125 0.4515625 0.6359375 0.4515625
1 0.6078125 0.3031250000000001 0.5796875 0.3031250000000001 0.5796875 0.4125 0.6078125 0.4125
0 0.7015625 0.3109375000000001 0.6890625 0.3109375000000001 0.6890625 0.3343750000000001 0.7015625 0.3343750000000001