2 0.5390625 0.12343750000000005 0.3953125 0.12343750000000005 0.3953125 0.17343750000000005 0.5390625 0.17343750000000005
2 0.6796875 0.18281250000000007 0.5359375 0.18281250000000004 0.5359375 0.2140625000000001 0.6796875 0.2140625000000001
2 0.4109375 0.22500000000000003 0.2390625 0.225 0.2390625 0.275 0.4109375 0.2750000000000001
2 0.6328125 0.4984375 0.4796875 0.4984375 0.4796875 0.5453125 0.6328125 0.5453125
2 0.8984375 0.3906250000000001 0.7875 0.3906250000000001 0.7875 0.42187500000000017 0.8984375 0.42187500000000017
2 0.990625 0.5781250000000002 0.896875 0.5781250000000002 0.896875 0.6125000000000002 0.990625 0.6125000000000002
2 0.9515625 0.5984375000000002 0.83125 0.5984375000000002 0.83125 0.6468750000000002 0.9515625 0.6468750000000002
2 0.96875 0.9140625 0.853125 0.9140625 0.853125 0.9609375 0.96875 0.9609375
3 0.6312500000000002 0.8765625 0.5109375000000002 0.8765625 0.5109375000000002 0.9109375 0.6312500000000002 0.9109375
2 0.41718750000000016 0.859375 0.3046875000000001 0.859375 0.3046875000000001 0.9 0.41718750000000016 0.9
0 0.3437500000000001 0.8453125 0.30937500000000007 0.8453125 0.30937500000000007 0.8625 0.3437500000000001 0.8625
2 0.48750000000000016 0.80625 0.3656250000000001 0.80625 0.3656250000000001 0.846875 0.48750000000000016 0.846875
2 0.4281250000000002 0.8 0.2687500000000001 0.8 0.2687500000000001 0.846875 0.4281250000000002 0.846875
2 0.5000000000000002 0.7390625 0.3656250000000001 0.7390625 0.3656250000000001 0.7828125 0.5000000000000002 0.7828125
2 0.4328125 0.5734375 0.28593750000000007 0.5734375 0.28593750000000007 0.6328125 0.4328125 0.6328125
1 0.2453125000000001 0.4953125 0.10156250000000004 0.4953125 0.10156250000000007 0.5796875 0.2453125000000001 0.5796875