3 0.9203125 0.5671875000000002 0.8875 0.5671875000000002 0.8875 0.6500000000000001 0.9203125 0.6500000000000001
2 0.6984375 0.5765625 0.6703125 0.5765625 0.6703125 0.65 0.6984375 0.65
2 0.54375 0.5578125 0.5171875 0.5578125 0.5171875 0.6171875 0.54375 0.6171875
2 0.4203125 0.3781250000000001 0.4 0.3781250000000001 0.4 0.4578125 0.4203125 0.4578125
2 0.403125 0.2453125000000001 0.36875 0.2453125000000001 0.36875 0.2968750000000001 0.403125 0.2968750000000001
2 0.29375 0.2703125 0.2640625 0.2703125 0.2640625 0.309375 0.29375 0.309375
2 0.27812500000000007 0.4296875 0.2453125000000001 0.4296875 0.2453125000000001 0.4984375 0.27812500000000007 0.4984375
2 0.3062500000000001 0.678125 0.2734375000000001 0.678125 0.2734375000000001 0.7703125 0.3062500000000001 0.7703125
2 0.5671875 0.3390625000000001 0.5484375 0.3390625000000001 0.5484375 0.3859375000000001 0.5671875 0.3859375000000001
2 0.615625 0.3234375000000001 0.584375 0.3234375000000001 0.584375 0.38750000000000007 0.615625 0.38750000000000007
1 0.71875 0.2234375000000001 0.7046875 0.2234375000000001 0.7046875 0.2593750000000001 0.71875 0.2593750000000001
3 0.18750000000000008 0.55625 0.16562500000000008 0.55625 0.16562500000000008 0.6265625 0.18750000000000008 0.6265625
2 0.20468750000000008 0.5140625 0.17656250000000004 0.5140625 0.17656250000000007 0.58125 0.20468750000000008 0.58125
2 0.05937500000000005 0.3984375 0.028125000000000046 0.3984375 0.02812500000000005 0.4671875 0.05937500000000007 0.4671875
2 0.07812500000000007 0.509375 0.04687500000000007 0.509375 0.04687500000000007 0.5671875 0.07812500000000007 0.5671875
2 0.050000000000000065 0.4921875 0.025000000000000057 0.4921875 0.02500000000000006 0.5625 0.050000000000000065 0.5625
2 0.045312500000000075 0.609375 0.007812500000000075 0.609375 0.00781250000000008 0.6796875 0.045312500000000075 0.6796875
2 0.11562500000000009 0.7703125 0.06562500000000009 0.7703125 0.0656250000000001 0.821875 0.11562500000000009 0.821875
2 0.2062500000000001 0.859375 0.1468750000000001 0.859375 0.14687500000000012 0.96875 0.2062500000000001 0.96875