2 0.2578125000000001 0.371875 0.2390625000000001 0.371875 0.2390625000000001 0.4390625 0.2578125000000001 0.4390625
2 0.27031250000000007 0.35625 0.25 0.35625 0.25000000000000006 0.3984375 0.27031250000000007 0.3984375
2 0.2796875000000001 0.4328125 0.2640625000000001 0.4328125 0.2640625000000001 0.4921875 0.2796875000000001 0.4921875
2 0.30156250000000007 0.4453125 0.2812500000000001 0.4453125 0.2812500000000001 0.4984375 0.30156250000000007 0.4984375
2 0.4015625 0.5453125 0.3781250000000001 0.5453125 0.3781250000000001 0.61875 0.4015625 0.61875
2 0.490625 0.25468750000000007 0.465625 0.25468750000000007 0.465625 0.29375000000000007 0.490625 0.29375000000000007
2 0.5515625 0.2828125000000001 0.5234375 0.2828125000000001 0.5234375 0.3234375000000001 0.5515625 0.3234375000000001
3 0.5390625 0.415625 0.5265625 0.415625 0.5265625 0.46875 0.5390625 0.46875
2 0.596875 0.5296875 0.575 0.5296875 0.575 0.603125 0.596875 0.603125
2 0.5609375000000002 0.9 0.5031250000000002 0.9 0.5031250000000002 1 0.5609375000000002 1
2 0.6281250000000002 0.7265625 0.5687500000000002 0.7265625 0.5687500000000002 0.825 0.6281250000000002 0.825
2 0.7109375 0.5859375 0.690625 0.5859375 0.690625 0.6515625 0.7109375 0.6515625
2 0.8359375 0.6937500000000002 0.8 0.6937500000000002 0.8 0.7531250000000002 0.8359375 0.7531250000000002
2 0.9515625 0.6890625000000001 0.9171875 0.6890625000000001 0.9171875 0.7671875000000001 0.9515625 0.7671875000000001
2 0.7125 0.5109375 0.6921875 0.5109375 0.6921875 0.5828125 0.7125 0.5828125
2 0.778125 0.5125000000000002 0.746875 0.5125000000000002 0.746875 0.5687500000000002 0.778125 0.5687500000000002
2 0.621875 0.4375 0.6015625 0.4375 0.6015625 0.48125 0.621875 0.48125
2 0.621875 0.4125 0.6015625 0.4125 0.6015625 0.4484375 0.621875 0.4484375
0 0.8359375 0.6250000000000002 0.8203125 0.6250000000000002 0.8203125 0.6453125000000002 0.8359375 0.6453125000000002
1 0.8609375 0.2750000000000001 0.84375 0.2750000000000001 0.84375 0.3125000000000001 0.8609375 0.3125000000000001
2 0.7296875 0.5296875000000001 0.709375 0.5296875 0.709375 0.5781250000000001 0.7296875 0.5781250000000002
2 0.29375000000000007 0.7 0.24218750000000008 0.7 0.24218750000000008 0.7921875 0.29375000000000007 0.7921875
2 0.2515625000000001 0.8125 0.2078125000000001 0.8125 0.2078125000000001 0.8984375 0.2515625000000001 0.8984375