2 0.665625 0.3109375000000001 0.6265625 0.3109375000000001 0.6265625 0.453125 0.665625 0.453125
2 0.7203125 0.2687500000000001 0.671875 0.2687500000000001 0.671875 0.3968750000000001 0.7203125 0.3968750000000001
2 0.34062500000000007 0.446875 0.30156250000000007 0.446875 0.30156250000000007 0.55625 0.34062500000000007 0.55625
2 0.32031250000000006 0.2890625 0.278125 0.2890625 0.27812500000000007 0.4328125 0.3203125000000001 0.4328125
2 0.36718750000000006 0.27343750000000006 0.3265625 0.2734375 0.32656250000000003 0.4015625 0.3671875000000001 0.4015625
2 0.7781250000000002 0.94375 0.7359375000000001 0.94375 0.7359375000000001 1 0.7781250000000002 1
3 0.8453125 0.2671875000000001 0.803125 0.2671875000000001 0.803125 0.4000000000000002 0.8453125 0.4000000000000002
2 0.5140625 0.528125 0.475 0.528125 0.475 0.68125 0.5140625 0.68125
2 0.7140625 0.6 0.6578125 0.6 0.6578125000000001 0.7703125 0.7140625000000002 0.7703125
2 0.6062500000000001 0.6015625 0.571875 0.6015625 0.5718750000000001 0.7546875 0.6062500000000002 0.7546875
2 0.59375 0.5265625 0.5578125 0.5265625 0.5578125 0.6328125 0.59375 0.6328125
1 0.43437500000000007 0.709375 0.3843750000000001 0.709375 0.3843750000000001 0.8640625 0.4343750000000002 0.8640625
2 0.746875 0.5406250000000001 0.7046875 0.540625 0.7046875 0.6921875000000001 0.746875 0.6921875000000002
2 0.85 0.9640625 0.803125 0.9640625 0.803125 1 0.85 1
2 0.55625 0.6015625 0.528125 0.6015625 0.528125 0.6953125 0.55625 0.6953125
2 0.3578125000000001 0.5234375 0.3125000000000001 0.5234375 0.3125000000000001 0.684375 0.3578125000000001 0.684375