2 0.05937500000000008 0.571875 0.01718750000000007 0.571875 0.01718750000000008 0.746875 0.05937500000000009 0.746875
2 0.06875000000000006 0.3859375 0.035937500000000046 0.3859375 0.03593750000000005 0.5078125 0.06875000000000006 0.5078125
2 0.2312500000000001 0.3765625 0.19375000000000003 0.3765625 0.19375000000000003 0.490625 0.2312500000000001 0.490625
2 0.32500000000000007 0.4078125 0.30156250000000007 0.4078125 0.30156250000000007 0.51875 0.32500000000000007 0.51875
2 0.3390625000000001 0.3921875 0.3203125000000001 0.3921875 0.3203125000000001 0.4671875 0.3390625000000001 0.4671875
2 0.34843750000000007 0.44375 0.3187500000000001 0.44375 0.3187500000000001 0.53125 0.34843750000000007 0.53125
2 0.43125 0.4765625 0.3937500000000001 0.4765625 0.3937500000000001 0.6015625 0.43125 0.6015625
2 0.37187500000000007 0.5515625 0.34062500000000007 0.5515625 0.34062500000000007 0.665625 0.37187500000000007 0.665625
2 0.5 0.4453125 0.4609375 0.4453125 0.4609375 0.5828125 0.5 0.5828125
2 0.64375 0.4484375 0.6078125 0.4484375 0.6078125 0.575 0.64375 0.575
2 0.7015625 0.5078125 0.6703125 0.5078125 0.6703125 0.6671875 0.7015625 0.6671875
2 0.725 0.5125 0.690625 0.5125 0.690625 0.6421875 0.725 0.6421875
2 0.7781250000000001 0.5937500000000002 0.746875 0.5937500000000002 0.7468750000000001 0.7390625000000002 0.7781250000000002 0.7390625000000002
2 0.4984375000000002 0.8609375 0.45312500000000017 0.8609375 0.45312500000000017 1 0.4984375000000002 1
2 0.6281250000000002 0.8125 0.5859375000000002 0.8125 0.5859375000000002 0.9828125 0.6281250000000002 0.9828125
2 0.953125 0.4593750000000002 0.915625 0.4593750000000002 0.915625 0.5921875000000002 0.953125 0.5921875000000002