2 0.22656250000000008 0.4109375 0.17656250000000004 0.4109375 0.17656250000000007 0.5703125 0.22656250000000008 0.5703125
2 0.6953125 0.5328125 0.646875 0.5328125 0.646875 0.70625 0.6953125 0.70625
2 0.621875 0.3125000000000001 0.578125 0.3125000000000001 0.578125 0.484375 0.621875 0.484375
1 0.4625 0.2500000000000001 0.4203125 0.2500000000000001 0.4203125 0.403125 0.4625 0.403125
2 0.7171875 0.2953125000000001 0.675 0.2953125000000001 0.675 0.4125 0.7171875 0.4125
2 0.6734375 0.3593750000000001 0.6265625 0.3593750000000001 0.6265625 0.4890625 0.6734375 0.4890625
2 0.8484375 0.3062500000000001 0.8140625 0.3062500000000001 0.8140625 0.43750000000000017 0.8484375 0.43750000000000017
2 0.740625 0.4609375000000001 0.7015625 0.4609375 0.7015625 0.6031250000000001 0.740625 0.6031250000000001
2 0.7328125 0.3890625000000001 0.6953125 0.3890625000000001 0.6953125 0.5171875000000001 0.7328125 0.5171875000000001
2 0.865625 0.26250000000000007 0.8265625 0.26250000000000007 0.8265625 0.3828125000000001 0.865625 0.3828125000000001
3 0.746875 0.12343750000000009 0.7109375 0.12343750000000009 0.7109375 0.24375000000000008 0.746875 0.24375000000000008
0 0.2609375000000001 0.3703125 0.2390625000000001 0.3703125 0.2390625000000001 0.3984375 0.2609375000000001 0.3984375