2 0.5078125 0.478125 0.4546875 0.478125 0.4546875 0.6125 0.5078125 0.6125
1 0.38281250000000006 0.29218750000000004 0.321875 0.2921875 0.321875 0.41875 0.3828125000000001 0.41875
2 0.884375 0.2296875000000001 0.84375 0.2296875000000001 0.84375 0.37968750000000007 0.884375 0.37968750000000007
2 0.565625 0.3734375000000001 0.5234375 0.3734375000000001 0.5234375 0.503125 0.565625 0.503125
2 0.60625 0.51875 0.5609375 0.51875 0.5609375 0.6953125 0.60625 0.6953125
2 0.4484375 0.3750000000000001 0.4 0.3750000000000001 0.4 0.5046875 0.4484375 0.5046875
3 0.6828125 0.1375000000000001 0.646875 0.1375000000000001 0.646875 0.2484375000000001 0.6828125 0.2484375000000001
2 0.9578125 0.3750000000000001 0.9140625 0.3750000000000001 0.9140625 0.5234375000000002 0.9578125 0.5234375000000002
2 0.875 0.1359375000000001 0.828125 0.1359375000000001 0.828125 0.2656250000000001 0.875 0.2656250000000001
2 0.603125 0.3109375000000001 0.5671875 0.3109375000000001 0.5671875 0.446875 0.603125 0.446875
2 0.53125 0.3515625000000001 0.5046875 0.3515625000000001 0.5046875 0.459375 0.53125 0.459375
0 0.390625 0.27812500000000007 0.36875 0.27812500000000007 0.36875 0.3109375000000001 0.390625 0.3109375000000001