1 0.5765625 0.29375000000000007 0.4453125 0.29375000000000007 0.4453125 0.3281250000000001 0.5765625 0.3281250000000001
3 0.296875 0.28125 0.11875000000000005 0.28125 0.11875000000000005 0.33125 0.296875 0.33125
0 0.4078125 0.5984375 0.3671875000000001 0.5984375 0.3671875000000001 0.6140625 0.4078125 0.6140625
2 0.5000000000000002 0.7609375 0.35625000000000007 0.7609375 0.35625000000000007 0.7953125 0.5000000000000002 0.7953125
2 0.5156250000000002 0.934375 0.4125000000000002 0.934375 0.4125000000000002 0.965625 0.5156250000000002 0.965625
2 0.5359375000000002 0.9671875 0.4234375000000002 0.9671875 0.4234375000000002 0.9984375 0.5359375000000002 0.9984375
2 0.4984375000000002 0.946875 0.36406250000000007 0.946875 0.36406250000000007 0.9875 0.4984375000000002 0.9875
2 0.3234375000000001 0.7015625 0.1750000000000001 0.7015625 0.1750000000000001 0.7484375 0.3234375000000001 0.7484375
2 0.3609375000000001 0.6484375 0.2015625000000001 0.6484375 0.2015625000000001 0.6796875 0.3609375000000001 0.6796875
2 0.3578125000000001 0.5953125 0.2093750000000001 0.5953125 0.2093750000000001 0.6234375 0.3578125000000001 0.6234375
2 0.3375000000000001 0.546875 0.21250000000000008 0.546875 0.21250000000000008 0.590625 0.3375000000000001 0.590625
2 0.2562500000000001 0.559375 0.1218750000000001 0.559375 0.1218750000000001 0.6 0.2562500000000001 0.6
3 0.709375 0.6859375 0.584375 0.6859375 0.584375 0.7171875 0.709375 0.7171875