2 0.871875 0.3156250000000001 0.8234375 0.3156250000000001 0.8234375 0.4734375000000002 0.871875 0.4734375000000002
2 0.10312500000000005 0.3359375 0.05312500000000005 0.3359375 0.053125000000000054 0.484375 0.10312500000000005 0.484375
2 0.2671875 0.15468750000000003 0.215625 0.15468750000000003 0.215625 0.2890625 0.2671875 0.2890625
2 0.2218750000000001 0.4953125 0.15312500000000004 0.4953125 0.15312500000000007 0.696875 0.2218750000000001 0.696875
2 0.3265625000000001 0.5109375 0.27812500000000007 0.5109375 0.27812500000000007 0.6828125 0.3265625000000001 0.6828125
2 0.484375 0.528125 0.43125 0.528125 0.43125 0.7015625 0.484375 0.7015625
2 0.4281250000000001 0.690625 0.3500000000000001 0.690625 0.3500000000000001 0.771875 0.4281250000000002 0.771875
2 0.584375 0.4546875 0.528125 0.4546875 0.528125 0.6375 0.584375 0.6375
2 0.715625 0.4140625 0.6765625 0.4140625 0.6765625 0.5875 0.715625 0.5875
2 0.5390625 0.3156250000000001 0.496875 0.3156250000000001 0.496875 0.46875 0.5390625 0.46875
2 0.446875 0.4078125 0.403125 0.4078125 0.403125 0.546875 0.446875 0.546875
3 0.5546875 0.25468750000000007 0.5109375 0.25468750000000007 0.5109375 0.3937500000000001 0.5546875 0.3937500000000001
1 0.47187500000000016 0.790625 0.4031250000000002 0.790625 0.4031250000000002 0.9546875 0.47187500000000016 0.9546875
0 0.4203125 0.5078125 0.4046875 0.5078125 0.4046875 0.54375 0.4203125 0.54375