2 0.5484375 0.3609375000000001 0.5125 0.3609375000000001 0.5125 0.4671875 0.5484375 0.4671875
2 0.4625 0.2796875000000001 0.4265625 0.2796875000000001 0.4265625 0.3765625000000001 0.4625 0.3765625000000001
2 0.48125 0.3500000000000001 0.4453125 0.3500000000000001 0.4453125 0.4625 0.48125 0.4625
3 0.14531250000000004 0.4078125 0.11718750000000004 0.4078125 0.11718750000000004 0.534375 0.14531250000000004 0.534375
2 0.5765625 0.453125 0.54375 0.453125 0.54375 0.571875 0.5765625 0.571875
1 0.815625 0.2453125000000001 0.771875 0.2453125000000001 0.771875 0.3375000000000001 0.815625 0.3375000000000001
2 0.6375 0.4390625 0.603125 0.4390625 0.603125 0.5609375 0.6375 0.5609375
2 0.36875 0.26875000000000004 0.3359375 0.26875 0.33593750000000006 0.3765625 0.3687500000000001 0.3765625000000001
2 0.2796875000000001 0.553125 0.2453125000000001 0.553125 0.2453125000000001 0.70625 0.2796875000000001 0.70625
2 0.475 0.45625 0.4421875 0.45625 0.4421875 0.5890625 0.475 0.5890625
0 0.4015625 0.496875 0.3890625000000001 0.496875 0.3890625000000001 0.5234375 0.4015625 0.5234375
2 0.17187500000000006 0.31875 0.14375000000000004 0.31875 0.14375000000000004 0.434375 0.17187500000000006 0.434375
2 0.35625 0.2234375 0.3265625 0.2234375 0.3265625 0.3140625 0.35625 0.3140625
2 0.3453125000000001 0.4859375 0.3078125000000001 0.4859375 0.3078125000000001 0.5890625 0.3453125000000001 0.5890625
2 0.1765625000000001 0.6625 0.1281250000000001 0.6625 0.1281250000000001 0.7875 0.1765625000000001 0.7875
0 0.4046875 0.4953125 0.3921875000000001 0.4953125 0.3921875000000001 0.525 0.4046875 0.525
2 0.32500000000000007 0.4234375 0.2984375000000001 0.4234375 0.2984375000000001 0.521875 0.32500000000000007 0.521875
2 0.04218750000000003 0.1453125 0.021875000000000016 0.1453125 0.021875000000000023 0.2296875 0.04218750000000003 0.2296875