1 0.3265625000000001 0.4671875 0.19843750000000004 0.4671875 0.19843750000000004 0.4984375 0.3265625000000001 0.4984375
2 0.3671875 0.26093750000000004 0.2421875 0.2609375 0.2421875 0.2984375 0.3671875 0.2984375000000001
2 0.3703125 0.12656250000000005 0.2515625 0.12656250000000005 0.2515625 0.17031250000000003 0.3703125 0.17031250000000003
3 0.6171875 0.14843750000000006 0.4984375 0.14843750000000006 0.4984375 0.18906250000000008 0.6171875 0.18906250000000008
2 0.4625 0.0015625000000000487 0.328125 0.0015625000000000402 0.328125 0.02343750000000005 0.4625 0.023437500000000056
2 0.571875 0.65 0.446875 0.65 0.446875 0.684375 0.571875 0.684375
2 0.5750000000000002 0.740625 0.46875000000000017 0.740625 0.46875000000000017 0.765625 0.5750000000000002 0.765625
2 0.6656250000000001 0.75 0.5265625000000002 0.75 0.5265625000000002 0.784375 0.6656250000000001 0.784375
0 0.5609375 0.59375 0.5328125 0.59375 0.5328125 0.60625 0.5609375 0.60625
2 0.596875 0.559375 0.46875 0.559375 0.46875 0.5875 0.596875 0.5875
2 0.715625 0.5671875 0.5875 0.5671875 0.5875 0.6046875 0.715625 0.6046875
2 0.634375 0.5328125 0.509375 0.5328125 0.509375 0.5640625 0.634375 0.5640625
2 0.5203125 0.4796875 0.37968750000000007 0.4796875 0.37968750000000007 0.5265625 0.5203125 0.5265625
2 0.6234375 0.4265625 0.475 0.4265625 0.475 0.4609375 0.6234375 0.4609375
2 0.7984375 0.3359375000000001 0.6546875 0.3359375000000001 0.6546875 0.3703125000000001 0.7984375 0.3703125000000001
2 0.7375 0.3078125000000001 0.6125 0.3078125000000001 0.6125 0.3453125000000001 0.7375 0.3453125000000001
2 0.9328125 0.4500000000000002 0.7609375 0.4500000000000002 0.7609375 0.4812500000000002 0.9328125 0.4812500000000002