1 0.7453125 0.2468750000000001 0.7140625 0.2468750000000001 0.7140625 0.3625000000000001 0.7453125 0.3625000000000001
2 0.060937500000000054 0.378125 0.012500000000000044 0.378125 0.012500000000000056 0.5296875 0.06093750000000007 0.5296875
2 0.3234375000000001 0.6046875 0.2640625000000001 0.6046875 0.2640625000000001 0.7453125 0.3234375000000001 0.7453125
2 0.13125000000000003 0.215625 0.09531250000000002 0.215625 0.09531250000000004 0.340625 0.13125000000000003 0.340625
2 0.284375 0.228125 0.2546875 0.228125 0.2546875 0.34375 0.284375 0.34375
2 0.465625 0.3218750000000001 0.4234375 0.3218750000000001 0.4234375 0.475 0.465625 0.475
2 0.425 0.2812500000000001 0.3875 0.2812500000000001 0.38750000000000007 0.40625 0.425 0.40625
2 0.421875 0.3734375000000001 0.37187500000000007 0.3734375000000001 0.37187500000000007 0.5125 0.421875 0.5125
2 0.18906250000000005 0.2796875 0.15156250000000004 0.2796875 0.15156250000000004 0.41875 0.18906250000000005 0.41875
2 0.21093750000000008 0.3984375 0.15156250000000004 0.3984375 0.15156250000000004 0.49375 0.21093750000000008 0.49375
0 0.5953125 0.2875000000000001 0.5765625 0.2875000000000001 0.5765625 0.3265625000000001 0.5953125 0.3265625000000001