2 0.2078125000000001 0.4296875 0.17968750000000006 0.4296875 0.17968750000000006 0.5171875 0.2078125000000001 0.5171875
2 0.19843750000000004 0.384375 0.16875000000000004 0.384375 0.16875000000000004 0.4609375 0.19843750000000004 0.4609375
2 0.2531250000000001 0.38125 0.2156250000000001 0.38125 0.2156250000000001 0.48125 0.2531250000000001 0.48125
2 0.32343750000000004 0.3625 0.3046875 0.3625 0.30468750000000006 0.459375 0.3234375000000001 0.459375
2 0.3468750000000001 0.5 0.3140625000000001 0.5 0.3140625000000001 0.60625 0.3468750000000001 0.60625
2 0.4109375 0.40625 0.3859375000000001 0.40625 0.3859375000000001 0.5 0.4109375 0.5
2 0.4796875 0.428125 0.453125 0.428125 0.453125 0.540625 0.4796875 0.540625
2 0.4875 0.50625 0.46875 0.50625 0.46875 0.6140625 0.4875 0.6140625
2 0.5171875 0.496875 0.484375 0.496875 0.484375 0.5875 0.5171875 0.5875
2 0.5 0.4375 0.475 0.4375 0.475 0.534375 0.5 0.534375
0 0.4828125 0.409375 0.471875 0.409375 0.471875 0.4453125 0.4828125 0.4453125
1 0.70625 0.4203125 0.671875 0.4203125 0.671875 0.4984375 0.70625 0.4984375