2 0.7125 0.11093750000000009 0.596875 0.11093750000000009 0.596875 0.13281250000000008 0.7125 0.13281250000000008
2 0.6375 0.02343750000000007 0.509375 0.023437500000000062 0.509375 0.045312500000000075 0.6375 0.045312500000000075
2 0.6578125 0.2531250000000001 0.5234375 0.2531250000000001 0.5234375 0.2812500000000001 0.6578125 0.2812500000000001
2 0.63125 0.3390625000000001 0.50625 0.3390625000000001 0.50625 0.3703125000000001 0.63125 0.3703125000000001
2 0.75 0.3375000000000001 0.653125 0.3375000000000001 0.653125 0.3656250000000001 0.75 0.3656250000000001
2 0.7578125 0.3828125000000001 0.6421875 0.3828125000000001 0.6421875 0.4078125000000001 0.7578125 0.4078125000000002
2 0.4171875 0.17656250000000004 0.25625 0.17656250000000004 0.25625 0.21406250000000004 0.4171875 0.2140625000000001
2 0.6859375 0.5125 0.5671875 0.5125 0.5671875 0.540625 0.6859375 0.540625
2 0.8 0.5359375000000001 0.7015625 0.5359375 0.7015625 0.5578125 0.8 0.5578125000000002
2 0.809375 0.5484375000000001 0.7078125 0.5484375 0.7078125 0.5828125000000001 0.809375 0.5828125000000002
2 0.7609375 0.7109375000000001 0.6421875 0.7109375 0.6421875000000001 0.7421875000000001 0.7609375000000002 0.7421875000000002
2 0.7031250000000002 0.778125 0.5968750000000002 0.778125 0.5968750000000002 0.80625 0.7031250000000002 0.80625
2 0.6375000000000002 0.8421875 0.4984375000000002 0.8421875 0.4984375000000002 0.8671875 0.6375000000000002 0.8671875
2 0.4937500000000002 0.8203125 0.3593750000000001 0.8203125 0.3593750000000001 0.8609375 0.4937500000000002 0.8609375
2 0.4312500000000002 0.9078125 0.2656250000000001 0.9078125 0.2656250000000001 0.94375 0.4312500000000002 0.94375