1 0.5498046875 0.5263671875 0.02734375 0.009765625
6 0.4755859375 0.6337890625 0.09375 0.0390625
6 0.5322265625 0.8359375 0.125 0.0234375
6 0.46875 0.837890625 0.0546875 0.021484375
6 0.46484375 0.3837890625 0.087890625 0.03125
6 0.482421875 0.2880859375 0.109375 0.02734375
5 0.4931640625 0.236328125 0.1015625 0.0234375
6 0.5771484375 0.0615234375 0.1484375 0.03125
6 0.517578125 0.4775390625 0.087890625 0.0234375
6 0.4541015625 0.4638671875 0.0703125 0.017578125
6 0.4453125 0.396484375 0.07421875 0.017578125
7 0.603515625 0.76171875 0.12890625 0.05078125
7 0.431640625 0.576171875 0.078125 0.017578125
7 0.4921875 0.4951171875 0.0859375 0.01953125
7 0.515625 0.431640625 0.140625 0.033203125
7 0.490234375 0.15234375 0.103515625 0.037109375