5 0.1279296875 0.6328125 0.0205078125 0.115234375
6 0.1611328125 0.5986328125 0.0478515625 0.068359375
6 0.2294921875 0.6552734375 0.033203125 0.11328125
6 0.6181640625 0.59765625 0.0263671875 0.1259765625
7 0.2685546875 0.6435546875 0.0322265625 0.1201171875
7 0.291015625 0.595703125 0.033203125 0.1064453125
7 0.306640625 0.5703125 0.02734375 0.1025390625
7 0.3564453125 0.6171875 0.037109375 0.1064453125
7 0.3896484375 0.58984375 0.0419921875 0.072265625
7 0.5517578125 0.6005859375 0.0244140625 0.0859375
7 0.654296875 0.603515625 0.029296875 0.091796875
4 0.5810546875 0.5810546875 0.02734375 0.1025390625