1 0.40234375 0.7490234375 0.0322265625 0.06640625
6 0.2802734375 0.49609375 0.04296875 0.1708984375
6 0.427734375 0.4697265625 0.0380859375 0.1748046875
6 0.533203125 0.36328125 0.0205078125 0.1064453125
6 0.6142578125 0.3603515625 0.01953125 0.1044921875
6 0.7744140625 0.3359375 0.0244140625 0.1025390625
7 0.345703125 0.3662109375 0.025390625 0.11328125
7 0.697265625 0.36328125 0.025390625 0.115234375
7 0.8798828125 0.33984375 0.021484375 0.0810546875
7 0.7236328125 0.5029296875 0.041015625 0.134765625
7 0.4443359375 0.6376953125 0.044921875 0.1513671875
6 0.40234375 0.6396484375 0.0517578125 0.1513671875
3 0.509765625 0.33203125 0.025390625 0.095703125