5 0.623046875 0.8662109375 0.12109375 0.021484375
6 0.5859375 0.83203125 0.072265625 0.05078125
6 0.646484375 0.7587890625 0.12109375 0.03515625
6 0.5849609375 0.349609375 0.1328125 0.02734375
7 0.6337890625 0.7177734375 0.126953125 0.03515625
7 0.583984375 0.6943359375 0.11328125 0.03515625
7 0.556640625 0.677734375 0.109375 0.029296875
7 0.6064453125 0.625 0.11328125 0.0390625
7 0.5771484375 0.58984375 0.078125 0.04296875
7 0.5888671875 0.4189453125 0.08984375 0.025390625
7 0.591796875 0.3115234375 0.09765625 0.03125
4 0.568359375 0.3876953125 0.109375 0.029296875