1 0.54296875 0.625 0.05078125 0.015625
6 0.595703125 0.8955078125 0.224609375 0.03125
6 0.6767578125 0.5302734375 0.19140625 0.0390625
6 0.501953125 0.3759765625 0.173828125 0.04296875
6 0.54296875 0.6484375 0.16796875 0.044921875
6 0.5068359375 0.0107421875 0.17578125 0.01953125
7 0.5048828125 0.7373046875 0.1953125 0.04296875
7 0.6416015625 0.76171875 0.1796875 0.041015625
7 0.5478515625 0.583984375 0.18359375 0.0390625
7 0.7333984375 0.40625 0.1953125 0.048828125
7 0.4970703125 0.1630859375 0.142578125 0.046875
5 0.6123046875 0.271484375 0.197265625 0.046875