1 0.611328125 0.052734375 0.015625 0.044921875
5 0.8583984375 0.5654296875 0.05078125 0.203125
7 0.7578125 0.513671875 0.01953125 0.150390625
7 0.712890625 0.5419921875 0.03515625 0.1669921875
7 0.451171875 0.548828125 0.0244140625 0.1748046875
7 0.513671875 0.5791015625 0.0283203125 0.1748046875
6 0.41015625 0.5595703125 0.0361328125 0.203125
6 0.5419921875 0.56640625 0.0419921875 0.205078125
6 0.625 0.5322265625 0.021484375 0.1416015625
6 0.591796875 0.548828125 0.033203125 0.1865234375
4 0.36328125 0.5400390625 0.037109375 0.1806640625