7 0.3935546875 0.146484375 0.1640625 0.01953125
7 0.5458984375 0.18359375 0.080078125 0.01171875
7 0.5859375 0.1708984375 0.1171875 0.021484375
7 0.529296875 0.5048828125 0.13671875 0.02734375
7 0.470703125 0.58984375 0.13671875 0.037109375
7 0.3125 0.71875 0.15625 0.05078125
1 0.7001953125 0.5107421875 0.03515625 0.017578125
5 0.6669921875 0.22265625 0.080078125 0.0234375
6 0.419921875 0.1875 0.13671875 0.04296875
6 0.552734375 0.296875 0.13671875 0.03125
6 0.5400390625 0.4833984375 0.12109375 0.01953125
6 0.4443359375 0.5498046875 0.1640625 0.04296875
6 0.5166015625 0.626953125 0.162109375 0.046875
6 0.3759765625 0.6689453125 0.15234375 0.0390625
6 0.572265625 0.1279296875 0.1328125 0.01953125
5 0.4560546875 0.1220703125 0.125 0.015625