6 0.123046875 0.3916015625 0.0234375 0.125
6 0.431640625 0.5498046875 0.0234375 0.15234375
6 0.419921875 0.376953125 0.02734375 0.1328125
5 0.3994140625 0.439453125 0.0234375 0.080078125
7 0.267578125 0.5732421875 0.0390625 0.15625
7 0.337890625 0.48828125 0.03125 0.13671875
7 0.4697265625 0.4072265625 0.025390625 0.15234375
7 0.6416015625 0.7607421875 0.03125 0.189453125
7 0.396484375 0.525390625 0.03125 0.13671875
7 0.7275390625 0.4580078125 0.015625 0.140625
6 0.677734375 0.4345703125 0.0234375 0.1328125
6 0.6103515625 0.65625 0.02734375 0.1640625
6 0.693359375 0.568359375 0.025390625 0.171875
6 0.7392578125 0.4580078125 0.015625 0.140625
5 0.5283203125 0.248046875 0.037109375 0.09765625