6 0.1318359375 0.3828125 0.021484375 0.123046875
6 0.4326171875 0.5380859375 0.0234375 0.1484375
6 0.4208984375 0.369140625 0.025390625 0.12890625
5 0.4013671875 0.4296875 0.021484375 0.078125
7 0.2724609375 0.5595703125 0.0390625 0.15234375
7 0.341796875 0.4775390625 0.03125 0.1328125
7 0.4697265625 0.3984375 0.0234375 0.1484375
7 0.6376953125 0.7431640625 0.03125 0.18359375
7 0.3984375 0.513671875 0.029296875 0.1328125
7 0.7216796875 0.4482421875 0.015625 0.13671875
6 0.6728515625 0.4248046875 0.0234375 0.12890625
6 0.607421875 0.640625 0.02734375 0.16015625
6 0.6875 0.5556640625 0.0234375 0.16796875
6 0.732421875 0.4482421875 0.015625 0.13671875
5 0.5263671875 0.2431640625 0.03515625 0.09375