7 0.7685546875 0.19140625 0.376953125 0.046875
7 0.65625 0.3203125 0.203125 0.029296875
7 0.724609375 0.705078125 0.2890625 0.052734375
7 0.6904296875 0.45703125 0.220703125 0.0390625
7 0.740234375 0.5166015625 0.142578125 0.029296875
6 0.6865234375 0.64453125 0.255859375 0.03125
6 0.73828125 0.572265625 0.2734375 0.029296875
6 0.6669921875 0.619140625 0.25390625 0.04296875
6 0.658203125 0.53125 0.20703125 0.02734375
6 0.6689453125 0.4921875 0.2421875 0.0234375
6 0.68359375 0.2548828125 0.234375 0.04296875
6 0.794921875 0.1435546875 0.41015625 0.05078125
5 0.697265625 0.373046875 0.263671875 0.0625
5 0.5908203125 0.1494140625 0.142578125 0.0390625