1 0.8671875 0.6953125 0.01171875 0.048828125
5 0.1318359375 0.54296875 0.041015625 0.275390625
6 0.2578125 0.5126953125 0.05859375 0.2890625
6 0.720703125 0.5 0.037109375 0.1953125
6 0.9326171875 0.6328125 0.0859375 0.37109375
7 0.58984375 0.5439453125 0.0390625 0.23828125
7 0.5595703125 0.6572265625 0.140625 0.478515625
7 0.634765625 0.4921875 0.0546875 0.212890625
7 0.783203125 0.498046875 0.04296875 0.23828125
7 0.9287109375 0.4560546875 0.064453125 0.115234375
5 0.9697265625 0.4296875 0.03125 0.140625