1 0.943359375 0.6708984375 0.05078125 0.017578125
5 0.361328125 0.9501953125 0.23046875 0.05859375
7 0.419921875 0.8369140625 0.169921875 0.0234375
7 0.3876953125 0.7861328125 0.189453125 0.0390625
7 0.3798828125 0.4892578125 0.19921875 0.02734375
7 0.345703125 0.5595703125 0.19921875 0.03125
6 0.3671875 0.4423828125 0.23046875 0.041015625
6 0.359375 0.5927734375 0.234375 0.046875
6 0.3994140625 0.6865234375 0.16015625 0.0234375
6 0.3798828125 0.6494140625 0.2109375 0.037109375
4 0.3896484375 0.3896484375 0.205078125 0.04296875