5 0.2177734375 0.7138671875 0.11328125 0.0234375
5 0.4345703125 0.431640625 0.125 0.033203125
6 0.84765625 0.8427734375 0.2265625 0.060546875
6 0.3544921875 0.755859375 0.125 0.0390625
7 0.3642578125 0.79296875 0.14453125 0.03515625
7 0.546875 0.81640625 0.1953125 0.05078125
7 0.3212890625 0.6865234375 0.11328125 0.01953125
7 0.388671875 0.6953125 0.1328125 0.025390625
7 0.3876953125 0.552734375 0.15234375 0.0390625
7 0.3359375 0.4013671875 0.14453125 0.03125
7 0.3720703125 0.45703125 0.1171875 0.02734375
7 0.462890625 0.4580078125 0.13671875 0.0390625
7 0.703125 0.119140625 0.216796875 0.015625
6 0.3837890625 0.6572265625 0.138671875 0.029296875
6 0.390625 0.5263671875 0.125 0.0234375
6 0.4765625 0.283203125 0.17578125 0.033203125
6 0.3427734375 0.2265625 0.130859375 0.041015625
6 0.318359375 0.1796875 0.13671875 0.03515625
6 0.6572265625 0.142578125 0.19140625 0.0390625