5 0.1181640625 0.384765625 0.04296875 0.201171875
7 0.1435546875 0.244140625 0.01953125 0.21484375
7 0.1572265625 0.5205078125 0.048828125 0.203125
7 0.44921875 0.31640625 0.037109375 0.19921875
7 0.59375 0.3544921875 0.029296875 0.171875
7 0.6220703125 0.40234375 0.04296875 0.19140625
6 0.220703125 0.2587890625 0.03515625 0.171875
6 0.36328125 0.4541015625 0.025390625 0.171875
6 0.564453125 0.341796875 0.0390625 0.203125
6 0.7333984375 0.349609375 0.046875 0.1953125
6 0.87109375 0.3671875 0.056640625 0.19140625
6 0.9130859375 0.5283203125 0.05078125 0.234375