5 0.2080078125 0.2119140625 0.22265625 0.029296875
6 0.4755859375 0.107421875 0.1953125 0.03125
6 0.5751953125 0.2353515625 0.1484375 0.033203125
6 0.46875 0.5107421875 0.15625 0.0234375
6 0.6904296875 0.3359375 0.125 0.03125
6 0.734375 0.5986328125 0.1015625 0.03125
6 0.662109375 0.779296875 0.15625 0.0390625
7 0.3974609375 0.4345703125 0.166015625 0.0390625
7 0.638671875 0.13671875 0.140625 0.029296875
7 0.7490234375 0.2353515625 0.126953125 0.02734375
7 0.6630859375 0.3994140625 0.099609375 0.03515625
7 0.794921875 0.494140625 0.1015625 0.02734375
7 0.5830078125 0.5 0.1015625 0.0390625
7 0.6484375 0.6337890625 0.13671875 0.03515625
1 0.51171875 0.7041015625 0.044921875 0.01171875
7 0.5244140625 0.7265625 0.13671875 0.029296875
6 0.59375 0.603515625 0.125 0.033203125
6 0.48828125 0.36328125 0.07421875 0.0234375