5 0.619140625 0.046875 0.078125 0.017578125
5 0.64453125 0.40625 0.12109375 0.025390625
5 0.666015625 0.970703125 0.12109375 0.03125
5 0.578125 0.9814453125 0.08984375 0.017578125
5 0.578125 0.5146484375 0.080078125 0.021484375
6 0.599609375 0.1181640625 0.078125 0.03515625
6 0.583984375 0.29296875 0.07421875 0.015625
6 0.5810546875 0.197265625 0.0859375 0.013671875
6 0.5654296875 0.3564453125 0.08203125 0.015625
6 0.5771484375 0.5322265625 0.099609375 0.0234375
6 0.5654296875 0.3876953125 0.05859375 0.015625
4 0.5849609375 0.375 0.07421875 0.013671875
6 0.587890625 0.2548828125 0.0703125 0.013671875
5 0.583984375 0.2451171875 0.07421875 0.01171875
6 0.591796875 0.17578125 0.0859375 0.0078125
5 0.5947265625 0.1845703125 0.078125 0.0078125