6 0.060546875 0.537109375 0.0458984375 0.3310546875
6 0.1162109375 0.5546875 0.0693359375 0.3828125
4 0.29296875 0.5595703125 0.060546875 0.3291015625
4 0.232421875 0.33203125 0.0478515625 0.2626953125
0 0.251953125 0.515625 0.0224609375 0.0830078125
5 0.3837890625 0.490234375 0.0556640625 0.2880859375
1 0.4560546875 0.4833984375 0.0849609375 0.3291015625
1 0.81640625 0.4765625 0.0927734375 0.3203125
5 0.708984375 0.708984375 0.111328125 0.3544921875
5 0.806640625 0.759765625 0.087890625 0.2587890625
1 0.6337890625 0.3447265625 0.263671875 0.1982421875
1 0.1064453125 0.3203125 0.046875 0.111328125
1 0.3271484375 0.3095703125 0.09765625 0.1240234375
6 0.9541015625 0.3564453125 0.046875 0.2607421875
1 0.90234375 0.359375 0.05078125 0.2734375