0 0.466796875 0.556640625 0.009765625 0.02734375
5 0.3623046875 0.4853515625 0.037109375 0.08984375
5 0.166015625 0.5390625 0.0244140625 0.1220703125
5 0.1640625 0.4775390625 0.0205078125 0.0537109375
5 0.60546875 0.474609375 0.0302734375 0.0859375
5 0.6982421875 0.4912109375 0.0263671875 0.1064453125
4 0.7490234375 0.501953125 0.021484375 0.0986328125
5 0.91796875 0.5830078125 0.03125 0.1455078125
5 0.5146484375 0.525390625 0.021484375 0.0859375
5 0.52734375 0.4638671875 0.0166015625 0.068359375
5 0.5927734375 0.455078125 0.0166015625 0.072265625
6 0.23828125 0.609375 0.0478515625 0.1240234375
6 0.41796875 0.4423828125 0.0166015625 0.0771484375
6 0.4970703125 0.5009765625 0.017578125 0.0830078125
6 0.55859375 0.5234375 0.0322265625 0.13671875
6 0.830078125 0.4990234375 0.0361328125 0.1005859375
6 0.9853515625 0.4765625 0.01953125 0.072265625