4 0.078125 0.529296875 0.029296875 0.1728515625
5 0.236328125 0.5498046875 0.04296875 0.185546875
5 0.38671875 0.4794921875 0.025390625 0.134765625
0 0.4150390625 0.4169921875 0.013671875 0.0341796875
5 0.4091796875 0.4130859375 0.037109375 0.095703125
5 0.9892578125 0.5830078125 0.021484375 0.201171875
6 0.30859375 0.5595703125 0.029296875 0.154296875
6 0.3037109375 0.4423828125 0.0380859375 0.13671875
6 0.7041015625 0.443359375 0.041015625 0.1220703125
6 0.787109375 0.478515625 0.0322265625 0.1708984375
6 0.943359375 0.5615234375 0.0517578125 0.201171875