0 0.435546875 0.6650390625 0.01171875 0.03515625
5 0.5634765625 0.5771484375 0.046875 0.109375
5 0.8046875 0.6435546875 0.029296875 0.1484375
5 0.806640625 0.5673828125 0.025390625 0.06640625
5 0.265625 0.5634765625 0.037109375 0.10546875
5 0.1513671875 0.5849609375 0.03125 0.130859375
4 0.08984375 0.59765625 0.02734375 0.12109375
5 0.376953125 0.626953125 0.02734375 0.10546875
5 0.3603515625 0.55078125 0.01953125 0.083984375
5 0.28125 0.5400390625 0.01953125 0.08984375
6 0.7158203125 0.728515625 0.05859375 0.15234375
6 0.4951171875 0.5244140625 0.01953125 0.09375
6 0.3984375 0.5966796875 0.0234375 0.1015625
6 0.3232421875 0.6240234375 0.0390625 0.16796875
6 0.005859375 0.591796875 0.01171875 0.12109375