0 0.5341796875 0.634765625 0.04296875 0.01171875
5 0.580078125 0.869140625 0.1953125 0.02734375
5 0.650390625 0.552734375 0.1640625 0.033203125
5 0.498046875 0.41796875 0.150390625 0.037109375
5 0.5341796875 0.6552734375 0.14453125 0.0390625
5 0.5029296875 0.091796875 0.15234375 0.037109375
6 0.501953125 0.732421875 0.16796875 0.037109375
6 0.619140625 0.7529296875 0.15625 0.03515625
6 0.5380859375 0.599609375 0.16015625 0.03515625
6 0.69921875 0.4453125 0.16796875 0.04296875
6 0.494140625 0.234375 0.125 0.041015625
4 0.5947265625 0.328125 0.171875 0.0390625