4 0.3212890625 0.4609375 0.20703125 0.0234375
5 0.8486328125 0.0185546875 0.271484375 0.037109375
5 0.2109375 0.173828125 0.12890625 0.015625
5 0.5712890625 0.1337890625 0.21875 0.046875
5 0.494140625 0.396484375 0.18359375 0.03125
5 0.2373046875 0.57421875 0.171875 0.029296875
5 0.4208984375 0.892578125 0.21875 0.0390625
5 0.349609375 0.0078125 0.158203125 0.015625
6 0.2236328125 0.138671875 0.146484375 0.021484375
6 0.4716796875 0.154296875 0.20703125 0.03125
0 0.6787109375 0.224609375 0.048828125 0.017578125
6 0.34375 0.322265625 0.154296875 0.0390625
6 0.654296875 0.2119140625 0.2109375 0.03515625
6 0.5185546875 0.46875 0.1953125 0.0703125
6 0.25390625 0.7890625 0.18359375 0.037109375