0 0.8701171875 0.4365234375 0.0107421875 0.021484375
3 0.736328125 0.431640625 0.0419921875 0.07421875
5 0.7060546875 0.4638671875 0.0263671875 0.1328125
6 0.671875 0.38671875 0.02734375 0.1083984375
5 0.607421875 0.380859375 0.0498046875 0.1240234375
5 0.4287109375 0.4384765625 0.03125 0.1171875
5 0.3251953125 0.32421875 0.0244140625 0.1015625
5 0.02734375 0.359375 0.03515625 0.119140625
6 0.158203125 0.4140625 0.03125 0.1630859375
6 0.2822265625 0.5419921875 0.0380859375 0.1630859375
6 0.4072265625 0.3525390625 0.0380859375 0.1416015625