0 0.3662109375 0.6357421875 0.03125 0.0234375
5 0.3583984375 0.6630859375 0.134765625 0.048828125
5 0.3056640625 0.6259765625 0.125 0.03125
5 0.36328125 0.2568359375 0.14453125 0.03125
5 0.388671875 0.2138671875 0.16015625 0.0546875
5 0.4365234375 0.0693359375 0.1640625 0.046875
5 0.2314453125 0.2255859375 0.09765625 0.029296875
6 0.302734375 0.0087890625 0.125 0.017578125
6 0.400390625 0.32421875 0.14453125 0.04296875
6 0.4638671875 0.5146484375 0.1640625 0.03125
6 0.4326171875 0.7294921875 0.14453125 0.03515625
6 0.3232421875 0.482421875 0.1171875 0.0390625
6 0.3125 0.525390625 0.11328125 0.041015625
6 0.2802734375 0.28125 0.115234375 0.0234375
6 0.2353515625 0.2548828125 0.10546875 0.01953125
4 0.3544921875 0.7509765625 0.08203125 0.0390625
5 0.3515625 0.7275390625 0.0546875 0.0234375
4 0.3779296875 0.10546875 0.14453125 0.029296875
1 0.939453125 0.05078125 0.12109375 0.0625