0 0.248046875 0.3125 0.0146484375 0.02734375
5 0.162109375 0.3232421875 0.0634765625 0.1083984375
5 0.5732421875 0.2958984375 0.0361328125 0.125
5 0.9638671875 0.38671875 0.068359375 0.150390625
6 0.3212890625 0.376953125 0.0361328125 0.1357421875
6 0.6640625 0.283203125 0.05078125 0.125
6 0.349609375 0.283203125 0.0322265625 0.0830078125
5 0.3740234375 0.3759765625 0.0625 0.1416015625
3 0.4521484375 0.33203125 0.0537109375 0.0869140625
4 0.8544921875 0.1494140625 0.03125 0.095703125
1 0.9638671875 0.9091796875 0.072265625 0.177734375