0 0.208984375 0.3056640625 0.0224609375 0.0498046875
6 0.1142578125 0.646484375 0.0576171875 0.1904296875
6 0.294921875 0.443359375 0.033203125 0.1298828125
5 0.2080078125 0.43359375 0.08203125 0.123046875
5 0.3681640625 0.837890625 0.0673828125 0.21875
6 0.4638671875 0.5615234375 0.05078125 0.16015625
6 0.4072265625 0.412109375 0.033203125 0.140625
6 0.4775390625 0.3623046875 0.0302734375 0.119140625
6 0.513671875 0.41015625 0.0263671875 0.12109375
5 0.5419921875 0.41015625 0.017578125 0.1171875
5 0.73828125 0.646484375 0.07421875 0.20703125
5 0.923828125 0.556640625 0.0517578125 0.18359375
6 0.6533203125 0.5166015625 0.0556640625 0.1689453125
4 0.6962890625 0.4580078125 0.0380859375 0.138671875
6 0.56640625 0.3115234375 0.029296875 0.1123046875
5 0.59375 0.3037109375 0.033203125 0.1015625