0 0.87109375 0.87109375 0.01953125 0.04296875
6 0.8125 0.830078125 0.0673828125 0.232421875
5 0.8203125 0.6552734375 0.0712890625 0.173828125
5 0.404296875 0.5283203125 0.0712890625 0.1494140625
2 0.7138671875 0.4169921875 0.0751953125 0.177734375
5 0.23046875 0.4970703125 0.033203125 0.15625
5 0.3154296875 0.5625 0.0361328125 0.15625
5 0.3369140625 0.533203125 0.033203125 0.13671875
5 0.1171875 0.55859375 0.03515625 0.154296875
6 0.0859375 0.5703125 0.0732421875 0.1884765625
6 0.302734375 0.4833984375 0.025390625 0.115234375
6 0.16796875 0.5078125 0.03125 0.1298828125