0 0.6064453125 0.7119140625 0.046875 0.02734375
6 0.3271484375 0.240234375 0.2265625 0.0546875
6 0.4052734375 0.8603515625 0.171875 0.056640625
6 0.318359375 0.541015625 0.22265625 0.05078125
6 0.4501953125 0.7490234375 0.1484375 0.076171875
3 0.431640625 0.642578125 0.046875 0.078125
6 0.4775390625 0.6103515625 0.109375 0.05859375
5 0.4970703125 0.6572265625 0.125 0.03515625
5 0.4111328125 0.982421875 0.16796875 0.03515625
5 0.1171875 0.5537109375 0.234375 0.0625
5 0.5341796875 0.4765625 0.1328125 0.0546875
5 0.537109375 0.197265625 0.16796875 0.06640625