0 0.4052734375 0.4521484375 0.0234375 0.0078125
3 0.388671875 0.275390625 0.10546875 0.05078125
5 0.37109375 0.4638671875 0.130859375 0.0390625
5 0.34765625 0.5302734375 0.13671875 0.03515625
5 0.46875 0.3896484375 0.1640625 0.03125
5 0.4208984375 0.71484375 0.1328125 0.0390625
5 0.2734375 0.7587890625 0.0859375 0.029296875
6 0.392578125 0.9287109375 0.169921875 0.04296875
6 0.5302734375 0.859375 0.169921875 0.046875
6 0.2763671875 0.7001953125 0.10546875 0.03125
6 0.3974609375 0.423828125 0.119140625 0.04296875
6 0.32421875 0.736328125 0.14453125 0.02734375