0 0.4404296875 0.4326171875 0.0078125 0.0234375
3 0.263671875 0.4150390625 0.05078125 0.10546875
5 0.451171875 0.3974609375 0.0390625 0.12890625
5 0.517578125 0.3740234375 0.03515625 0.134765625
5 0.3779296875 0.4951171875 0.03125 0.162109375
5 0.701171875 0.447265625 0.0390625 0.1328125
5 0.7451171875 0.30078125 0.029296875 0.0859375
6 0.9140625 0.419921875 0.04296875 0.16796875
6 0.845703125 0.556640625 0.046875 0.16796875
6 0.6865234375 0.3037109375 0.03125 0.10546875
6 0.412109375 0.423828125 0.04296875 0.1171875
6 0.72265625 0.3515625 0.02734375 0.14453125