0 0.67578125 0.2265625 0.04296875 0.01171875
4 0.54296875 0.8671875 0.240234375 0.03515625
5 0.517578125 0.7578125 0.25 0.05078125
5 0.505859375 0.3544921875 0.171875 0.03125
5 0.62109375 0.169921875 0.32421875 0.07421875
6 0.5439453125 0.46875 0.208984375 0.033203125
6 0.642578125 0.494140625 0.41796875 0.123046875
6 0.4990234375 0.4296875 0.185546875 0.048828125
6 0.50390625 0.2998046875 0.208984375 0.037109375
6 0.466796875 0.173828125 0.099609375 0.0546875
4 0.4443359375 0.1376953125 0.123046875 0.02734375