0 0.3603515625 0.6875 0.02734375 0.017578125
6 0.3388671875 0.7392578125 0.1796875 0.0390625
6 0.4052734375 0.392578125 0.16015625 0.052734375
6 0.2841796875 0.431640625 0.13671875 0.037109375
6 0.33984375 0.2080078125 0.1484375 0.03515625
6 0.271484375 0.2314453125 0.130859375 0.0234375
6 0.21875 0.0703125 0.111328125 0.03125
6 0.166015625 0.009765625 0.11328125 0.01953125
5 0.345703125 0.0458984375 0.166015625 0.046875
5 0.37890625 0.0927734375 0.1484375 0.060546875
5 0.3271484375 0.55859375 0.142578125 0.046875
5 0.384765625 0.6240234375 0.1484375 0.046875
5 0.2626953125 0.3984375 0.123046875 0.03515625
3 0.322265625 0.65234375 0.123046875 0.037109375