4 0.802734375 0.2529296875 0.2109375 0.02734375
5 0.55078125 0.154296875 0.18359375 0.02734375
5 0.45703125 0.2744140625 0.140625 0.03125
5 0.55859375 0.5341796875 0.1484375 0.0234375
5 0.349609375 0.369140625 0.1171875 0.029296875
5 0.30859375 0.6171875 0.09765625 0.029296875
5 0.3759765625 0.7861328125 0.1484375 0.037109375
6 0.625 0.4619140625 0.15625 0.037109375
6 0.3974609375 0.1826171875 0.1328125 0.02734375
6 0.2939453125 0.2744140625 0.119140625 0.02734375
6 0.375 0.4296875 0.09375 0.033203125
6 0.2509765625 0.5185546875 0.09765625 0.02734375
6 0.4501953125 0.5244140625 0.09765625 0.037109375
6 0.3896484375 0.650390625 0.12890625 0.03125
0 0.5166015625 0.7158203125 0.04296875 0.01171875
6 0.505859375 0.7373046875 0.12890625 0.02734375
5 0.4404296875 0.62109375 0.1171875 0.03125
5 0.5400390625 0.3955078125 0.0703125 0.0234375