0 0.4072265625 0.3203125 0.01953125 0.04296875
6 0.16796875 0.5693359375 0.0537109375 0.15234375
6 0.1396484375 0.4404296875 0.0478515625 0.14453125
6 0.2607421875 0.39453125 0.0595703125 0.123046875
6 0.498046875 0.4580078125 0.0546875 0.1123046875
3 0.8212890625 0.4111328125 0.0556640625 0.1337890625
5 0.587890625 0.509765625 0.0439453125 0.146484375
5 0.3271484375 0.4541015625 0.041015625 0.12890625
5 0.37890625 0.3671875 0.041015625 0.109375
5 0.494140625 0.390625 0.0517578125 0.109375
6 0.2939453125 0.314453125 0.0263671875 0.0947265625
5 0.2783203125 0.2998046875 0.021484375 0.087890625