4 0.7763671875 0.1171875 0.0283203125 0.0849609375
4 0.9248046875 0.3173828125 0.0419921875 0.13671875
3 0.2060546875 0.3330078125 0.076171875 0.072265625
5 0.0888671875 0.4228515625 0.0634765625 0.1767578125
5 0.0166015625 0.3349609375 0.0322265625 0.14453125
5 0.7607421875 0.3818359375 0.0654296875 0.1748046875
5 0.8583984375 0.2216796875 0.0517578125 0.119140625
5 0.44140625 0.291015625 0.03515625 0.134765625
5 0.3232421875 0.2822265625 0.04296875 0.134765625
0 0.068359375 0.337890625 0.0146484375 0.03125
6 0.0908203125 0.296875 0.017578125 0.11328125
6 0.2978515625 0.3193359375 0.0458984375 0.1376953125
6 0.4892578125 0.337890625 0.0419921875 0.15234375
6 0.5849609375 0.3984375 0.0458984375 0.171875
6 0.966796875 0.3291015625 0.0390625 0.15625
6 0.896484375 0.2626953125 0.021484375 0.138671875