0 0.205078125 0.4208984375 0.0126953125 0.0263671875
5 0.2451171875 0.462890625 0.0244140625 0.119140625
2 0.3369140625 0.3984375 0.0361328125 0.0888671875
5 0.412109375 0.3857421875 0.03125 0.083984375
5 0.63671875 0.556640625 0.03515625 0.134765625
5 0.6650390625 0.4013671875 0.025390625 0.1064453125
5 0.630859375 0.3876953125 0.03125 0.083984375
5 0.970703125 0.31640625 0.021484375 0.0888671875
5 0.4833984375 0.451171875 0.0361328125 0.1044921875
4 0.7734375 0.435546875 0.0283203125 0.1171875
4 0.65625 0.2998046875 0.0166015625 0.0556640625
6 0.53515625 0.36328125 0.021484375 0.0888671875
6 0.7412109375 0.5703125 0.041015625 0.1396484375
6 0.9833984375 0.41796875 0.03125 0.1083984375
6 0.3583984375 0.40234375 0.0146484375 0.0791015625
5 0.37109375 0.404296875 0.0244140625 0.0849609375
5 0.646484375 0.341796875 0.0166015625 0.064453125