0 0.375 0.6279296875 0.0234375 0.03515625
5 0.3447265625 0.63671875 0.0546875 0.1484375
5 0.3857421875 0.6943359375 0.03515625 0.13671875
5 0.7900390625 0.6318359375 0.03515625 0.15625
5 0.837890625 0.603515625 0.060546875 0.17578125
5 0.984375 0.55078125 0.03125 0.1796875
5 0.8251953125 0.775390625 0.03125 0.10546875
6 0.716796875 0.58984375 0.046875 0.15625
6 0.5078125 0.521484375 0.033203125 0.1796875
6 0.271484375 0.5556640625 0.0390625 0.16015625
6 0.54296875 0.6748046875 0.04296875 0.12890625
6 0.4951171875 0.6875 0.044921875 0.123046875
6 0.7626953125 0.72265625 0.02734375 0.125
6 0.79296875 0.7705078125 0.021484375 0.1171875
4 0.248046875 0.6416015625 0.04296875 0.08984375
5 0.2734375 0.6435546875 0.0234375 0.060546875
4 0.9560546875 0.6142578125 0.03125 0.15625