0 0.6630859375 0.5498046875 0.01171875 0.0390625
3 0.669921875 0.6220703125 0.05859375 0.0712890625
4 0.1162109375 0.5517578125 0.05078125 0.12890625
5 0.314453125 0.5126953125 0.05859375 0.12890625
5 0.5849609375 0.859375 0.048828125 0.20703125
5 0.900390625 0.640625 0.0380859375 0.1357421875
5 0.5185546875 0.53125 0.033203125 0.087890625
6 0.349609375 0.6796875 0.056640625 0.1572265625
6 0.060546875 0.4912109375 0.0439453125 0.103515625
6 0.5751953125 0.7080078125 0.056640625 0.1396484375
6 0.609375 0.580078125 0.0380859375 0.0986328125
5 0.6376953125 0.5517578125 0.021484375 0.0947265625
6 0.818359375 0.6298828125 0.0283203125 0.1142578125
6 0.7294921875 0.6123046875 0.0537109375 0.1162109375