0 0.6865234375 0.2451171875 0.02734375 0.015625
5 0.6767578125 0.1591796875 0.109375 0.0625
5 0.7041015625 0.5712890625 0.125 0.03515625
5 0.6123046875 0.96484375 0.15234375 0.068359375
6 0.6220703125 0.318359375 0.13671875 0.03515625
6 0.716796875 0.6630859375 0.125 0.05078125
6 0.716796875 0.3466796875 0.08203125 0.03125
5 0.623046875 0.3720703125 0.142578125 0.0625
3 0.66796875 0.4501953125 0.087890625 0.0546875
4 0.8515625 0.8544921875 0.095703125 0.03125
1 0.0888671875 0.9638671875 0.177734375 0.072265625