4 0.1240234375 0.4736328125 0.0244140625 0.2197265625
5 0.2470703125 0.634765625 0.0537109375 0.23046875
6 0.802734375 0.69140625 0.0458984375 0.216796875
6 0.5263671875 0.4599609375 0.046875 0.15234375
6 0.466796875 0.5068359375 0.041015625 0.15234375
5 0.7216796875 0.611328125 0.041015625 0.18359375
5 0.703125 0.4150390625 0.0390625 0.169921875
5 0.6689453125 0.46484375 0.0400390625 0.15234375
6 0.37890625 0.490234375 0.0244140625 0.15234375
5 0.400390625 0.509765625 0.037109375 0.15234375
0 0.49609375 0.154296875 0.0107421875 0.0361328125