4 0.958984375 0.5537109375 0.02734375 0.25
5 0.818359375 0.37109375 0.060546875 0.26171875
6 0.189453125 0.3056640625 0.05078125 0.24609375
6 0.501953125 0.5693359375 0.0546875 0.173828125
6 0.5703125 0.515625 0.046875 0.173828125
5 0.28125 0.3974609375 0.046875 0.20703125
5 0.3017578125 0.6201171875 0.04296875 0.19140625
5 0.341796875 0.5634765625 0.044921875 0.173828125
6 0.6689453125 0.53515625 0.02734375 0.173828125
5 0.64453125 0.5126953125 0.04296875 0.173828125
0 0.5361328125 0.916015625 0.01171875 0.041015625