0 0.740234375 0.69140625 0.021484375 0.0341796875
5 0.8505859375 0.701171875 0.048828125 0.1962890625
5 0.6787109375 0.6669921875 0.0517578125 0.201171875
5 0.9306640625 0.541015625 0.0439453125 0.1708984375
5 0.3369140625 0.837890625 0.0654296875 0.21875
5 0.3662109375 0.4228515625 0.037109375 0.1142578125
5 0.509765625 0.404296875 0.025390625 0.1083984375
5 0.5732421875 0.2919921875 0.01953125 0.099609375
6 0.115234375 0.6591796875 0.05859375 0.19921875
6 0.2998046875 0.4345703125 0.0390625 0.1298828125
6 0.333984375 0.40234375 0.0234375 0.125
6 0.4453125 0.55078125 0.02734375 0.1513671875
6 0.4560546875 0.359375 0.02734375 0.1103515625
6 0.4794921875 0.486328125 0.048828125 0.138671875
6 0.4814453125 0.3935546875 0.0205078125 0.1123046875
6 0.541015625 0.30078125 0.025390625 0.0947265625
5 0.478515625 0.328125 0.0146484375 0.064453125
4 0.666015625 0.4501953125 0.037109375 0.1357421875
1 0.595703125 0.921875 0.052734375 0.15625
1 0.0263671875 0.9345703125 0.052734375 0.130859375