5 0.76171875 0.5029296875 0.341796875 0.1015625
5 0.1123046875 0.4560546875 0.1796875 0.05859375
5 0.0830078125 0.2333984375 0.166015625 0.0390625
6 0.482421875 0.849609375 0.3125 0.091796875
6 0.130859375 0.560546875 0.203125 0.0625
6 0.0888671875 0.5087890625 0.177734375 0.0390625
6 0.3134765625 0.3330078125 0.23828125 0.04296875
6 0.0498046875 0.3173828125 0.099609375 0.04296875
6 0.2119140625 0.279296875 0.216796875 0.076171875
6 0.0771484375 0.2783203125 0.154296875 0.03125
4 0.1533203125 0.009765625 0.212890625 0.01953125
1 0.8857421875 0.099609375 0.228515625 0.08203125
1 0.9052734375 0.974609375 0.189453125 0.05078125