0 0.3818359375 0.3701171875 0.017578125 0.03515625
5 0.2548828125 0.4482421875 0.05859375 0.169921875
5 0.5361328125 0.3623046875 0.041015625 0.1416015625
5 0.92578125 0.5146484375 0.056640625 0.1669921875
5 0.896484375 0.38671875 0.0576171875 0.1435546875
5 0.6611328125 0.43359375 0.05078125 0.150390625
6 0.625 0.43359375 0.03125 0.1025390625
6 0.93359375 0.2607421875 0.0361328125 0.130859375
6 0.8447265625 0.3466796875 0.033203125 0.1240234375
6 0.8076171875 0.310546875 0.0361328125 0.130859375
3 0.4130859375 0.3466796875 0.04296875 0.119140625
5 0.671875 0.314453125 0.017578125 0.111328125
6 0.658203125 0.30078125 0.021484375 0.1240234375
6 0.3408203125 0.3564453125 0.041015625 0.1435546875