0 0.759765625 0.6708984375 0.0107421875 0.0419921875
4 0.134765625 0.5419921875 0.03515625 0.2333984375
5 0.2421875 0.5166015625 0.05078125 0.244140625
5 0.634765625 0.505859375 0.03125 0.1669921875
5 0.814453125 0.6181640625 0.072265625 0.3134765625
6 0.5244140625 0.54296875 0.033203125 0.203125
6 0.4990234375 0.638671875 0.1201171875 0.4052734375
6 0.5615234375 0.4990234375 0.046875 0.1806640625
6 0.6884765625 0.50390625 0.0361328125 0.203125
6 0.8115234375 0.4677734375 0.0546875 0.09765625
4 0.8466796875 0.4462890625 0.025390625 0.119140625